2 2
81
0 0
1 0
0 1
1 1
0.5 0
0.5 0.5
0 0.5
1 0.5
0.5 1
0.25 0
0.25 0.25
0 0.25
0.75 0
0.75 0.25
0.5 0.25
0.25 0.5
0.25 0.75
0 0.75
1 0.25
0.75 0.5
1 0.75
0.75 1
0.75 0.75
0.5 0.75
0.25 1
0.125 0
0.125 0.125
0 0.125
0.375 0
0.375 0.125
0.25 0.125
0.125 0.25
0.125 0.375
0 0.375
0.625 0
0.625 0.125
0.5 0.125
0.875 0
0.875 0.125
0.75 0.125
0.625 0.25
0.625 0.375
0.5 0.375
0.125 0.5
0.125 0.625
0 0.625
0.375 0.5
0.375 0.625
0.25 0.625
0.125 0.75
0.125 0.875
0 0.875
0.375 0.25
0.375 0.375
0.25 0.375
1 0.125
0.875 0.25
1 0.375
0.875 0.5
0.875 0.375
0.75 0.375
0.625 0.5
1 0.625
0.875 0.75
0.875 0.625
1 0.875
0.875 1
0.875 0.875
0.75 0.875
0.625 1
0.625 0.875
0.5 0.625
0.375 0.75
0.5 0.875
0.375 1
0.375 0.875
0.25 0.875
0.125 1
0.75 0.625
0.625 0.75
0.625 0.625
128
0 25 27
25 9 26
27 26 11
25 26 27
9 28 30
28 4 29
30 29 10
28 29 30
11 31 33
31 10 32
33 32 6
31 32 33
9 30 26
30 10 31
26 31 11
30 31 26
4 34 36
34 12 35
36 35 14
34 35 36
12 37 39
37 1 38
39 38 13
37 38 39
14 40 42
40 13 41
42 41 5
40 41 42
12 39 35
39 13 40
35 40 14
39 40 35
6 43 45
43 15 44
45 44 17
43 44 45
15 46 48
46 5 47
48 47 16
46 47 48
17 49 51
49 16 50
51 50 2
49 50 51
15 48 44
48 16 49
44 49 17
48 49 44
4 36 29
36 14 52
29 52 10
36 52 29
14 42 53
42 5 46
53 46 15
42 46 53
10 54 32
54 15 43
32 43 6
54 43 32
14 53 52
53 15 54
52 54 10
53 54 52
1 55 38
55 18 56
38 56 13
55 56 38
18 57 59
57 7 58
59 58 19
57 58 59
13 60 41
60 19 61
41 61 5
60 61 41
18 59 56
59 19 60
56 60 13
59 60 56
7 62 64
62 20 63
64 63 22
62 63 64
20 65 67
65 3 66
67 66 21
65 66 67
22 68 70
68 21 69
70 69 8
68 69 70
20 67 63
67 21 68
63 68 22
67 68 63
5 71 47
71 23 72
47 72 16
71 72 47
23 73 75
73 8 74
75 74 24
73 74 75
16 76 50
76 24 77
50 77 2
76 77 50
23 75 72
75 24 76
72 76 16
75 76 72
7 64 58
64 22 78
58 78 19
64 78 58
22 70 79
70 8 73
79 73 23
70 73 79
19 80 61
80 23 71
61 71 5
80 71 61
22 79 78
79 23 80
78 80 19
79 80 78
