2 2
153
0 0
1 0
0.5 0.866025
0.5 0
0.75 0.433013
0.25 0.433013
0.25 0
0.375 0.216506
0.125 0.216506
0.75 0
0.875 0.216506
0.625 0.216506
0.5 0.433013
0.625 0.649519
0.375 0.649519
0.125 0
0.1875 0.108253
0.0625 0.108253
0.375 0
0.4375 0.108253
0.3125 0.108253
0.25 0.216506
0.3125 0.324759
0.1875 0.324759
0.625 0
0.6875 0.108253
0.5625 0.108253
0.875 0
0.9375 0.108253
0.8125 0.108253
0.75 0.216506
0.8125 0.324759
0.6875 0.324759
0.375 0.433013
0.4375 0.541266
0.3125 0.541266
0.625 0.433013
0.6875 0.541266
0.5625 0.541266
0.5 0.649519
0.5625 0.757772
0.4375 0.757772
0.5 0.216506
0.5625 0.324759
0.4375 0.324759
0.0625 0
0.09375 0.0541265
0.03125 0.0541265
0.1875 0
0.21875 0.0541265
0.15625 0.0541265
0.125 0.108253
0.15625 0.16238
0.09375 0.16238
0.3125 0
0.34375 0.0541265
0.28125 0.0541265
0.4375 0
0.46875 0.0541265
0.40625 0.0541265
0.375 0.108253
0.40625 0.16238
0.34375 0.16238
0.1875 0.216506
0.21875 0.270632
0.15625 0.270632
0.3125 0.216506
0.34375 0.270632
0.28125 0.270632
0.25 0.324759
0.28125 0.378886
0.21875 0.378886
0.25 0.108253
0.28125 0.16238
0.21875 0.16238
0.5625 0
0.59375 0.0541265
0.53125 0.0541265
0.6875 0
0.71875 0.0541265
0.65625 0.0541265
0.625 0.108253
0.65625 0.16238
0.59375 0.16238
0.8125 0
0.84375 0.0541265
0.78125 0.0541265
0.9375 0
0.96875 0.0541265
0.90625 0.0541265
0.875 0.108253
0.90625 0.16238
0.84375 0.16238
0.6875 0.216506
0.71875 0.270632
0.65625 0.270632
0.8125 0.216506
0.84375 0.270632
0.78125 0.270632
0.75 0.324759
0.78125 0.378886
0.71875 0.378886
0.75 0.108253
0.78125 0.16238
0.71875 0.16238
0.3125 0.433013
0.34375 0.48714
0.28125 0.48714
0.4375 0.433013
0.46875 0.48714
0.40625 0.48714
0.375 0.541266
0.40625 0.595392
0.34375 0.595392
0.5625 0.433013
0.59375 0.48714
0.53125 0.48714
0.6875 0.433013
0.71875 0.48714
0.65625 0.48714
0.625 0.541266
0.65625 0.595392
0.59375 0.595392
0.4375 0.649519
0.46875 0.703645
0.40625 0.703645
0.5625 0.649519
0.59375 0.703645
0.53125 0.703645
0.5 0.757772
0.53125 0.811899
0.46875 0.811899
0.5 0.541266
0.53125 0.595392
0.46875 0.595392
0.5 0.108253
0.5625 0.216506
0.53125 0.16238
0.46875 0.16238
0.4375 0.216506
0.625 0.324759
0.59375 0.270632
0.65625 0.378886
0.59375 0.378886
0.53125 0.378886
0.40625 0.270632
0.375 0.324759
0.46875 0.378886
0.40625 0.378886
0.34375 0.378886
0.53125 0.270632
0.5 0.324759
0.46875 0.270632
256
0 45 47
45 15 46
47 46 17
45 46 47
15 48 50
48 6 49
50 49 16
48 49 50
17 51 53
51 16 52
53 52 8
51 52 53
15 50 46
50 16 51
46 51 17
50 51 46
6 54 56
54 18 55
56 55 20
54 55 56
18 57 59
57 3 58
59 58 19
57 58 59
20 60 62
60 19 61
62 61 7
60 61 62
18 59 55
59 19 60
55 60 20
59 60 55
8 63 65
63 21 64
65 64 23
63 64 65
21 66 68
66 7 67
68 67 22
66 67 68
23 69 71
69 22 70
71 70 5
69 70 71
21 68 64
68 22 69
64 69 23
68 69 64
6 56 49
56 20 72
49 72 16
56 72 49
20 62 73
62 7 66
73 66 21
62 66 73
16 74 52
74 21 63
52 63 8
74 63 52
20 73 72
73 21 74
72 74 16
73 74 72
3 75 77
75 24 76
77 76 26
75 76 77
24 78 80
78 9 79
80 79 25
78 79 80
26 81 83
81 25 82
83 82 11
81 82 83
24 80 76
80 25 81
76 81 26
80 81 76
9 84 86
84 27 85
86 85 29
84 85 86
27 87 89
87 1 88
89 88 28
87 88 89
29 90 92
90 28 91
92 91 10
90 91 92
27 89 85
89 28 90
85 90 29
89 90 85
11 93 95
93 30 94
95 94 32
93 94 95
30 96 98
96 10 97
98 97 31
96 97 98
32 99 101
99 31 100
101 100 4
99 100 101
30 98 94
98 31 99
94 99 32
98 99 94
9 86 79
86 29 102
79 102 25
86 102 79
29 92 103
92 10 96
103 96 30
92 96 103
25 104 82
104 30 93
82 93 11
104 93 82
29 103 102
103 30 104
102 104 25
103 104 102
5 105 107
105 33 106
107 106 35
105 106 107
33 108 110
108 12 109
110 109 34
108 109 110
35 111 113
111 34 112
113 112 14
111 112 113
33 110 106
110 34 111
106 111 35
110 111 106
12 114 116
114 36 115
116 115 38
114 115 116
36 117 119
117 4 118
119 118 37
117 118 119
38 120 122
120 37 121
122 121 13
120 121 122
36 119 115
119 37 120
115 120 38
119 120 115
14 123 125
123 39 124
125 124 41
123 124 125
39 126 128
126 13 127
128 127 40
126 127 128
41 129 131
129 40 130
131 130 2
129 130 131
39 128 124
128 40 129
124 129 41
128 129 124
12 116 109
116 38 132
109 132 34
116 132 109
38 122 133
122 13 126
133 126 39
122 126 133
34 134 112
134 39 123
112 123 14
134 123 112
38 133 132
133 39 134
132 134 34
133 134 132
3 77 58
77 26 135
58 135 19
77 135 58
26 83 137
83 11 136
137 136 42
83 136 137
19 138 61
138 42 139
61 139 7
138 139 61
26 137 135
137 42 138
135 138 19
137 138 135
11 95 141
95 32 140
141 140 43
95 140 141
32 101 142
101 4 117
142 117 36
101 117 142
43 143 144
143 36 114
144 114 12
143 114 144
32 142 140
142 36 143
140 143 43
142 143 140
7 145 67
145 44 146
67 146 22
145 146 67
44 147 148
147 12 108
148 108 33
147 108 148
22 149 70
149 33 105
70 105 5
149 105 70
44 148 146
148 33 149
146 149 22
148 149 146
11 141 136
141 43 150
136 150 42
141 150 136
43 144 151
144 12 147
151 147 44
144 147 151
42 152 139
152 44 145
139 145 7
152 145 139
43 151 150
151 44 152
150 152 42
151 152 150
