0.008083 0.00754356823741
0.00832 0.0213059001159
0.008364 0.0211482197052
0.008418 0.0663723363634
0.008262 0.060474380695
0.008342 0.0581055802418
0.008315 0.0375423194569
0.008242 0.0796405278264
0.008235 0.0195550485602
0.00807 0.0779733818155
0.008273 0.0701724998866
0.008285 0.0262882223118
0.008182 0.0288778992552
0.008308 0.0444947106267
0.008408 0.0852850985895
0.008393 0.0361084790158
0.008238 0.0188028416262
0.008161 0.0240623698788
0.008487 0.0213693520333
0.00835 0.0270094468441
0.008303 0.0397359503661
0.008382 0.0367936651962
0.008391 0.0226881166423
0.008183 0.028260952738
0.008219 0.0622022271921
0.008244 0.0310093931274
0.008336 0.0509366721127
0.008174 0.0336108362878
0.008369 0.0490063486979
0.008251 0.0327385514159
0.008266 0.0109898334906
0.008167 0.0836184968588
0.008317 0.0115640507901
0.008295 0.0256359475726
0.008171 0.0779658651872
0.008379 0.0925570103543
0.008294 0.0792828076581
0.008238 0.0712238122891
0.008086 0.0278025187304
0.008433 0.0407089095725
0.008279 0.0333817434173
0.008311 0.0387528853787
0.008259 0.0409751625674
0.00825 0.0615585225023
0.008327 0.0326268248931
0.00802 0.0833466501335
0.008221 0.0688470644462
0.008382 0.0706007178845
0.008205 0.0678709204116
0.008299 0.0533346460903
0.008449 0.0573404169747
0.008238 0.0254669204833
0.008113 0.0163661983296
0.008509 0.0239388215703
0.008358 0.0270055595823
0.008245 0.0556614265399
0.00816 0.0419718946115
0.008319 0.0762273329851
0.008277 0.118643988805
0.008351 0.0328767006343
0.008241 0.0300088180933
0.008149 0.0628936581684
0.008224 0.0259138922854
0.008202 0.0303787210882
0.008215 0.0655404208707
0.008076 0.0193223433681
0.008369 0.0485412709484
0.008372 0.0665677037599
0.008377 0.101708367685
0.008167 0.0144876179428
0.008352 0.0272100457996
0.008248 0.0411787896259
0.008286 0.044460455625
0.008279 0.0845632709332
0.008368 0.0250588574575
0.008307 0.0212986526294
0.008187 0.0269168180481
0.008362 0.0426518660044
0.008264 0.0360125893233
0.008247 0.100967422507
0.008383 0.0564181207848
0.008317 0.0192865419423
0.008502 0.0334443828878
0.008141 0.0594052838438
0.00845 0.0776381930392
0.00837 0.0687679972149
0.008269 0.0356302019459
0.00832 0.0339546072668
0.008238 0.0581429182617
0.008323 0.0744161521462
0.008185 0.0631225078464
0.008407 0.0168271224438
0.008384 0.0424428118641
0.008393 0.0217794344251
0.008303 0.114850112104
0.008552 0.039070987476
0.008194 0.0198537331503
0.008357 0.0219498391232
0.008359 0.0377822815754
0.008191 0.0363654640393
0.082742 0.0115217213247
0.081993 0.0176056001132
0.082649 0.0147100581767
0.08242 0.0221930233319
0.081685 0.0154928147136
0.082208 0.0154033773626
0.082678 0.00591980336467
0.082166 0.0200868543933
0.081814 0.00224307390863
0.082035 0.014755485203
0.081933 0.0232386827605
0.082654 0.00419799569584
0.082812 0.0155766799887
0.082236 0.00585069164079
0.08215 0.0280295542982
0.082613 0.0236019501448
0.081861 0.0241592959133
0.082492 0.0122917301335
0.08257 0.0151661477179
0.082589 0.00978030184738
0.082578 0.0175175264622
0.082295 0.0132346744398
0.082482 0.00885280577117
0.082328 0.00742800955361
0.082862 0.00573073709641
0.082514 0.0130688446211
0.082166 0.0126798218362
0.08234 0.0198336761102
0.082172 0.0134146088967
0.082389 0.0185788332353
0.082227 0.00977436384108
0.082477 0.0148346308938
0.082114 0.0112656069007
0.082367 0.0152814006383
0.082681 0.00556458012881
0.082652 0.0130654100028
0.082217 0.0166560822666
0.082838 0.0204158683781
0.081988 0.0114726088066
0.082107 0.0150864983414
0.082602 0.0191950645592
0.082296 0.0114557986374
0.082638 0.0215623820361
0.082424 0.018045512574
0.082847 0.0089859762751
0.082743 0.0048765831572
0.08251 0.00617740541726
0.082344 0.0158392622415
0.082484 0.0221611336945
0.082055 0.00477205125187
0.082894 0.0104688017452
0.082044 0.0062127828001
0.081475 0.0115444127145
0.082599 0.0369317587807
0.082188 0.0139405110648
0.082189 0.0162395109759
0.082156 0.0284118846679
0.082037 0.0201067406949
0.082271 0.00313998265419
0.082308 0.0232675370506
0.082245 0.0197302639806
0.082228 0.0170469392848
0.082199 0.0216235359159
0.082516 0.0215407332877
0.082864 0.00994719922921
0.082615 0.0250975482888
0.081752 0.0175653705438
0.081973 0.0273646604913
0.082309 0.0149290754961
0.082248 0.0157761032179
0.082282 0.0169071436862
0.082252 0.0225345114292
0.082313 0.00435547756566
0.082292 0.0142972190327
0.082155 0.00559774257783
0.081713 0.0212871322063
0.0824 0.0137154717149
0.082387 0.0193025835108
0.081916 0.0171158946698
0.082485 0.0107512873626
0.082758 0.0120374919307
0.082538 0.00519010084531
0.081656 0.00923950385556
0.082385 0.0103714981251
0.082544 0.01259094708
0.082504 0.0175096345293
0.082195 0.00829980447428
0.082807 0.0133736519177
0.082612 0.0165025903446
0.082365 0.0139749630331
0.082608 0.00753719037859
0.081896 0.0167379953287
0.082968 0.00400245528863
0.082383 0.0186553638525
0.0824 0.0131822274723
0.08287 0.0169633237383
0.082234 0.0086112322334
0.082505 0.0135055561826
0.082632 0.00715970040148
0.082266 0.010960051486
0.8242 0.00301458868444
0.824333 0.00854580600107
0.824531 0.00573302586599
0.821708 0.00554860930405
0.820797 0.00220348413366
0.822723 0.00668099457929
0.822952 0.00213395964581
0.822925 0.00611955560409
0.821864 0.00750552208222
0.824029 0.00177027126979
0.824241 0.00450493578256
0.823138 0.00281316335661
0.823804 0.00415870331655
0.82385 0.00237547502553
0.821928 0.00293743643715
0.821965 0.00411079317604
0.823676 0.00519039011717
0.822517 0.00506786475136
0.823046 0.00321073472603
0.820676 0.00607000619545
0.822464 0.000869291704856
0.821605 0.0039989410132
0.822513 0.00287278922467
0.822804 0.00530938813659
0.82383 0.00184214861917
0.8238 0.00350515524232
0.823332 0.00287916092632
0.822578 0.00267663447037
0.822732 0.00474040151748
0.824226 0.00581379791682
0.822305 0.00349078524847
0.821462 0.00483032597957
0.82353 0.00240665897645
0.822444 0.00519417259438
0.825127 0.00522639525864
0.822311 0.00337453637854
0.82371 0.00419489829637
0.823825 0.00298493782211
0.822633 0.0027666224046
0.821847 0.00635206409495
0.822498 0.00467112698864
0.82237 0.00419445196263
0.823583 0.00493054517778
0.822205 0.00244307324171
0.824205 0.00391119757568
0.821727 0.00483470534769
0.821694 0.00602260879638
0.822868 0.00237412052502
0.823985 0.00265215274996
0.824779 0.00815861306984
0.825197 0.00252103913432
0.822393 0.00389471870921
0.824303 0.00300711564987
0.822175 0.00340092404455
0.82251 0.00192083853164
0.822422 0.00703378365435
0.821645 0.00572745404002
0.822092 0.00145317946209
0.822992 0.0042666274355
0.821582 0.00236814998546
0.821528 0.00225480708945
0.823952 0.00219191072347
0.822003 0.00299780332834
0.822775 0.00476129688541
0.823061 0.00534344054218
0.823149 0.00504971695132
0.821638 0.0073436865977
0.822162 0.00602154734178
0.821485 0.0058808956495
0.823197 0.00175850844308
0.820442 0.00754512132051
0.820282 0.00290833052993
0.822023 0.00474123699184
0.822266 0.00459031966776
0.822775 0.00536316579236
0.821905 0.00337790517382
0.824185 0.00572980584671
0.821908 0.00996387222599
0.821839 0.0025578003664
0.823097 0.00291779805179
0.823038 0.0026618911322
0.821854 0.00120170240678
0.821361 0.00531152560095
0.822118 0.00629609752648
0.822643 0.00272914930262
0.822135 0.00437805028482
0.823921 0.00573629999987
0.823343 0.00953544411794
0.822879 0.00410054214261
0.822178 0.00189469280061
0.822418 0.00225321102989
0.823118 0.00208668313113
0.822767 0.00447412162354
0.822786 0.00625613002745
0.822806 0.00303897997202
0.822505 0.00236564096575
0.822927 0.0073215766277
0.823901 0.00542218491752
0.820943 0.00340440008424
0.821616 0.00442114029913
8.22456 0.00264875869573
8.22014 0.00106878282496
8.22129 0.00175947378254
8.22337 0.00279363593246
8.21759 0.00104331410868
8.22429 0.000832856441855
8.22924 0.0026789714311
8.22531 0.00172677497975
8.22875 0.00224539547514
8.22849 0.00147804180063
8.23442 0.00180771262196
8.22766 0.001404262543
8.21714 0.00101387808651
8.22397 0.00229663239039
8.22998 0.00169940005711
8.21862 0.00222836433777
8.22254 0.000910762217405
8.233 0.00117281315026
8.22698 0.00160376094155
8.22783 0.0023204611508
8.24421 0.00353830985766
8.27283 0.00119023353501
8.22812 0.0010512371176
8.22206 0.000921320223994
8.23547 0.00106356672844
8.28135 0.00280450773564
8.24493 0.00147554597092
8.23395 0.000471104906327
8.24095 0.000663445009229
8.23501 0.000875073469907
8.23209 0.0015544880308
8.222 0.000680320086399
8.21955 0.00212605164285
8.22093 0.000763555074661
8.23412 0.00119808130324
8.2352 0.0008814180157
8.23365 0.00158592465484
8.22547 0.000576899521907
8.24514 0.00147221566203
8.23189 0.00312464425993
8.23312 0.00101556918495
8.23214 0.00220641472142
8.22432 0.00261305940904
8.22857 0.00353620484928
8.22343 0.00216552093035
8.21961 0.000967554163772
8.22 0.000676678282893
8.23484 0.00213040079042
8.23256 0.00108659171203
8.2447 0.00194926734058
8.24475 0.000875819733374
8.22899 0.00198409200224
8.22681 0.00265310045967
8.22714 0.00156959908793
8.23261 0.00148983803132
8.24111 0.00225086493394
8.23916 0.000878743423399
8.23485 0.00240269424508
8.22362 0.00210994111292
8.23052 0.000810222622879
8.23587 0.00391907381716
8.233 0.00183001643817
8.22892 0.00142618192836
8.22083 0.00222160648759
8.21517 0.00263782728352
8.21879 0.00030946461822
8.22576 0.000458914280259
8.22132 0.00162686936218
8.21951 0.000757086163997
8.21951 0.00131102868637
8.21622 0.00168799726438
8.23027 0.00303071283536
8.21399 0.000706730145977
8.21429 0.00163469031454
8.21005 0.00195996497669
8.21666 0.00187108665008
8.21434 0.000256851797552
8.21057 0.00133480210419
8.213 0.000729591519912
8.21144 0.00088243856652
8.21497 0.00126223197979
8.21047 0.00125526839979
8.21477 0.00283317757289
8.21307 0.000911097860976
8.21322 0.00241770152105
8.21709 0.00122052571781
8.21099 0.000923525448611
8.21519 0.000656816983849
8.21129 0.000349976298834
8.21743 0.000243296043593
8.2201 0.00128379165519
8.22325 0.0016708973846
8.22867 0.00176765983607
8.22514 0.00155798926509
8.22964 0.00196786531903
8.23058 0.00131537972618
8.23422 0.00167484828488
8.23018 0.00127767593657
8.22763 0.000735617657845
8.22506 0.00362151983817
82.268 0.000624793796662
82.2839 0.000452051700359
82.2787 0.000452567733392
82.281 0.000509183166211
82.2556 0.000203734954371
82.2764 0.000319919848116
82.2621 0.000493362021273
82.2767 0.000439992755813
82.2746 0.000640928401469
82.302 0.000473165419746
82.2593 0.000633186486058
82.3001 0.000249105919874
82.2535 0.00078600788857
82.2658 0.000313416294829
82.2986 0.000677077683603
82.2695 0.000454854758521
82.2638 0.000498612948711
82.2098 0.000528294132216
82.1367 0.000290666505734
82.1718 0.000191014595292
82.2082 0.000723383272294
82.1684 0.000307485899505
82.1599 0.000668917592936
82.1217 0.000255237693179
82.1996 0.000279082385977
82.2958 0.000173386307338
82.246 0.000684632285113
82.2236 0.000361046829605
82.2726 0.000434600756801
82.1663 0.000245838651906
82.1482 0.000383728998721
82.2784 0.000353058572716
82.2914 0.000249288147804
82.2524 0.000289967876263
82.2289 0.000646458477685
82.2782 0.000444400133024
82.4097 0.000382829012147
82.2556 0.000448495961375
82.2803 0.000743525455429
82.2671 0.000609943515078
82.2781 0.000374259737045
82.2558 0.000205819224786
82.2874 0.000439635698022
82.288 0.000168206406523
82.2627 0.000439807181566
82.2793 0.000189345121214
82.2661 0.000662199431729
82.2716 0.000398606792976
82.2629 0.000333984022483
82.2547 0.000238774553927
82.2818 0.000216709419766
82.2782 0.000212762887863
82.2782 0.000236096841095
82.2763 0.000740328954863
82.2818 0.000236583713782
82.2513 0.000355974528164
82.2867 0.000857091716252
82.2969 0.000738136388388
82.2127 0.000262885066409
82.1597 0.000189042311507
82.1978 0.000351568301857
82.2793 0.000708888006433
82.2355 0.000228096784941
82.2128 0.000395246787578
82.1544 0.000389950661037
82.1361 0.000490103158495
82.1509 0.000293137162876
82.2747 0.000452103390833
82.2797 0.000288585639026
82.3131 0.000432629565449
82.2705 0.000496096791907
82.2862 0.000235772253682
82.3118 0.000509370926976
82.2666 0.00101160772816
82.2767 0.000149526759646
82.2784 0.000167279079168
82.272 8.90559551451e-05
82.2652 0.000264980601199
82.2689 0.000447052667351
82.3249 0.000521055152392
82.3538 0.000892103079335
82.2551 0.00035187292254
82.1669 0.000388106936097
82.1813 0.000382631775436
82.1834 0.000536769982298
82.2153 0.000282924837759
82.2695 0.00074727137909
82.2822 0.000246079538891
82.2578 0.000335311691432
82.2445 0.00052748840602
82.3006 0.000160016867567
82.2976 0.000395082816141
82.2627 0.000560015437253
82.2742 0.000132595587322
82.2831 0.000487553392685
82.2664 0.000143764287087
82.2856 0.0003428488741
82.2791 0.000485499492263
82.2639 0.00064545683372
82.2778 0.000311248731794
