0.162445 0.0063963903813
0.168747 0.0183658035468
0.16723 0.0181941757572
0.169476 0.0565070559711
0.168138 0.0542159044633
0.1672 0.0500292466097
0.169728 0.031494205594
0.165363 0.0685552210927
0.166585 0.0156796225601
0.162355 0.0708462335317
0.166979 0.0614033073851
0.167639 0.0202434287571
0.166104 0.0252858770323
0.168563 0.0346488820991
0.171852 0.0776902639883
0.168516 0.0300549059723
0.166695 0.0143390569033
0.164069 0.0216098936334
0.173107 0.0179997871348
0.168849 0.0228195001072
0.167428 0.0347673205504
0.167653 0.031507700713
0.167567 0.0176159905885
0.165673 0.0231912040822
0.165156 0.0532336135953
0.165729 0.0278447958918
0.16914 0.0420984313336
0.166205 0.0281309408589
0.169722 0.0428377289802
0.167123 0.0311378025713
0.166432 0.00766928845826
0.164409 0.0738364455266
0.168276 0.00824802518028
0.167618 0.0233415689282
0.1652 0.0683314527484
0.171014 0.0788917803403
0.167624 0.0698849206566
0.167332 0.0599338911188
0.162989 0.0232865945316
0.171191 0.0358658484476
0.16815 0.0272462622157
0.169484 0.0347232149678
0.165585 0.0323023040939
0.166873 0.0560150232427
0.168838 0.0260797545733
0.160771 0.069293198859
0.166494 0.0590127151579
0.169763 0.0630810339172
0.16712 0.0546565705762
0.167396 0.0467672041161
0.171207 0.0517403457946
0.167463 0.0222995118002
0.163657 0.0136468001791
0.174037 0.0212712153391
0.170314 0.0208804108511
0.166195 0.0477218445926
0.164257 0.0347476388317
0.16965 0.0641664840888
0.166842 0.105411999477
0.170322 0.0285378668658
0.166337 0.0244761911633
0.164877 0.0580604194159
0.165897 0.0198256133123
0.165226 0.0250200588036
0.165248 0.0581709728811
0.163948 0.0175453445902
0.169606 0.0420752339518
0.170013 0.0540503511087
0.169573 0.0921876833601
0.164614 0.0125133011903
0.169212 0.0228310587814
0.166122 0.033814850704
0.169566 0.040348575127
0.168713 0.0766288906945
0.170344 0.0220149082138
0.167621 0.0169929900848
0.165043 0.0237627348389
0.168661 0.0384540529888
0.167018 0.0308091629454
0.168139 0.0897183291979
0.169246 0.0526822402617
0.167378 0.0166158199087
0.172825 0.0314296289716
0.164172 0.0545933271933
0.171686 0.0708914174454
0.170188 0.0618922042396
0.168211 0.0304608521234
0.168474 0.0288983713143
0.166493 0.0511611491517
0.168648 0.0682032936197
0.163872 0.0535180669438
0.171301 0.0147451066155
0.169545 0.0370960846683
0.170477 0.0201053740731
0.167824 0.0971780920898
0.173821 0.0320731802577
0.165043 0.0166008232017
0.170138 0.0177082902416
0.16941 0.0318386630457
0.165452 0.031942774659
1.65306 0.0105825983979
1.64364 0.0156610152756
1.66328 0.0117923087002
1.65639 0.0188607317445
1.63328 0.0134820787961
1.65298 0.0125942260546
1.6547 0.00453682321567
1.64572 0.0172925538275
1.67646 0.00148702205436
1.64377 0.0127395722223
1.63913 0.0205107865856
1.65967 0.00389340166977
1.66315 0.0141367443554
1.64461 0.0049932535865
1.67783 0.0249908694502
1.65724 0.021137371525
1.64209 0.0209501709951
1.65609 0.00997164129756
1.65235 0.0133476235763
1.65559 0.00852840923051
1.65664 0.0152439334262
1.6491 0.0118125084221
1.65762 0.00696450366582
1.65636 0.00577716545376
1.66274 0.00453066798135
1.65074 0.0107349658448
1.64502 0.0112991029408
1.64881 0.0177961556136
1.651 0.0115954151625
1.65481 0.0150972652439
1.6552 0.00858352747292
1.65675 0.0132696396293
1.64644 0.00842499274358
1.64925 0.0125142016197
1.65645 0.00448663280628
1.65943 0.0118767938642
1.64812 0.0150598479226
1.66312 0.0180703493352
1.66969 0.0101234381054
1.64845 0.0115737425486
1.65754 0.0159110438454
1.68482 0.00948946805183
1.66214 0.0192963131915
1.65455 0.0146972524369
1.66043 0.00725256046
1.65968 0.00360940502354
1.65483 0.00449647270133
1.65177 0.0127343483342
1.65405 0.0199151681164
1.64175 0.00433223070887
1.6648 0.00797567966437
1.64886 0.00517245613084
1.6296 0.0104161749132
1.66135 0.0336828338707
1.64688 0.0127389654454
1.64107 0.0131785377662
1.66258 0.0259189223544
1.64092 0.0172391679188
1.64791 0.00249376474664
1.65359 0.0212589892729
1.64728 0.0182247731512
1.64778 0.0156955211544
1.64726 0.0195623429467
1.65768 0.0176700569326
1.66039 0.00837898881736
1.66558 0.0225925572528
1.63633 0.0155826612985
1.64389 0.02464892258
1.6525 0.0132558941502
1.64734 0.0135872862424
1.6523 0.0137900160109
1.64796 0.0200397342735
1.65461 0.00294092399299
1.64816 0.0124767985072
1.64606 0.00459579839201
1.63338 0.0179035115325
1.65675 0.01261198604
1.65307 0.0169207986392
1.64061 0.0144936370153
1.65556 0.009165198727
1.66351 0.0108900464254
1.65886 0.0048101050562
1.6365 0.00880445060297
1.65602 0.00880112891406
1.66847 0.0112284491692
1.66703 0.0149310640471
1.6615 0.00719706382276
1.67227 0.0103783882022
1.67292 0.0131410190753
1.66424 0.0124932602465
1.67016 0.00628702962878
1.63603 0.0137173516101
1.66536 0.0032550678992
1.65173 0.0170821814258
1.65209 0.0106892620154
1.66616 0.0149319690498
1.64632 0.00626423517498
1.65332 0.0111826965638
1.65841 0.00576385524874
1.65115 0.00930106733896
16.5464 0.0024806844239
16.6471 0.00769889500873
16.5753 0.00473006301331
16.4953 0.00489719127824
16.4791 0.00172161054047
16.5169 0.00565848607668
16.4972 0.00180920158
16.6736 0.00522304165974
16.5217 0.00674248267139
16.7723 0.00156682794692
16.54 0.00392224586319
16.5224 0.00246643271438
16.521 0.00385501494968
16.6851 0.00173813990913
16.5452 0.00283771996231
16.5105 0.00361785072606
16.5393 0.00467920525767
16.5341 0.00440523999446
16.5159 0.00263917627627
16.4877 0.00510373228032
16.5051 0.000614590672377
16.4944 0.00357159887311
16.5616 0.00230522254208
16.5325 0.00462225574459
16.5309 0.00167958553224
16.5447 0.0030860206682
16.5194 0.00262304694735
16.51 0.00251315645337
16.6792 0.00424101771416
16.6338 0.00529479031726
16.5002 0.00309644123194
16.4754 0.00407936992091
16.7955 0.00221075918297
16.6973 0.00414887628821
16.5943 0.00469542108262
16.516 0.00291689198603
16.5304 0.00340321447121
16.5149 0.0026210963046
16.5306 0.00213236292889
16.4756 0.00523615946163
16.5198 0.00405200115761
16.5166 0.00362659328057
16.5319 0.00410758904854
16.5442 0.00210748604438
16.5517 0.00347655659531
16.4922 0.0039993501432
16.4565 0.00492902317007
16.4878 0.00240460936166
16.5194 0.00238443506285
16.5652 0.00739833971599
16.5516 0.0017665219652
16.4699 0.00300988338083
16.5609 0.00251703442749
16.5373 0.00303659430239
16.5041 0.00147516772328
16.5731 0.00625664699157
16.6207 0.00517895825211
16.9277 0.00136092550291
16.4946 0.00375086922401
16.493 0.00199492582186
16.5318 0.0019669450863
16.4919 0.00156318460116
16.5208 0.00257231956476
16.4976 0.00411732644184
16.5134 0.004440213553
16.55 0.00430535960509
16.4968 0.00622442992945
16.4906 0.00538109837686
16.492 0.00510959616853
16.5144 0.00147684122068
16.4426 0.00697364444694
16.6992 0.00234088653874
16.4563 0.00392181121783
16.7187 0.00393168869116
16.5883 0.00464743276427
16.4968 0.00291462294212
16.5414 0.0048682497815
16.51 0.00902620683601
16.5761 0.00208068440227
16.5289 0.00233205539214
16.5225 0.00204300021889
16.582 0.000893469794773
16.8214 0.00454392397417
16.6121 0.00563675934219
16.5114 0.00244342429358
16.5106 0.00365184237218
16.5746 0.00498096936355
16.5365 0.00882248900665
16.5018 0.0036887620695
16.4965 0.00172115068803
16.5022 0.00170545328613
16.5468 0.00162947106565
16.5001 0.00402705108131
16.5609 0.00551531529537
16.5066 0.00280012957167
16.5373 0.00228348285621
16.5059 0.00630465244937
16.6767 0.00476970964081
16.5549 0.00279067871123
16.7156 0.00364701495821
165.506 0.00225235627475
165.252 0.000845243297809
166.305 0.00142631103502
165.712 0.00256949141142
165.142 0.000957671855066
165.777 0.000731971550265
166.683 0.00233112531345
165.553 0.00147749613373
165.824 0.00196061738775
166.697 0.00122733675104
165.661 0.00152810223554
165.481 0.00127544450371
166.766 0.000921137330965
165.811 0.00211981802526
165.746 0.00147524353927
165.384 0.00202225724378
165.548 0.000789694321983
165.848 0.0010589732844
166.063 0.00135013682988
165.655 0.00199338659704
166.055 0.0029566078181
165.183 0.00106037667699
165.459 0.000913958223825
165.596 0.000731425445643
165.933 0.000900656852049
165.671 0.00224011670372
166.003 0.00133555777656
165.883 0.000299737679578
165.674 0.000567814917695
165.331 0.000646279597265
167.015 0.00134651014442
165.481 0.000481070662918
166.405 0.00197865160349
165.307 0.000642544574902
165.274 0.000997051159118
165.722 0.000759156705521
165.203 0.00132473470892
165.159 0.00044137312184
165.656 0.00118123892606
165.475 0.00274148490555
165.64 0.000901774074316
165.496 0.00192206360804
165.215 0.00215838617479
165.449 0.00318164978316
165.419 0.00181868375884
165.29 0.000844106616386
165.241 0.000532262470031
165.34 0.00180625033762
165.5 0.000893106236304
166.567 0.00181768519357
165.428 0.0007612134487
165.21 0.00176901714627
165.319 0.0022949163064
165.445 0.00142889841679
165.644 0.00125697156309
165.289 0.00205328150612
165.669 0.000680367093233
166.001 0.0021627368693
165.113 0.00180535031331
165.652 0.000706508336482
165.3 0.00331255020709
165.463 0.00162604044735
165.288 0.00120615401186
164.997 0.00202965673018
165.248 0.00236335066577
165.521 0.000238748879935
165.238 0.000468352398226
165.264 0.00144051237449
165.232 0.000673891479885
165.295 0.00109931710312
165.18 0.0014597916113
165.506 0.00255129069751
165.067 0.000581106941303
165.291 0.00137713770625
165.137 0.00173693871003
165.174 0.00172167368982
165.257 0.000172030511073
165.334 0.00118450683402
165.344 0.000611513876365
165.184 0.000691602763995
165.546 0.00104145077106
165.077 0.00109855293871
165.31 0.00234850950621
165.473 0.000716145633891
165.063 0.00192961419634
165.293 0.00102238102501
165.793 0.000748293787797
165.804 0.000556144512666
165.871 0.000230854850862
167.131 0.000172403036788
165.36 0.00117251720014
165.713 0.00147317558795
165.424 0.00149291339528
165.271 0.00134035033664
165.062 0.0017505148944
165.249 0.00106968709854
165.829 0.00155490148045
165.136 0.00102019452401
165.187 0.000642115140644
166.51 0.00330153809244
