1
4
250
1 0 2 1 0 3 1 0 3 1 0 2 0 1 0 1 1 0 1 0
0.029999999999999999 0.0001 200.0 3.5
0.0
1
1000.0
0
0

1825437855 790296750 1304759234 3150565090 3799407615 2247048125 2206574296 4112789489 2114575133 579683818 1407189477 2493960140 3094523781 694116865 2628356219 1542036037 2979536945 2037105947 1918337687 3384430247 888341628 2686051557 3688109096 1783532428 2422279638 640484571 3592998353 665468330 1646396281 4026792305 3565929120 111902609 2291495360 1954048146 3799619492 1938985464 2954394467 3596427601 1162637816 3693085414 2484257364 726908687 3896787792 2600607799 3208139178 1793284474 2042180785 2763669728 4041316918 1541924140 2958075537 3391343337 378832353 649457808 1836154294 2376743982 492909835 3649074665 3303554645 35045179 1518226148 3409242398 3309301861 982567168 3647243888 2054777431 4171465888 1698526190 961901553 2445667213 3995347101 3055238271 2423531658 1935227592 3821517256 2293259971 2632304725 2144731090 295751879 2368900657 2402950104 1029350786 2662756176 3736501173 3814229629 997166860 2965897046 4102592693 2208450507 4246607067 3232992463 153486587 188232647 2179687971 1138044395 2073679046 3748277493 4026124878 3599222214 2251560969 1462067670 1930892999 2556239584 674315523 4105089127 3933639075 3616463967 1410950644 700783710 319385616 3511951459 1001224570 3723911784 4158698397 3991757765 285637839 3752278994 1161133926 3924505075 2763907288 1270336529 480917275 1189733787 3546262462 3912038169 1235677082 4030218115 3927255732 3183812008 1022278694 1351619166 2372908865 2737276422 2257914651 1758530983 2637707632 2542291560 520743802 2390752465 2364413996 2996870440 454313118 1254643866 4251489864 334650064 803466048 3144159821 1447859613 1052738280 273504419 1419547838 1824034780 1836626393 1099853881 1753974864 2691160568 2758261863 1485571050 3726436729 1260174679 2298149537 1220773949 2004634219 94714844 1340877927 922670860 2787304659 3070408755 2715652386 2795073685 3286365976 2432596334 1067864811 812206253 3645688273 3183194882 1449450655 4171322403 1549728784 459467574 1780817248 2447769486 3386223216 3644832922 3045415738 1144339407 3139937391 3303006297 1138569993 2182434473 3978367950 4079910033 2489652601 607390657 1915495485 3788495642 2513783981 3438886844 573089436 2835307597 1402576994 2881459587 1012279106 1340763179 492350701 2015804241 1734131937 3881543789 1747505241 3866012666 3967675232 3358154362 3441194432 60974536 789563214 2408021343 2868468553 3412705896 3325072213 274919248 3936848154 595910853 3141512637 304645579 509181741 1148322725 2974423100 3564329599 2257002383 3722168076 2628825153 3986703341 3097900880 3942729434 3294265974 1365958878 2264642309 1388696811 4144456317 720728063 1697109243 2468808869 817092897 3183165585 3047052667 805726028 4135367436 2634334529 1572218758 92380707 4221707730 1344600237 2673301846 3335685850 980807008 2333675095 2861498403 2511044518 63533917 3621577011 1993174505 3541259645 3628686965 2402718274 1053655291 4056617883 1787861308 2098585588 2447413157 1649786890 4173286530 4175786789 2530769045 256747424 33119094 2003649949 397704972 1103842028 1730965365 3418263587 229107437 721639284 1014272895 2294555062 462187841 172619392 1122038754 3048843244 3374575791 966976409 4103326291 3072595821 814765232 2064372579 3533084962 1259947649 551705846 2362019559 3017497933 3457799658 1283854279 2145516278 1256312752 1121442762 4257465228 288475187 4111589243 1331440476 4156896852 1905552114 1833578763 4172335838 4143041947 3214812229 3782746329 3227838708 2024248632 746140870 2980339436 2732603609 653873103 660175698 101905768 2366744014 1640850615 1248779048 2581586829 4104750775 1983675627 1393028205 1498156252 2585883017 2171113210 3115470560 2856879537 811011374 1115275123 2859702515 3746222718 2081350222 1971167261 1382742351 3365857127 3244113432 3890263949 502521090 3769553493 1944274395 2269619776 3631557157 1110824049 3451332264 3690981106 1892996007 1086556164 1564773110 1015752384 548668941 2593047736 3160199196 3048299506 4005451873 3059209540 1422515469 54078671 3993389476 3765975027 626149229 1081356647 2508593194 2518852120 1559016282 2692830919 733856814 3318136631 1785851428 2763821549 819370611 3214967198 2353723128 1642568493 1999330393 648253626 3136735766 1638249623 1176038455 2837245180 1253727605 2813829578 3661174003 3649040999 2925039968 4096427914 497427528 3399366143 433875808 1260026215 2828043332 2504323913 3385783932 1946204683 220679547 3620430873 3477684977 2961723019 2927452523 3449457534 1855829556 3801691519 2643055393 2952761249 4040148405 3967626845 2455039558 3265583018 1464307506 1870162230 310811113 645299149 3962780490 531981271 2353491357 845672481 2984372791 1742521833 2277963535 2801233633 3653845009 3337680301 1017111670 1072847211 2090879678 2913286400 3505578389 1697494486 1789140287 3050993272 4235996178 2263111787 648911828 4271235018 3863626792 1815374982 1010767631 318994143 2737263176 249074696 4115159378 3997623548 2053730416 409823622 384928125 478276948 1385826075 1413972806 3891043103 1448233582 2078466820 3305588334 1732957510 2487739073 829266140 3381986968 1144670568 2157550962 4221124578 2429736168 1486150140 334174405 2712442325 941180155 1917775162 2002894611 1840711653 805972273 2255028258 2132150905 831480154 4202903301 3048756912 3184155077 4016794292 3204912183 1129341702 3499181592 3318407810 1155497810 118656245 2570234567 4030955474 4184175202 4184985983 3493310091 3084938869 682299941 2828271009 2301452773 1449348224 3018499138 3791464512 2227882799 3004414212 1970287301 3870125078 2384377189 1381593585 2604803392 3734191245 1573861908 395610832 1153441536 2822028910 1779537235 715425018 3889767372 775669248 10888048 2321350211 2046162663 1068021570 1977412404 2441792269 521467918 2198289399 3364301468 2749490256 4231872638 293375331 1125881235 1969838335 152219324 875857165 3805759594 1507424839 1725968231 3230339142 1991700476 412449630 2142182090 2569179904 2472387883 2834643732 2905677959 1780966994 4291733589 485640154 698652696 3376745350 1565986336 3582605119 3615587503 4025874793 4267287880 2886879626 476159055 701228873 2021989724 3524330394 818985584 939500566 4020864332 1499027238 1930800298 3975763899 1471739236 4088145431 4189576624 599098142 3969205975 3993524755 4066193260 616810833 3556214977 510536339 2124144302 4084584571 837423557 1362709119 4048018339 422179211 471540122 491695390 1217689741 3226581311 1028286979 3745016472 441879764 3815682350 1627048151 3967824998 2402715857 3770931313 4229826197 3750740067 216014525 1803656022 841649514 2915947591 4255478878 2412574116 1856790470 574266628 460888817 3269357633 1174786259 3610843799 1244769700 1268541878 4233470662 3736399185 3399188942 1156053161 2123262488 1343876215 674815668 4241324108 356759804 1305353737 975960847 3507455943 3740604916 1834938136 1904362600 3832821239 572
1
