28
61
0 0 0 0 1 4645670.0 1324 80 16 3413 29 584 1 22 0 171440 9150 2280 6 596 0 13 3 3 7 0 260 0
2 0 1 1 1 1 2 1 1 2 1 2 0 1 1 1 2 3 1 0 1 1 4 1 1 4 1 2 3 1 0 1 2 0 1 5 1 1 6 1 1 6 1 2 0 1 5 1 2 3 1 13 1 1 14 1 1 14 1 2 3 1 13 1 2 15 1 13 1 1 16 1 1 16 1 2 15 1 13 1 2 2 1 5 1 1 7 1 1 7 1 2 2 1 5 1 2 4 1 5 1 1 8 1 1 8 1 2 4 1 5 1 2 2 1 9 1 1 11 1 1 11 1 2 2 1 9 1 2 4 1 10 1 1 12 1 1 12 1 2 4 1 10 1 2 14 1 17 1 1 18 1 1 18 1 2 14 1 17 1 1 12 1 2 21 1 12 1 1 21 1 0 1 21 1 2 13 1 21 1 1 13 1 0 1 16 1 1 15 1 1 14 1 1 3 1 1 18 1 2 3 1 17 1 1 27 1 2 3 1 26 1 1 12 1 2 22 1 12 1 1 22 1 0 1 22 1 2 17 1 22 1 1 17 1 0 1 18 1 1 14 1 1 11 1 2 24 1 11 1 1 24 1 0 1 24 1 2 3 1 24 1 1 3 1 0 1 18 1 2 17 1 13 1 1 20 1 1 19 1 1 27 1 2 13 1 26 1 1 12 1 2 23 1 12 1 1 23 1 0 1 23 1 2 19 1 23 1 1 19 1 0 1 20 1 1 3 1 2 3 1 19 1 1 20 1 1 20 1 2 3 1 19 1 1 12 1 2 25 1 12 1 1 25 1 0 1 25 1 2 26 1 25 1 1 26 1 0 1 27 1 1 14 1 2 14 1 26 1 1 27 1 1 27 1 2 14 1 26 1 1 4 1 1 0 1 1 12 1 2 0 1 10 1 1 8 1 1 6 1 1 14 1 1 13 1 1 18 1 2 13 1 17 1 1 27 1 2 13 1 26 1 1 20 1 1 19 1
2.54 1 0.254 1 0.025399999999999999 10 254 10000 0.00025399999999999999 0.01 0.00025399999999999999 1 0.00025399999999999999 1 2.54 1 2540 1000 0.025399999999999999 1 6.6200000000000001 0.5 20 0.029999999999999999 0.029999999999999999 0.029999999999999999 0.029999999999999999 0.029999999999999999 1.6699999999999999 0.5 20 0.029999999999999999 0.029999999999999999 0.0062500000000000003 0.5 7 0.029999999999999999 3 0.69999999999999996 0.5 1 0.5 20 0.029999999999999999 0.029999999999999999 2.54 10000 0.43332999999999999 0.5 20 0.029999999999999999 0.029999999999999999 2.54 10000 0.029999999999999999 0.029999999999999999 0.029999999999999999 0.029999999999999999 0.029999999999999999 0.029999999999999999 0.029999999999999999
0.0
1
50.0
0
0

3068549017 3663449907 1254092408 2962214163 607425709 1273578622 3101303271 1485354679 3989224816 4083288179 748884963 1742165994 1099354103 543507591 4160669399 1911894591 3741352441 2695945751 565123739 1392478584 4158903919 858621903 2485186890 1110901192 2055802250 1775035097 1264265891 1901524166 3879982283 2816337433 2010822290 3578860178 1155223847 3258882796 3313560968 913967334 3891120362 3856260438 3262829296 3530554585 868288646 343070877 1435040555 3478800461 2048261433 3160404514 832230010 742219065 3474941855 3961572685 480000398 1574390878 1712921683 2214579201 462888462 967648577 3296534874 2565990389 3081762617 970318789 104368368 2799595335 2715214916 2417489428 1588293392 183017512 991967315 3130307380 3578255503 2950431469 968616628 2056822413 1073083560 2400906947 3127562769 3144011030 3189319083 3700700589 47758528 683987505 2386476716 3897157850 2954901922 1312377042 3516783907 1824298574 2428394226 246368796 4293138433 666647286 3372838256 3758011723 583145614 936122750 1364346226 3906599906 1197898641 2359324656 943580389 4010500795 2814277273 1664020419 2846258513 2014048698 2063190611 1117253863 4178240171 3549935323 2035532610 3875153582 573223854 4170993091 2315884305 3401657021 3820345456 2118809711 2174299241 821221492 19119100 1545788067 664719942 2235453240 892225514 2949606819 1062025492 3644478011 650516696 1325162641 634336399 3776059596 3866924815 3045021178 1940999164 3947440124 517854078 3499276675 2542994194 2391781276 1586376184 3865981181 3745033041 2384462477 1147090687 2328083926 2595215237 2624364270 401417332 347894005 740577083 4060775246 1794464870 2336383662 1628272329 1060422766 37833986 2812896568 3475224600 569434546 91641587 949206326 1009701146 1581028178 736863204 4180554380 3235442343 1338851168 3810589739 2817276338 4016613862 965572451 2701177147 326054482 402915198 3128663787 1414113341 1323791259 2052422431 2957155763 2959375565 2619176330 3540563027 119890751 1998465920 3877287205 4186157865 781555865 934817198 55660886 2858241749 609825668 1187251937 1530495273 3575953776 2618561043 2723686244 4022210173 2624736988 3666012955 1017637506 200068721 3116421206 1172344023 1164553764 1413408452 379291288 780483379 3146340293 2543723595 985900378 3046920399 503940013 46104148 581325996 2734648449 540595449 2162020744 197803303 3113390706 2141942854 1564468423 3956807449 514737769 1220372174 3324779685 3053797854 3846511957 2748148378 260285429 17145579 4011036990 2433775709 2894666349 2952394686 1917573929 137027092 4223034539 3642109534 1217190285 1473197382 2083494850 583047926 3516895745 1687912821 178694602 1899309030 593787244 3950698789 1537166812 656700036 3890288334 2301577467 1614204868 3998619015 2180327189 1907879750 1518179472 2608267149 3027085001 2474352349 3464897456 3375789571 1398058254 2982667624 1072469211 3838166687 4002337550 660049100 622815533 1188389655 4279475940 3622454830 4076240573 2767074344 3393411278 3811038926 996869309 4264812686 2118563822 3984634030 1025078693 1961227413 3429618250 2048899678 3728184958 3186076781 1722985379 2921555157 1965610276 3134501773 2188795987 4053753852 121931013 1416295344 320344884 467561622 3950946289 464513149 2054882283 2599939573 714220811 1253581004 2757084556 3265086851 3817856466 1208743261 2002645820 1175602302 1613939770 28738614 4293671100 3039155243 3210358555 3997355646 3417233481 3864512227 1704300444 2676324063 41930628 1159477725 1428882263 533843937 95959924 636407774 3485819045 2148269601 4188261533 2016481248 1387269203 3610317171 3958151087 2159625684 563695248 2175596151 1848429182 251531737 1864414975 1658903242 2329579882 1293222683 3577188758 4032110844 2140653987 942936650 3901785342 3261965606 4197668355 1204912495 3091048053 3230673925 104095851 597022277 3976448174 2143099489 3575232158 3594520901 4176390588 3232178028 1788458013 1162702705 936576651 3898607019 3613063650 903168940 4022221969 2832767344 3127905849 3439051011 3419543848 2983585565 3829569092 3805508427 4233350566 1111753587 719023929 2011344125 1589960686 1654363920 1862330936 1290841833 2152520534 1601293424 1558965528 3456118918 628654972 3989017732 472247345 4277633774 168556382 2383034799 2896253892 889853125 1078987396 1300308532 1868283025 617880146 3925659125 3393039788 2468455028 2708068870 2646691592 3034662495 311131540 460847746 3488383447 1859058890 1659094618 3929748417 1734798651 2642912313 135764319 2950815411 634995315 3709150342 2522321912 1724281912 351457208 2421509950 700279596 2239818757 1025394517 3232787512 432887767 3593789910 2458412221 2660580924 2521829707 705155586 695661150 3842263401 3732682316 2184301552 2634851461 1198737928 3705689531 3936507588 3204154029 1778226816 2513861347 1903419598 1040570091 3599630305 4070411407 1570690427 4077065635 321947643 4261525781 3703904687 2966331559 1015949249 2518622131 2626489608 2847151621 4028097483 606201187 3468334803 3127827115 2959956727 4090531082 2440518248 3443880158 1342704677 259318646 312579870 3271945607 3042126860 1499760543 3690720820 616474116 1175729921 3443807192 1918332591 76326580 1306335291 2097510320 3931404395 3513034330 2186239252 542464955 3724409810 2045535901 3751280886 3059279084 1250077032 3263184705 1267999503 1305334696 3555676278 2281029578 4142753573 513036631 3120421575 1565574045 3650999491 1493459286 1197949698 3984962703 1566913347 79363001 1810532961 2623399424 2068855638 2751809906 1847372553 1904771021 248979006 1699069951 3459866815 2786270508 3980977809 415568522 183091258 2613575335 2553776197 3000799855 2528216217 1917639239 4179866781 2325457597 3485942881 1543544503 4093580049 597038154 4009499145 134530772 1723823136 469818084 999608134 1890332425 3314420551 1477468875 1394715636 1795767035 4282347017 958723432 1559396193 2467495560 436539744 1640421725 3346258579 2890949225 3367207690 2594754553 3018979311 2902890891 3963770833 356788648 4123541827 867758425 3929605937 4232823183 863047129 3934733986 2018635897 1767215689 4188082905 3692782911 1342253404 1450010967 831570051 1210153474 2928408138 2318604948 1305138019 4258698672 786624762 502799487 682067661 17216347 4275414143 2564196423 282999572 2402301244 1330474591 4054977907 3030262799 2904486110 3629962337 1343793748 2883016409 4187487499 167763001 609632013 601554090 888100150 90194289 1825305256 447788701 560463982 1744789139 684324003 259219573 1323275377 85596331 3771118094 1664540924 763401840 3262712470 429948378 3706527088 3706311454 2995097799 3647340056 3823034028 1103308987 1216767458 3985181880 1688692340 724332977 3334177169 429054461 1034200076 3223106704 1014589181 2727733429 2389174302 750017869 2214607892 857682884 2677788428 4078397759 1427842345 1234292719 2084353636 138819263 616
1
