1
2
0
0 1 0 1 1 0 1 0
1.0 0.10000000000000001
0.0
1
1000000.0
0
0

2365942342 1674409840 3524176001 2570563165 7950286 3652036530 154507038 98266344 3524835246 29835384 273038130 1318221789 4215784578 4268793408 3810635495 1029895689 2924425285 1762244036 4027197251 1151736263 754121557 1174438153 1076392253 2978479124 3617438654 2063477825 2296852174 1960028936 1699984297 2361197294 2170263037 4247492749 3352966453 2560467487 3625377361 2336196031 3550046352 1643733874 3960237048 3936385208 3038957985 2836193899 2250870445 4105091527 3657233147 575563465 1511659082 2547796657 3073370100 2523571643 2681179176 2541113564 1448453517 213487271 3893267651 1732654310 97992411 3395144377 2777639074 1409916939 3312744068 2793534703 1928000924 3986720938 1781128527 1293580402 4112952243 2044777860 3743874602 1863564622 1696784398 2585279620 1698736409 1764268954 2049917246 445514278 787871876 2555643565 555600258 1336559473 4093460719 493126009 848926607 94049827 2988185736 4257044001 1451349082 1899951023 3175601989 2996698281 2402710345 2967731050 3985935793 4035497906 3545212590 1076626694 4238834912 4181289538 733266594 2271983707 1374341975 1095070369 1617443745 1592101475 3837317010 1663401045 3857727016 2873740904 2310406424 668934117 338673617 3944136040 3898650740 2641822822 461263723 3107841077 4240138734 1011895096 482842 4203465946 1918222865 3704784840 1146217536 2841952075 3174909961 3968146972 3757891335 2540397428 1097305102 786564320 2579618550 135758439 228830836 1036152562 2300304810 3427179660 2064091763 29383517 288566622 2933392979 73283530 479536326 2384070351 2792947196 301555262 259389970 2112727516 720638694 978873309 3333275107 2673504378 3073657120 3976673303 3545629593 353673270 577499210 3068630545 4031485885 1763974762 2438394670 920406987 3006684069 4160556565 3438547418 257197245 4290685284 4292696902 2998560902 3089743844 1331581827 3199313453 2021032013 332313871 1282878048 574122289 1599234039 3585313121 4274582958 342590685 4019783298 4126681319 2621979 631272615 3305861969 2824694510 3846328003 2707525172 2188268283 3083707723 1049834932 429076238 3677750024 1167500438 3248594124 1380335746 2149149365 4218915227 1800476368 100139122 466706344 1489540492 3281912139 3360324399 3425810524 2127890112 1277223441 4021064848 128772658 808651733 1346457961 1504104518 2404355175 2243807303 2093217730 1866549104 1856047090 1712695454 2179393753 220256119 1617996168 2960033491 632244049 938305337 1315481401 766960242 542750848 407520683 3602302538 805075384 4011762082 2900055960 2898911127 346374973 2534540485 1163564954 1155626704 1872236780 936306984 2469021072 836730443 2267356219 2888900066 3686733785 2132188870 3719167891 601811750 1148432457 3094211810 1021239318 2305746260 1344361935 699744125 1267724899 854381912 3286096996 1596860136 3406743603 2420497552 2292268007 494065611 3923680894 4033804613 2388958576 2032410458 431469020 1200580472 1458957924 3608657765 1375846943 3071554752 2074298902 170913254 2362686909 1482975797 3091392838 349255884 1497285538 1297059168 2089668446 1600735797 589514200 2130220032 3888926065 3809694140 1106292793 2200742141 3291415131 2963244991 752808228 2960931389 3414009267 4079548665 342917741 964402734 37353704 2826500088 2194729589 1340083755 3183078905 3082158167 270208641 160288405 557565559 2796264432 1512251554 1759619423 2676963620 2017817450 1079652797 3545921105 2533870892 3669575288 1176443729 1745507771 1879193069 681829665 423064931 3254006176 2336052535 4173701509 3744106254 2470214476 2081041928 1146477174 3340023215 2417148073 4188791300 4082802114 2606243095 1826346070 604001758 4201377892 3932237189 266881676 2831991472 3273254419 1015957317 2745402214 2079757716 1451502317 3881289250 3407058667 2804756749 3543802000 660813050 794008863 2494206905 2366811115 4187174435 4118321821 1921134516 2401476462 3936293232 353707839 2832630706 3055958696 2105391439 592464062 1046565859 1368971426 3718979602 3422636985 2186534765 2675299868 620394445 2485744524 2959146989 238645480 1426883336 1593674188 1457445145 3788735176 3170717296 3371593244 543471548 3279766692 2541934164 1104046798 630506213 1739156690 2839442610 3825691117 954682019 3608425389 3066129976 2305241880 3397217390 3688839095 1471896013 3267935635 2331134461 2118905182 1894457074 446319093 2956438545 4153745142 2781369870 516087356 898424500 4073084793 1562205276 661816449 1529334781 4006478040 3790030129 566546389 1995539768 906894265 1671242198 1039460860 2507300859 2505495198 1099672398 4035497779 1047319561 4083330139 1823600053 4067624233 1407359782 1702762014 1813087991 584061068 421764222 3264767964 1287142943 241622949 4290516173 2727929863 2035039074 2238602563 3129720443 2214745738 998446511 531083623 3447383963 2636174025 3393265986 3199012120 2982325273 1877680524 2995561689 1592955879 4273276853 3952307223 1979439739 3005873939 2618402681 1429459266 2227092038 4070981611 437220246 630405429 576104078 1488357760 41911638 2545776907 219583773 1288131415 684224939 2255348332 1267355241 587192224 2575297868 286499799 3645648193 3577294409 1382062394 599853404 1584759739 742459776 506161662 3900385222 4070528014 1140892077 327461992 2015264741 1406810128 2139841995 1878393455 4165265994 1043593034 2263418045 3630597579 1597105307 3706325073 2802745237 3282138672 506929828 899216535 975991193 2322181761 2464348049 1019113191 4096091190 586222828 703657133 123775062 3740393020 2527981585 3751426171 828631212 3636478481 3914644188 1739782876 2771970420 3130012824 2767508216 1025379223 2100980769 2709159269 1720632448 1906449317 1228880149 816064768 2616683714 1332813762 3242724208 1107446788 1665250231 2303028343 1332166774 3230042005 1226449627 2684322539 77226998 1808506331 1587657471 3281458882 3163131345 4268284553 2821082639 1412934972 3613042670 2959479225 2227782186 3242574548 1178603730 1668473263 2372106179 3620481725 40966508 3642693217 3746379704 2672288400 2768010856 1059878718 3642562484 2042495211 3290352678 3516276489 888497435 3301453276 445874186 2711421433 1411438414 1092445229 2957510707 2612157448 1520254211 4252480440 2974184647 147500069 3684227782 326418441 1344582239 2106406365 3324096926 2980507786 1644732408 1792277021 1419629041 1270038356 4288367113 3078950556 3195299081 2124581901 3084705182 3604788808 1453844452 567640687 4140520817 1535657678 1242473557 4082056898 2234790059 730711974 3590711461 4140301105 957780468 2904316074 2696550724 623800670 3610508488 1630672609 3484156861 4108401735 3574638249 3610978840 3290719033 3636851559 2596629538 3395435276 3399092120 998376180 3217900925 855666936 1092461070 3475325365 2693828853 1719249070 2915132268 1886804756 1936389425 1645154676 470278125 3424347306 863077199 589757132 3841538352 2664479034 570092476 2233068974 2464384116 2739594029 89
1
