12
11
1 35 350 0 0 0 0 0 0 0 0 0
2 0 1 1 1 1 4 1 1 4 1 2 0 1 1 1 1 4 1 1 7 1 1 7 1 3 9 1 0 1 8 1 1 8 1 1 1 1 2 2 1 9 1 1 3 1 1 3 1 2 2 1 9 1 1 3 1 2 11 1 9 1 1 11 1 1 5 1 1 5 1 1 6 1 1 9 1 1 10 1
0.17000000000000001 10 1 1 0.014999999999999999 0.17000000000000001 0.45000000000000001 0.40000000000000002 0.014999999999999999 6.4200000000000002e-05 0.29999999999999999
0.0
1
1500000.0
0
0

1235831990 2518117949 2239830418 1856211569 1469288627 1868315704 784307738 2865930235 3726977829 518148941 175228332 4106721791 3373818395 627301634 400673510 1465542633 3405279489 465056994 2799563759 2153478033 1310866001 1075427514 2139027762 4126570589 1296928824 4175633358 1259656563 3764464845 3183312058 1002298011 864002008 1718677552 383273140 3951386579 1508229156 3820181893 833372205 1777385563 513391645 1612562468 1947301496 842076313 656657166 3062272901 2397680876 3819641614 546451651 2280065637 3809129846 3285481578 788663057 1330978504 3143277356 3557087567 2880234623 1860676618 1220605612 684522114 4055389436 3044229853 1675267194 545995177 2118858936 2834407669 2988370664 2810771224 317062724 4056651171 1098461603 2130758427 2667483278 139253389 2378111564 3867839979 3213897416 2291911954 2312010705 543449407 785341475 320554064 380332447 1597709963 1949487027 485397169 194540844 1588822437 923598249 4188905959 3212619488 3786494005 135485324 2409615363 1224434396 2906687255 1727062707 3158312610 3294904024 4275311310 2556871868 4108452964 500507830 412532450 1948809707 1701149860 350215815 2141535135 3826108339 1091983936 3989195331 3046398962 452669914 3331693699 3299396535 1772817299 1160130603 2528421366 720877471 896042166 361879412 447022346 1712997458 3349097297 1128472487 3977689705 1317561096 2536293611 4031122014 1911364486 1462580982 1111967903 1060347742 1620298638 1556333304 2833648938 731090483 456365273 25190709 645874874 32110808 2421594192 2405144036 339510658 1590215106 1851244600 3076310547 2349482280 3378500583 2584423463 1229171605 3430866088 421487846 3440092724 1311272462 2523331557 3723675530 1638944362 1608797449 4077261001 3138288852 615319277 583611824 2692206308 1811614059 2410581434 674109425 3618991047 952168908 65204105 1606353617 3951430078 2242058641 438506834 511009487 4008081443 714121188 692815556 979303775 4077980275 1612640859 2083755005 957303920 3911740034 2552235782 3931600113 1022153384 717133384 3243888938 1436386547 736495326 351078314 2316681411 1097883174 1701589505 2752911725 915025101 3699605363 3152645753 1316755263 1544432402 2579734146 3740931848 2206018604 2988832887 2861151259 3781539136 3499804856 3744955578 13146978 4268227124 533153470 2098974238 1993342306 1055510558 2252454650 752081754 3804518150 2160922337 1747224596 1450515547 644692840 3903530170 1391410951 746788039 2856865911 1216341032 2593510229 3800039492 1394834571 3516504344 514228443 45231286 1936284110 3383549020 2370487270 2249410444 1941774045 646270309 3108459967 1893409391 3898552542 1802485749 1943259609 3801263105 4084027809 1006974726 4135099871 4183282900 3403903406 319794470 3043360868 3241172452 572177453 1953589059 853312273 2078976539 109093858 3925614496 2033747167 3214737626 961331320 2397797450 1506241945 3885357454 1230500220 801649086 2233089762 2363421712 3957493073 4115577304 1579155284 479573211 2210940302 3625672958 3074658938 3374494779 2064988619 702893320 4128257850 2260043841 1176221934 3173962473 2855373269 3324227026 3289064829 775651231 1560170206 910114749 867620283 3117040803 3023533983 148822225 3947799630 2074940567 1616038594 2356826092 2249611926 2868709812 4066692495 3464660242 346315937 4087341769 4060354535 791708408 3371207598 3402825915 3685826976 1738690701 621049506 2221861163 2042956313 2199741723 2610538422 3037823194 3067581244 1784692953 3648410212 484012140 3373368974 2842274380 205733448 3920404149 1664688347 723677898 533069413 4163305294 351897004 1970977906 1177846432 138717785 4060169983 2612743964 1535570987 1453824557 1023840322 69215516 3201821159 3234521208 1256210823 2459335810 2785935862 1339146142 1812637074 3981259780 3688797507 2051572267 4053365448 2586233628 3495611765 1581001580 555898423 4106838490 584874566 1334173829 4130146071 68204902 2723426125 2662327309 1695181472 2350755929 3259124670 476900547 2666177684 1738489058 835470822 3306000229 139726234 1199797441 2341371116 3719233025 3868895214 201308187 3855682089 3878143205 223347615 3419392962 3338240306 2361840985 1568345631 3893218729 67443416 711987382 1082333221 56212826 551851544 1619330859 353616028 4272241260 3170948449 27619584 2697795077 1174268740 4142740278 733829721 637652802 3633329892 3323075105 4045112353 196458950 3705397856 233105439 4054935772 3191983591 2956156440 208229726 3873518252 2063489868 2786522335 3618899192 2629034035 1976759404 590472839 4021924382 4284345135 1345222548 1574740005 1503223528 4078659046 2028370777 3240101169 3707931707 1534899840 1653856211 187685543 2320054566 3269242240 2529218110 2915928898 2749877964 880066991 463938585 1817770743 2217654911 4035887913 537540819 1351067354 4159847408 297683469 1696481414 3473055784 2725747328 1571064 1600544706 3024082608 2315171199 3033657822 256027901 1651692522 489358339 948674760 3798961935 1868236686 3016416831 429645842 3617208731 983247605 2321003363 4072464713 3625358123 4003849241 189808001 3567297414 1156310687 1117431209 3435886891 1117625134 2341626600 3864945663 2331468690 1981003338 81067012 1389982341 3901143465 419602432 889038654 4027662471 3563091687 2237197309 3119137500 3675787850 567379741 3995968093 2388293807 1958689934 3320739366 3388873145 4268859297 476777498 1875289463 3265754212 360347184 2299240941 3291096729 985053254 3461358455 3745075227 89951390 1020609284 33300737 3363586515 3845229206 4280058993 3397408741 2528187500 382499957 1741481598 3355410536 1253843401 158791327 3380773487 3463363985 995659015 3090432355 3090286731 1590813922 2913881170 3186314441 325805440 535963493 1867116988 4165904883 2475015400 340929376 4216744901 72307419 1675723427 2686773326 3347980251 1723613635 4204706475 1295649430 2066059787 2656927901 1426625214 3161336174 2443992615 349934242 3483175228 4067561952 736148764 558262919 1765343831 1429226550 1474852093 4055764197 1974469866 1033129995 4105774739 2922817404 3976979256 3016327511 2102191679 4236578614 2782224982 1459036151 917748775 3202239956 2785425655 2752413248 2233730643 2175326322 3568398814 126033730 2374794658 726650667 3050112987 2250622505 3209827282 4074789199 2708004837 1151235672 1987001636 1396243343 2883355434 1373947761 1397682177 2870281546 1483685597 4283051362 584679647 3485108712 3447793628 704389028 855070944 965869911 1051973732 2105934058 4236742382 3396361540 169172036 1808728785 4058860023 1450972980 1149371887 4265260280 4034451046 1210952780 757523036 534969707 3288720370 1978825817 943634081 4099984193 1831673367 840546364 2509912527 48578337 1309376179 2555471604 1115300510 2069592753 1699299574 1795229618 603797323 808532547 532994125 485286780 2704876060 2608189640 2635835769 2117282789 803482941 2566770430 2037767197 3587121786 90
1
