16
23
300000 5900 100 0 0 0 0 6000000 0 1 0 0 100 10000 1000 0
0 1 7 1 2 7 1 12 1 2 3 1 12 1 2 3 1 0 1 1 4 1 1 4 1 2 3 1 0 1 2 4 1 13 1 3 0 1 7 1 14 1 2 3 1 13 1 1 14 1 1 3 2 1 8 1 2 3 1 8 1 1 8 2 2 0 1 2 1 1 1 1 1 1 1 2 0 1 2 1 1 2 2 1 6 1 2 2 1 6 1 1 5 1 1 5 1 2 2 1 6 1 1 6 1 1 2 2 2 5 1 9 1 1 10 1 1 10 1 2 9 1 5 1 1 10 1 2 10 1 0 1 2 0 1 13 1 1 14 1 0 1 11 1 1 14 1 1 13 1 1 13 1 1 14 1 0 1 12 1 1 12 1 0
10.0 2.0000000000000002e-05 50.0 1.0000000000000001e-05 3.9999999999999998e-06 5.9999999999999997e-07 9.9999999999999995e-08 9.9999999999999995e-08 500.0 1.0 0.01 100.0 0.5 0.5 0.050000000000000003 0.080000000000000002 1000.0 8.02e-09 1 12.0 0.02 0.10000000000000001 0.001
0.0
1
100.0
0
0

1169319139 151946455 1131839484 2569381070 2798510051 450207714 379384131 1714993872 1179137049 1035497892 3618361304 513020372 459680938 2509617580 93437899 1163133045 3819714140 1260139838 3871584986 3378249116 2199383125 1000916282 2697917431 313362575 958083833 4142041185 992854333 3540613158 1323168892 2256727946 1951736336 289170523 2956242911 748365518 661605993 3106922410 2077830748 1792518519 364647322 408765216 2273904597 3194716038 1298599894 1978572392 1047039430 2608978030 247557593 3088219939 998506879 1556828923 2472691584 2581079703 3368179710 3825903884 3218730188 2886843707 2652002393 3084601821 2435139975 1376109582 4148759650 1697810890 1355521785 1907547189 2313403084 4034273771 2839628782 1459035257 3594853443 3552638136 81264486 3350641256 941182012 4179942954 2429437408 3675635712 3188095375 1726909503 654387630 1553198850 3747317940 1764047164 1158564981 718410715 3941460285 211041396 475037299 2658039858 3212603344 3973929081 2534363985 3390466176 3397202547 2567782421 994334836 2605619014 1792614437 2674468370 2597795354 2462360912 3832597258 2186182828 4268958074 379312616 3482365370 2648614893 2433396131 1227540428 3041587181 1442405318 2645231996 353965127 3926806249 839603736 1925334704 664890414 2696579050 2761813277 3383873192 2770191555 3059972761 814115518 139239673 2656820932 1586411333 2938541670 1546473844 481754544 40132245 799140864 3593726328 2635432899 424829941 2838931521 948983120 3377272548 533708656 1050119412 2981541259 1611465987 3958200022 1172922276 3801808592 358740951 4096743348 4104841978 1313777353 2488932094 560239615 4260782843 927333904 1096176500 2090474137 4233877426 3367615840 1382647938 280748023 51628382 130698779 2928133998 633775669 776171247 4138983306 3563538169 1226857531 733995660 2115454760 1327448418 4176680287 3270504438 4294077421 2439019585 808510277 4083052601 2365228313 3306872693 3599950073 3703186804 2988989481 4210555846 1648712486 1263274473 1574432858 2567606573 1983230235 2255921282 3715915285 2897606037 342706161 3959765569 4058549155 4290332995 140889513 3708904064 2106998091 577231999 2071978368 3071217410 468525083 2662839975 1472743640 3078320493 1238409409 3996856282 645045702 878446442 3396385885 775918481 1982449733 3503804869 4091830406 1113739300 854072868 524093669 2322325711 3317029389 3146334197 4172168462 3490881345 2517060804 1146161988 2444909315 209362691 3868832041 576174086 3614652230 587427557 2237640284 3086906417 180668840 2591840073 3382947950 3931245522 938710441 3203766941 1208870788 1165013329 1145077952 16880406 4024984327 895500237 2384254868 1218312322 1046924983 312686406 3240199737 1094052440 704787931 3178123222 2431750509 1172967471 3381497215 3495188616 1463788423 1620183573 2869974575 3339227054 1646116029 1274405948 3679087276 3414920052 215483390 1043467502 37651851 1682705719 1477531650 163303694 1243589175 3089946237 3222462829 2773588864 784779767 1043627919 3343165073 2942046500 3717643791 2323415190 1561866613 174866834 2150738655 3873634760 24929966 1000147014 3995381454 1718247546 3184708454 1976667856 1244922404 2615586526 3099202473 383172055 3398162819 2590909861 1127433960 738588499 453106289 1306078318 423831063 419225007 3240109422 2527501928 409816319 3799259400 638616247 2254364525 3925324120 2542588208 1716036730 2604469763 368759968 1924077211 221461623 216865105 2663356027 572815631 2204749944 1100613786 4051034799 1575676105 2351302100 2543771506 2641251363 921688233 1576101802 4004636266 1892554771 2329439876 45001819 4223120556 2628124458 1802114282 1343709095 3785191583 1698445873 557425142 2134471989 2563867518 2340192028 3102585096 3050461207 3094501326 1976043351 3677253236 4069032962 1745345548 2321937239 3345726944 2869387246 294255979 1320112210 644560077 2825744590 967923155 1872358462 2566463339 881640159 2087932441 3735022341 4000722691 3401191981 162908385 1374023480 2183613078 345932442 2171768968 3121571072 3684996382 8186826 527017555 3253269322 896830765 2987500668 3874943312 2814203338 1293077676 823718048 2192811179 3480125467 471076359 2346715830 2518335707 1917945365 688924742 606788172 2091250171 4069524971 190070750 3845593048 2398959181 10923184 1820380880 1583066495 1774950589 704470319 566103069 2588017424 1408871255 2625092828 576623512 560190249 1467894732 2113086397 1134548642 1129679071 451475683 1930674470 2564940434 3730517086 1556220378 2168068710 1963644691 3513807508 2104632235 3815745207 4203551661 2641611135 1410588007 524315224 3485091265 3118343655 3488331186 1465011312 2384226683 2031350321 2480089129 754134583 4024619227 3823601850 916063073 1167384227 607913461 2544536607 1114588574 3839834015 4070304381 1985783271 1765348523 3836009137 2463774517 3782400835 2476323818 3031899943 4206330445 6054472 2943336367 2531586689 1936426685 3005691329 2229151415 761909349 4077562004 1972869725 3273897846 3230446390 193327695 3152539984 3285382527 2511446323 3828180201 4259216586 3829330928 3549669075 3304021283 2750550738 3092957716 61419784 1211613427 1366884987 514722811 3038674463 2111414926 3712029282 1525605636 3028441616 1418945347 4133364860 3099032479 703894450 3447498086 1925986932 3878349161 283208511 2782511284 1548543893 2177673277 4241114784 1849370082 2052587139 720004909 529408934 3644408148 3940615735 457918202 335474485 2218360699 4276398723 267537037 3775443772 2550572685 2140251064 2425433250 318706746 4133021540 2713762134 2037842332 2125131829 3478456968 3806053094 2473142075 3309525655 2507377777 1118323691 2009123834 350655515 2367263049 3698452916 2999586417 3232531438 3003495256 2019768949 2796470080 328491022 415017968 2006865618 3942898227 1024647648 1170439200 2553886374 762973774 1842725503 1709171146 1176891962 1156271359 1345772880 1687691498 3966268958 179298333 516444117 1172340390 1177722109 3309945777 3100565956 3918414906 3363118048 2561720679 3500936965 1950809183 2044958421 2862875277 3570914225 2574581001 3536236504 140854078 3346793630 60891299 2207809927 3852808398 3224922737 1571070504 3012275709 2199906843 4072694281 4045856186 52463496 1248521227 3092137572 3111973128 553628604 2577034569 684280576 186157951 3666297227 3268786946 4126339584 2882578522 2227379446 1348448877 1951844901 2304420599 2148817834 2259491355 3613489525 3071130937 1511339230 3310442134 100626069 3268575808 3850438921 761491024 1989881571 571184583 3737342608 2754835342 2912496442 1925940834 2349475281 3131591733 3883032801 411427191 3048261164 1318356796 4136250532 3506387476 4131788068 3567452244 38182624 1784262915 2019218795 1420767866 2491671729 1130906763 3092346965 3694236905 3517900202 1470560335 460374099 3778185842 2186272972 1249627352 2949509978 4044414358 3077394346 1423378829 3894946297 80
1
