7200
0
0 0 0
0 0 1
0 0 2
0 0 3
0 0 4
0 0 5
0 0 6
0 0 7
0 0 8
0 0 9
0 0 10
0 0 11
0 0 12
0 0 13
0 0 14
0 0 15
0 0 16
0 0 17
0 0 18
0 0 19
0 0 20
0 0 21
0 0 22
0 0 23
0 0 24
0 0 25
0 0 26
0 0 27
0 0 28
0 0 29
0 0 30
0 0 31
0 0 32
0 0 33
0 0 34
0 0 35
0 0 36
0 0 37
0 0 38
0 0 39
0 0 40
0 0 41
0 0 42
0 0 43
0 0 44
0 0 45
0 0 46
0 0 47
0 0 48
0 0 49
0 0 50
0 0 51
0 0 52
0 0 53
0 0 54
0 0 55
0 0 56
0 0 57
0 0 58
0 0 59
0 0 60
0 0 61
0 0 62
0 0 63
0 0 64
0 0 65
0 0 66
0 0 67
0 0 68
0 0 69
0 0 70
0 0 71
0 0 72
0 0 73
0 0 74
0 0 75
0 0 76
0 0 77
0 0 78
0 0 79
0 0 80
0 1 0
0 1 1
0 1 2
0 1 3
0 1 4
0 1 5
0 1 6
0 1 7
0 1 8
0 1 9
0 1 10
0 1 11
0 1 12
0 1 13
0 1 14
0 1 15
0 1 16
0 1 17
0 1 18
0 1 19
0 1 20
0 1 21
0 1 22
0 1 23
0 1 24
0 1 25
0 1 26
0 1 27
0 1 28
0 1 29
0 1 30
0 1 31
0 1 32
0 1 33
0 1 34
0 1 35
0 1 36
0 1 37
0 1 38
0 1 39
0 1 40
0 1 41
0 1 42
0 1 43
0 1 44
0 1 45
0 1 46
0 1 47
0 1 48
0 1 49
0 1 50
0 1 51
0 1 52
0 1 53
0 1 54
0 1 55
0 1 56
0 1 57
0 1 58
0 1 59
0 1 60
0 1 61
0 1 62
0 1 63
0 1 64
0 1 65
0 1 66
0 1 67
0 1 68
0 1 69
0 1 70
0 1 71
0 1 72
0 1 73
0 1 74
0 1 75
0 1 76
0 1 77
0 1 78
0 1 79
0 1 80
0 2 0
0 2 1
0 2 2
0 2 3
0 2 4
0 2 5
0 2 6
0 2 7
0 2 8
0 2 9
0 2 10
0 2 11
0 2 12
0 2 13
0 2 14
0 2 15
0 2 16
0 2 17
0 2 18
0 2 19
0 2 20
0 2 21
0 2 22
0 2 23
0 2 24
0 2 25
0 2 26
0 2 27
0 2 28
0 2 29
0 2 30
0 2 31
0 2 32
0 2 33
0 2 34
0 2 35
0 2 36
0 2 37
0 2 38
0 2 39
0 2 40
0 2 41
0 2 42
0 2 43
0 2 44
0 2 45
0 2 46
0 2 47
0 2 48
0 2 49
0 2 50
0 2 51
0 2 52
0 2 53
0 2 54
0 2 55
0 2 56
0 2 57
0 2 58
0 2 59
0 2 60
0 2 61
0 2 62
0 2 63
0 2 64
0 2 65
0 2 66
0 2 67
0 2 68
0 2 69
0 2 70
0 2 71
0 2 72
0 2 73
0 2 74
0 2 75
0 2 76
0 2 77
0 2 78
0 2 79
0 2 80
0 3 20
0 3 21
0 3 22
0 3 36
0 3 37
0 3 38
0 3 39
0 3 40
0 4 20
0 4 21
0 4 22
0 4 36
0 4 37
0 4 38
0 4 39
0 4 40
0 5 20
0 5 21
0 5 22
0 5 36
0 5 37
0 5 38
0 5 39
0 5 40
0 6 20
0 6 21
0 6 22
0 6 36
0 6 37
0 6 38
0 6 39
0 6 40
0 7 20
0 7 21
0 7 22
0 7 36
0 7 37
0 7 38
0 7 39
0 7 40
0 8 20
0 8 21
0 8 22
0 8 36
0 8 37
0 8 38
0 8 39
0 8 40
0 9 20
0 9 21
0 9 22
0 9 36
0 9 37
0 9 38
0 9 39
0 9 40
0 10 20
0 10 21
0 10 22
0 10 36
0 10 37
0 10 38
0 10 39
0 10 40
0 11 20
0 11 21
0 11 22
0 11 36
0 11 37
0 11 38
0 11 39
0 11 40
0 12 20
0 12 21
0 12 22
0 12 36
0 12 37
0 12 38
0 12 39
0 12 40
0 13 20
0 13 21
0 13 22
0 13 36
0 13 37
0 13 38
0 13 39
0 13 40
0 14 20
0 14 21
0 14 22
0 14 36
0 14 37
0 14 38
0 14 39
0 14 40
0 15 20
0 15 21
0 15 22
0 15 36
0 15 37
0 15 38
0 15 39
0 15 40
0 16 20
0 16 21
0 16 22
0 16 36
0 16 37
0 16 38
0 16 39
0 16 40
0 17 20
0 17 21
0 17 22
0 17 36
0 17 37
0 17 38
0 17 39
0 17 40
0 18 20
0 18 21
0 18 22
0 18 36
0 18 37
0 18 38
0 18 39
0 18 40
0 19 20
0 19 21
0 19 22
0 19 36
0 19 37
0 19 38
0 19 39
0 19 40
0 20 20
0 20 21
0 20 22
0 20 36
0 20 37
0 20 38
0 20 39
0 20 40
0 21 20
0 21 21
0 21 22
0 21 36
0 21 37
0 21 38
0 21 39
0 21 40
0 22 20
0 22 21
0 22 22
0 22 36
0 22 37
0 22 38
0 22 39
0 22 40
0 23 20
0 23 21
0 23 22
0 23 36
0 23 37
0 23 38
0 23 39
0 23 40
0 24 20
0 24 21
0 24 22
0 24 36
0 24 37
0 24 38
0 24 39
0 24 40
0 25 20
0 25 21
0 25 22
0 25 36
0 25 37
0 25 38
0 25 39
0 25 40
0 26 20
0 26 21
0 26 22
0 26 36
0 26 37
0 26 38
0 26 39
0 26 40
0 27 20
0 27 21
0 27 22
0 27 36
0 27 37
0 27 38
0 27 39
0 27 40
0 28 20
0 28 21
0 28 22
0 28 36
0 28 37
0 28 38
0 28 39
0 28 40
0 29 20
0 29 21
0 29 22
0 29 36
0 29 37
0 29 38
0 29 39
0 29 40
0 30 20
0 30 21
0 30 22
0 30 36
0 30 37
0 30 38
0 30 39
0 30 40
0 31 20
0 31 21
0 31 22
0 31 36
0 31 37
0 31 38
0 31 39
0 31 40
0 32 20
0 32 21
0 32 22
0 32 36
0 32 37
0 32 38
0 32 39
0 32 40
0 33 20
0 33 21
0 33 22
0 33 36
0 33 37
0 33 38
0 33 39
0 33 40
0 34 0
0 34 1
0 34 2
0 34 3
0 34 4
0 34 5
0 34 6
0 34 7
0 34 8
0 34 9
0 34 10
0 34 11
0 34 12
0 34 13
0 34 14
0 34 15
0 34 16
0 34 17
0 34 18
0 34 19
0 34 20
0 34 21
0 34 22
0 34 23
0 34 24
0 34 25
0 34 26
0 34 27
0 34 28
0 34 29
0 34 30
0 34 31
0 34 32
0 34 33
0 34 34
0 34 35
0 34 36
0 34 37
0 34 38
0 34 39
0 34 40
0 35 0
0 35 1
0 35 2
0 35 3
0 35 4
0 35 5
0 35 6
0 35 7
0 35 8
0 35 9
0 35 10
0 35 11
0 35 12
0 35 13
0 35 14
0 35 15
0 35 16
0 35 17
0 35 18
0 35 19
0 35 20
0 35 21
0 35 22
0 35 23
0 35 24
0 35 25
0 35 26
0 35 27
0 35 28
0 35 29
0 35 30
0 35 31
0 35 32
0 35 33
0 35 34
0 35 35
0 35 36
0 35 37
0 35 38
0 35 39
0 35 40
0 36 0
0 36 1
0 36 2
0 36 3
0 36 4
0 36 5
0 36 6
0 36 7
0 36 8
0 36 9
0 36 10
0 36 11
0 36 12
0 36 13
0 36 14
0 36 15
0 36 16
0 36 17
0 36 18
0 36 19
0 36 20
0 36 21
0 36 22
0 36 23
0 36 24
0 36 25
0 36 26
0 36 27
0 36 28
0 36 29
0 36 30
0 36 31
0 36 32
0 36 33
0 36 34
0 36 35
0 36 36
0 36 37
0 36 38
0 36 39
0 36 40
1 0 0
1 0 1
1 0 2
1 0 3
1 0 4
1 0 5
1 0 6
1 0 7
1 0 8
1 0 9
1 0 10
1 0 11
1 0 12
1 0 13
1 0 14
1 0 15
1 0 16
1 0 17
1 0 18
1 0 19
1 0 20
1 0 21
1 0 22
1 0 23
1 0 24
1 0 25
1 0 26
1 0 27
1 0 28
1 0 29
1 0 30
1 0 31
1 0 32
1 0 33
1 0 34
1 0 35
1 0 36
1 0 37
1 0 38
1 0 39
1 0 40
1 0 41
1 0 42
1 0 43
1 0 44
1 0 45
1 0 46
1 0 47
1 0 48
1 0 49
1 0 50
1 0 51
1 0 52
1 0 53
1 0 54
1 0 55
1 0 56
1 0 57
1 0 58
1 0 59
1 0 60
1 0 61
1 0 62
1 0 63
1 0 64
1 0 65
1 0 66
1 0 67
1 0 68
1 0 69
1 0 70
1 0 71
1 0 72
1 0 73
1 0 74
1 0 75
1 0 76
1 0 77
1 0 78
1 0 79
1 0 80
1 1 0
1 1 36
1 1 40
1 1 80
1 2 0
1 2 1
1 2 2
1 2 3
1 2 4
1 2 5
1 2 6
1 2 7
1 2 8
1 2 9
1 2 10
1 2 11
1 2 12
1 2 13
1 2 14
1 2 15
1 2 16
1 2 17
1 2 18
1 2 19
1 2 20
1 2 21
1 2 22
1 2 23
1 2 24
1 2 25
1 2 26
1 2 27
1 2 28
1 2 29
1 2 30
1 2 31
1 2 32
1 2 33
1 2 34
1 2 35
1 2 36
1 2 40
1 2 41
1 2 42
1 2 43
1 2 44
1 2 45
1 2 46
1 2 47
1 2 48
1 2 49
1 2 50
1 2 51
1 2 52
1 2 53
1 2 54
1 2 55
1 2 56
1 2 57
1 2 58
1 2 59
1 2 60
1 2 61
1 2 62
1 2 63
1 2 64
1 2 65
1 2 66
1 2 67
1 2 68
1 2 69
1 2 70
1 2 71
1 2 72
1 2 73
1 2 74
1 2 75
1 2 76
1 2 77
1 2 78
1 2 79
1 2 80
1 3 20
1 3 22
1 3 36
1 3 40
1 4 20
1 4 22
1 4 36
1 4 40
1 5 20
1 5 22
1 5 36
1 5 40
1 6 20
1 6 22
1 6 36
1 6 40
1 7 20
1 7 22
1 7 36
1 7 40
1 8 20
1 8 22
1 8 36
1 8 40
1 9 20
1 9 22
1 9 36
1 9 40
1 10 20
1 10 22
1 10 36
1 10 40
1 11 20
1 11 22
1 11 36
1 11 40
1 12 20
1 12 22
1 12 36
1 12 40
1 13 20
1 13 22
1 13 36
1 13 40
1 14 20
1 14 22
1 14 36
1 14 40
1 15 20
1 15 22
1 15 36
1 15 40
1 16 20
1 16 22
1 16 36
1 16 40
1 17 20
1 17 22
1 17 36
1 17 40
1 18 20
1 18 22
1 18 36
1 18 40
1 19 20
1 19 22
1 19 36
1 19 40
1 20 20
1 20 22
1 20 36
1 20 40
1 21 20
1 21 22
1 21 36
1 21 40
1 22 20
1 22 22
1 22 36
1 22 40
1 23 20
1 23 22
1 23 36
1 23 40
1 24 20
1 24 22
1 24 36
1 24 40
1 25 20
1 25 22
1 25 36
1 25 40
1 26 20
1 26 22
1 26 36
1 26 40
1 27 20
1 27 22
1 27 36
1 27 40
1 28 20
1 28 22
1 28 36
1 28 40
1 29 20
1 29 22
1 29 36
1 29 40
1 30 20
1 30 22
1 30 36
1 30 40
1 31 20
1 31 22
1 31 36
1 31 40
1 32 20
1 32 22
1 32 36
1 32 40
1 33 20
1 33 22
1 33 36
1 33 40
1 34 0
1 34 1
1 34 2
1 34 3
1 34 4
1 34 5
1 34 6
1 34 7
1 34 8
1 34 9
1 34 10
1 34 11
1 34 12
1 34 13
1 34 14
1 34 15
1 34 16
1 34 17
1 34 18
1 34 19
1 34 20
1 34 21
1 34 22
1 34 23
1 34 24
1 34 25
1 34 26
1 34 27
1 34 28
1 34 29
1 34 30
1 34 31
1 34 32
1 34 33
1 34 34
1 34 35
1 34 36
1 34 40
1 35 0
1 35 36
1 35 40
1 36 0
1 36 1
1 36 2
1 36 3
1 36 4
1 36 5
1 36 6
1 36 7
1 36 8
1 36 9
1 36 10
1 36 11
1 36 12
1 36 13
1 36 14
1 36 15
1 36 16
1 36 17
1 36 18
1 36 19
1 36 20
1 36 21
1 36 22
1 36 23
1 36 24
1 36 25
1 36 26
1 36 27
1 36 28
1 36 29
1 36 30
1 36 31
1 36 32
1 36 33
1 36 34
1 36 35
1 36 36
1 36 37
1 36 38
1 36 39
1 36 40
2 0 0
2 0 1
2 0 2
2 0 3
2 0 4
2 0 5
2 0 6
2 0 7
2 0 8
2 0 9
2 0 10
2 0 11
2 0 12
2 0 13
2 0 14
2 0 15
2 0 16
2 0 17
2 0 18
2 0 19
2 0 20
2 0 21
2 0 22
2 0 23
2 0 24
2 0 25
2 0 26
2 0 27
2 0 28
2 0 29
2 0 30
2 0 31
2 0 32
2 0 33
2 0 34
2 0 35
2 0 36
2 0 37
2 0 38
2 0 39
2 0 40
2 0 41
2 0 42
2 0 43
2 0 44
2 0 45
2 0 46
2 0 47
2 0 48
2 0 49
2 0 50
2 0 51
2 0 52
2 0 53
2 0 54
2 0 55
2 0 56
2 0 57
2 0 58
2 0 59
2 0 60
2 0 61
2 0 62
2 0 63
2 0 64
2 0 65
2 0 66
2 0 67
2 0 68
2 0 69
2 0 70
2 0 71
2 0 72
2 0 73
2 0 74
2 0 75
2 0 76
2 0 77
2 0 78
2 0 79
2 0 80
2 1 0
2 1 1
2 1 2
2 1 3
2 1 4
2 1 5
2 1 6
2 1 7
2 1 8
2 1 9
2 1 10
2 1 11
2 1 12
2 1 13
2 1 14
2 1 15
2 1 16
2 1 17
2 1 18
2 1 19
2 1 20
2 1 21
2 1 22
2 1 23
2 1 24
2 1 25
2 1 26
2 1 27
2 1 28
2 1 29
2 1 30
2 1 31
2 1 32
2 1 33
2 1 34
2 1 35
2 1 36
2 1 40
2 1 41
2 1 42
2 1 43
2 1 44
2 1 45
2 1 46
2 1 47
2 1 48
2 1 49
2 1 50
2 1 51
2 1 52
2 1 53
2 1 54
2 1 55
2 1 56
2 1 57
2 1 58
2 1 59
2 1 60
2 1 61
2 1 62
2 1 63
2 1 64
2 1 65
2 1 66
2 1 67
2 1 68
2 1 69
2 1 70
2 1 71
2 1 72
2 1 73
2 1 74
2 1 75
2 1 76
2 1 77
2 1 78
2 1 79
2 1 80
2 2 0
2 2 1
2 2 2
2 2 3
2 2 4
2 2 5
2 2 6
2 2 7
2 2 8
2 2 9
2 2 10
2 2 11
2 2 12
2 2 13
2 2 14
2 2 15
2 2 16
2 2 17
2 2 18
2 2 19
2 2 20
2 2 21
2 2 22
2 2 23
2 2 24
2 2 25
2 2 26
2 2 27
2 2 28
2 2 29
2 2 30
2 2 31
2 2 32
2 2 33
2 2 34
2 2 35
2 2 36
2 2 40
2 2 41
2 2 42
2 2 43
2 2 44
2 2 45
2 2 46
2 2 47
2 2 48
2 2 49
2 2 50
2 2 51
2 2 52
2 2 53
2 2 54
2 2 55
2 2 56
2 2 57
2 2 58
2 2 59
2 2 60
2 2 61
2 2 62
2 2 63
2 2 64
2 2 65
2 2 66
2 2 67
2 2 68
2 2 69
2 2 70
2 2 71
2 2 72
2 2 73
2 2 74
2 2 75
2 2 76
2 2 77
2 2 78
2 2 79
2 2 80
2 3 20
2 3 21
2 3 22
2 3 36
2 3 40
2 4 20
2 4 21
2 4 22
2 4 36
2 4 40
2 5 20
2 5 21
2 5 22
2 5 36
2 5 40
2 6 20
2 6 21
2 6 22
2 6 36
2 6 40
2 7 20
2 7 21
2 7 22
2 7 36
2 7 40
2 8 20
2 8 21
2 8 22
2 8 36
2 8 40
2 9 20
2 9 21
2 9 22
2 9 36
2 9 40
2 10 20
2 10 21
2 10 22
2 10 36
2 10 40
2 11 20
2 11 21
2 11 22
2 11 36
2 11 40
2 12 20
2 12 21
2 12 22
2 12 36
2 12 40
2 13 20
2 13 21
2 13 22
2 13 36
2 13 40
2 14 20
2 14 21
2 14 22
2 14 36
2 14 40
2 15 20
2 15 21
2 15 22
2 15 36
2 15 40
2 16 20
2 16 21
2 16 22
2 16 36
2 16 40
2 17 20
2 17 21
2 17 22
2 17 36
2 17 40
2 18 20
2 18 21
2 18 22
2 18 36
2 18 40
2 19 20
2 19 21
2 19 22
2 19 36
2 19 40
2 20 20
2 20 21
2 20 22
2 20 36
2 20 40
2 21 20
2 21 21
2 21 22
2 21 36
2 21 40
2 22 20
2 22 21
2 22 22
2 22 36
2 22 40
2 23 20
2 23 21
2 23 22
2 23 36
2 23 40
2 24 20
2 24 21
2 24 22
2 24 36
2 24 40
2 25 20
2 25 21
2 25 22
2 25 36
2 25 40
2 26 20
2 26 21
2 26 22
2 26 36
2 26 40
2 27 20
2 27 21
2 27 22
2 27 36
2 27 40
2 28 20
2 28 21
2 28 22
2 28 36
2 28 40
2 29 20
2 29 21
2 29 22
2 29 36
2 29 40
2 30 20
2 30 21
2 30 22
2 30 36
2 30 40
2 31 20
2 31 21
2 31 22
2 31 36
2 31 40
2 32 20
2 32 21
2 32 22
2 32 36
2 32 40
2 33 20
2 33 21
2 33 22
2 33 36
2 33 40
2 34 0
2 34 1
2 34 2
2 34 3
2 34 4
2 34 5
2 34 6
2 34 7
2 34 8
2 34 9
2 34 10
2 34 11
2 34 12
2 34 13
2 34 14
2 34 15
2 34 16
2 34 17
2 34 18
2 34 19
2 34 20
2 34 21
2 34 22
2 34 23
2 34 24
2 34 25
2 34 26
2 34 27
2 34 28
2 34 29
2 34 30
2 34 31
2 34 32
2 34 33
2 34 34
2 34 35
2 34 36
2 34 40
2 35 0
2 35 1
2 35 2
2 35 3
2 35 4
2 35 5
2 35 6
2 35 7
2 35 8
2 35 9
2 35 10
2 35 11
2 35 12
2 35 13
2 35 14
2 35 15
2 35 16
2 35 17
2 35 18
2 35 19
2 35 20
2 35 21
2 35 22
2 35 23
2 35 24
2 35 25
2 35 26
2 35 27
2 35 28
2 35 29
2 35 30
2 35 31
2 35 32
2 35 33
2 35 34
2 35 35
2 35 36
2 35 40
2 36 0
2 36 1
2 36 2
2 36 3
2 36 4
2 36 5
2 36 6
2 36 7
2 36 8
2 36 9
2 36 10
2 36 11
2 36 12
2 36 13
2 36 14
2 36 15
2 36 16
2 36 17
2 36 18
2 36 19
2 36 20
2 36 21
2 36 22
2 36 23
2 36 24
2 36 25
2 36 26
2 36 27
2 36 28
2 36 29
2 36 30
2 36 31
2 36 32
2 36 33
2 36 34
2 36 35
2 36 36
2 36 37
2 36 38
2 36 39
2 36 40
3 0 18
3 0 19
3 0 20
3 0 36
3 0 37
3 0 38
3 0 39
3 0 40
3 0 56
3 0 57
3 0 58
3 0 59
3 0 60
3 0 61
3 0 62
3 0 63
3 0 64
3 0 72
3 0 73
3 0 74
3 0 75
3 0 76
3 0 77
3 0 78
3 0 79
3 0 80
3 1 18
3 1 20
3 1 36
3 1 40
3 1 56
3 1 64
3 1 72
3 1 80
3 2 18
3 2 19
3 2 20
3 2 36
3 2 40
3 2 56
3 2 57
3 2 58
3 2 59
3 2 60
3 2 61
3 2 62
3 2 63
3 2 64
3 2 72
3 2 73
3 2 74
3 2 75
3 2 76
3 2 77
3 2 78
3 2 79
3 2 80
3 3 36
3 3 40
3 4 36
3 4 40
3 5 36
3 5 40
3 6 36
3 6 40
3 7 36
3 7 40
3 8 36
3 8 40
3 9 36
3 9 40
3 10 36
3 10 40
3 11 36
3 11 40
3 12 36
3 12 40
3 13 36
3 13 40
3 14 36
3 14 40
3 15 36
3 15 40
3 16 36
3 16 40
3 17 36
3 17 40
3 18 36
3 18 40
3 19 36
3 19 40
3 20 36
3 20 40
3 21 36
3 21 40
3 22 36
3 22 40
3 23 36
3 23 40
3 24 36
3 24 40
3 25 36
3 25 40
3 26 36
3 26 40
3 27 36
3 27 40
3 28 36
3 28 40
3 29 36
3 29 40
3 30 36
3 30 40
3 31 36
3 31 40
3 32 36
3 32 40
3 33 36
3 33 40
3 34 18
3 34 19
3 34 20
3 34 36
3 34 40
3 35 18
3 35 20
3 35 36
3 35 40
3 36 18
3 36 19
3 36 20
3 36 36
3 36 37
3 36 38
3 36 39
3 36 40
4 0 18
4 0 19
4 0 20
4 0 36
4 0 37
4 0 38
4 0 39
4 0 40
4 0 56
4 0 57
4 0 58
4 0 59
4 0 60
4 0 61
4 0 62
4 0 63
4 0 64
4 0 72
4 0 73
4 0 74
4 0 75
4 0 76
4 0 77
4 0 78
4 0 79
4 0 80
4 1 18
4 1 20
4 1 36
4 1 40
4 1 56
4 1 64
4 1 72
4 1 80
4 2 18
4 2 19
4 2 20
4 2 36
4 2 40
4 2 56
4 2 57
4 2 58
4 2 59
4 2 60
4 2 61
4 2 62
4 2 63
4 2 64
4 2 72
4 2 73
4 2 74
4 2 75
4 2 76
4 2 77
4 2 78
4 2 79
4 2 80
4 3 36
4 3 40
4 4 36
4 4 40
4 5 36
4 5 40
4 6 36
4 6 40
4 7 36
4 7 40
4 8 36
4 8 40
4 9 36
4 9 40
4 10 36
4 10 40
4 11 36
4 11 40
4 12 36
4 12 40
4 13 36
4 13 40
4 14 36
4 14 40
4 15 36
4 15 40
4 16 36
4 16 40
4 17 36
4 17 40
4 18 36
4 18 40
4 19 36
4 19 40
4 20 36
4 20 40
4 21 36
4 21 40
4 22 36
4 22 40
4 23 36
4 23 40
4 24 36
4 24 40
4 25 36
4 25 40
4 26 36
4 26 40
4 27 36
4 27 40
4 28 36
4 28 40
4 29 36
4 29 40
4 30 36
4 30 40
4 31 36
4 31 40
4 32 36
4 32 40
4 33 36
4 33 40
4 34 18
4 34 19
4 34 20
4 34 36
4 34 40
4 35 18
4 35 20
4 35 36
4 35 40
4 36 18
4 36 19
4 36 20
4 36 36
4 36 37
4 36 38
4 36 39
4 36 40
5 0 18
5 0 19
5 0 20
5 0 36
5 0 37
5 0 38
5 0 39
5 0 40
5 0 56
5 0 57
5 0 58
5 0 59
5 0 60
5 0 61
5 0 62
5 0 63
5 0 64
5 0 72
5 0 73
5 0 74
5 0 75
5 0 76
5 0 77
5 0 78
5 0 79
5 0 80
5 1 18
5 1 20
5 1 36
5 1 40
5 1 56
5 1 64
5 1 72
5 1 80
5 2 18
5 2 19
5 2 20
5 2 36
5 2 40
5 2 56
5 2 57
5 2 58
5 2 59
5 2 60
5 2 61
5 2 62
5 2 63
5 2 64
5 2 72
5 2 73
5 2 74
5 2 75
5 2 76
5 2 77
5 2 78
5 2 79
5 2 80
5 3 36
5 3 40
5 4 36
5 4 40
5 5 36
5 5 40
5 6 36
5 6 40
5 7 36
5 7 40
5 8 36
5 8 40
5 9 36
5 9 40
5 10 36
5 10 40
5 11 36
5 11 40
5 12 36
5 12 40
5 13 36
5 13 40
5 14 36
5 14 40
5 15 36
5 15 40
5 16 36
5 16 40
5 17 36
5 17 40
5 18 36
5 18 40
5 19 36
5 19 40
5 20 36
5 20 40
5 21 36
5 21 40
5 22 36
5 22 40
5 23 36
5 23 40
5 24 36
5 24 40
5 25 36
5 25 40
5 26 36
5 26 40
5 27 36
5 27 40
5 28 36
5 28 40
5 29 36
5 29 40
5 30 36
5 30 40
5 31 36
5 31 40
5 32 36
5 32 40
5 33 36
5 33 40
5 34 18
5 34 19
5 34 20
5 34 36
5 34 40
5 35 18
5 35 20
5 35 36
5 35 40
5 36 18
5 36 19
5 36 20
5 36 36
5 36 37
5 36 38
5 36 39
5 36 40
6 0 18
6 0 19
6 0 20
6 0 36
6 0 37
6 0 38
6 0 39
6 0 40
6 0 56
6 0 57
6 0 58
6 0 59
6 0 60
6 0 61
6 0 62
6 0 63
6 0 64
6 0 72
6 0 73
6 0 74
6 0 75
6 0 76
6 0 77
6 0 78
6 0 79
6 0 80
6 1 18
6 1 20
6 1 36
6 1 40
6 1 56
6 1 64
6 1 72
6 1 80
6 2 18
6 2 19
6 2 20
6 2 36
6 2 40
6 2 56
6 2 57
6 2 58
6 2 59
6 2 60
6 2 61
6 2 62
6 2 63
6 2 64
6 2 72
6 2 73
6 2 74
6 2 75
6 2 76
6 2 77
6 2 78
6 2 79
6 2 80
6 3 36
6 3 40
6 4 36
6 4 40
6 5 36
6 5 40
6 6 36
6 6 40
6 7 36
6 7 40
6 8 36
6 8 40
6 9 36
6 9 40
6 10 36
6 10 40
6 11 36
6 11 40
6 12 36
6 12 40
6 13 36
6 13 40
6 14 36
6 14 40
6 15 36
6 15 40
6 16 36
6 16 40
6 17 36
6 17 40
6 18 36
6 18 40
6 19 36
6 19 40
6 20 36
6 20 40
6 21 36
6 21 40
6 22 36
6 22 40
6 23 36
6 23 40
6 24 36
6 24 40
6 25 36
6 25 40
6 26 36
6 26 40
6 27 36
6 27 40
6 28 36
6 28 40
6 29 36
6 29 40
6 30 36
6 30 40
6 31 36
6 31 40
6 32 36
6 32 40
6 33 36
6 33 40
6 34 18
6 34 19
6 34 20
6 34 36
6 34 40
6 35 18
6 35 20
6 35 36
6 35 40
6 36 18
6 36 19
6 36 20
6 36 36
6 36 37
6 36 38
6 36 39
6 36 40
7 0 18
7 0 19
7 0 20
7 0 36
7 0 37
7 0 38
7 0 39
7 0 40
7 0 56
7 0 57
7 0 58
7 0 59
7 0 60
7 0 61
7 0 62
7 0 63
7 0 64
7 0 72
7 0 73
7 0 74
7 0 75
7 0 76
7 0 77
7 0 78
7 0 79
7 0 80
7 1 18
7 1 20
7 1 36
7 1 40
7 1 56
7 1 64
7 1 72
7 1 80
7 2 18
7 2 19
7 2 20
7 2 36
7 2 40
7 2 56
7 2 57
7 2 58
7 2 59
7 2 60
7 2 61
7 2 62
7 2 63
7 2 64
7 2 72
7 2 73
7 2 74
7 2 75
7 2 76
7 2 77
7 2 78
7 2 79
7 2 80
7 3 36
7 3 40
7 4 36
7 4 40
7 5 36
7 5 40
7 6 36
7 6 40
7 7 36
7 7 40
7 8 36
7 8 40
7 9 36
7 9 40
7 10 36
7 10 40
7 11 36
7 11 40
7 12 36
7 12 40
7 13 36
7 13 40
7 14 36
7 14 40
7 15 36
7 15 40
7 16 36
7 16 40
7 17 36
7 17 40
7 18 36
7 18 40
7 19 36
7 19 40
7 20 36
7 20 40
7 21 36
7 21 40
7 22 36
7 22 40
7 23 36
7 23 40
7 24 36
7 24 40
7 25 36
7 25 40
7 26 36
7 26 40
7 27 36
7 27 40
7 28 36
7 28 40
7 29 36
7 29 40
7 30 36
7 30 40
7 31 36
7 31 40
7 32 36
7 32 40
7 33 36
7 33 40
7 34 18
7 34 19
7 34 20
7 34 36
7 34 40
7 35 18
7 35 20
7 35 36
7 35 40
7 36 18
7 36 19
7 36 20
7 36 36
7 36 37
7 36 38
7 36 39
7 36 40
8 0 18
8 0 19
8 0 20
8 0 36
8 0 37
8 0 38
8 0 39
8 0 40
8 0 56
8 0 57
8 0 58
8 0 59
8 0 60
8 0 61
8 0 62
8 0 63
8 0 64
8 0 72
8 0 73
8 0 74
8 0 75
8 0 76
8 0 77
8 0 78
8 0 79
8 0 80
8 1 18
8 1 20
8 1 36
8 1 40
8 1 56
8 1 64
8 1 72
8 1 80
8 2 18
8 2 19
8 2 20
8 2 36
8 2 40
8 2 56
8 2 57
8 2 58
8 2 59
8 2 60
8 2 61
8 2 62
8 2 63
8 2 64
8 2 72
8 2 73
8 2 74
8 2 75
8 2 76
8 2 77
8 2 78
8 2 79
8 2 80
8 3 36
8 3 40
8 4 36
8 4 40
8 5 36
8 5 40
8 6 36
8 6 40
8 7 36
8 7 40
8 8 36
8 8 40
8 9 36
8 9 40
8 10 36
8 10 40
8 11 36
8 11 40
8 12 36
8 12 40
8 13 36
8 13 40
8 14 36
8 14 40
8 15 36
8 15 40
8 16 36
8 16 40
8 17 36
8 17 40
8 18 36
8 18 40
8 19 36
8 19 40
8 20 36
8 20 40
8 21 36
8 21 40
8 22 36
8 22 40
8 23 36
8 23 40
8 24 36
8 24 40
8 25 36
8 25 40
8 26 36
8 26 40
8 27 36
8 27 40
8 28 36
8 28 40
8 29 36
8 29 40
8 30 36
8 30 40
8 31 36
8 31 40
8 32 36
8 32 40
8 33 36
8 33 40
8 34 18
8 34 19
8 34 20
8 34 36
8 34 40
8 35 18
8 35 20
8 35 36
8 35 40
8 36 18
8 36 19
8 36 20
8 36 36
8 36 37
8 36 38
8 36 39
8 36 40
9 0 18
9 0 19
9 0 20
9 0 36
9 0 37
9 0 38
9 0 39
9 0 40
9 0 56
9 0 57
9 0 58
9 0 59
9 0 60
9 0 61
9 0 62
9 0 63
9 0 64
9 0 72
9 0 73
9 0 74
9 0 75
9 0 76
9 0 77
9 0 78
9 0 79
9 0 80
9 1 18
9 1 20
9 1 36
9 1 40
9 1 56
9 1 64
9 1 72
9 1 80
9 2 18
9 2 19
9 2 20
9 2 36
9 2 40
9 2 56
9 2 57
9 2 58
9 2 59
9 2 60
9 2 61
9 2 62
9 2 63
9 2 64
9 2 72
9 2 73
9 2 74
9 2 75
9 2 76
9 2 77
9 2 78
9 2 79
9 2 80
9 3 36
9 3 40
9 4 36
9 4 40
9 5 36
9 5 40
9 6 36
9 6 40
9 7 36
9 7 40
9 8 36
9 8 40
9 9 36
9 9 40
9 10 36
9 10 40
9 11 36
9 11 40
9 12 36
9 12 40
9 13 36
9 13 40
9 14 36
9 14 40
9 15 36
9 15 40
9 16 36
9 16 40
9 17 36
9 17 40
9 18 36
9 18 40
9 19 36
9 19 40
9 20 36
9 20 40
9 21 36
9 21 40
9 22 36
9 22 40
9 23 36
9 23 40
9 24 36
9 24 40
9 25 36
9 25 40
9 26 36
9 26 40
9 27 36
9 27 40
9 28 36
9 28 40
9 29 36
9 29 40
9 30 36
9 30 40
9 31 36
9 31 40
9 32 36
9 32 40
9 33 36
9 33 40
9 34 18
9 34 19
9 34 20
9 34 36
9 34 40
9 35 18
9 35 20
9 35 36
9 35 40
9 36 18
9 36 19
9 36 20
9 36 36
9 36 37
9 36 38
9 36 39
9 36 40
10 0 18
10 0 19
10 0 20
10 0 36
10 0 37
10 0 38
10 0 39
10 0 40
10 0 56
10 0 57
10 0 58
10 0 59
10 0 60
10 0 61
10 0 62
10 0 63
10 0 64
10 0 72
10 0 73
10 0 74
10 0 75
10 0 76
10 0 77
10 0 78
10 0 79
10 0 80
10 1 18
10 1 20
10 1 36
10 1 40
10 1 56
10 1 64
10 1 72
10 1 80
10 2 18
10 2 19
10 2 20
10 2 36
10 2 40
10 2 56
10 2 57
10 2 58
10 2 59
10 2 60
10 2 61
10 2 62
10 2 63
10 2 64
10 2 72
10 2 73
10 2 74
10 2 75
10 2 76
10 2 77
10 2 78
10 2 79
10 2 80
10 3 36
10 3 40
10 4 36
10 4 40
10 5 36
10 5 40
10 6 36
10 6 40
10 7 36
10 7 40
10 8 36
10 8 40
10 9 36
10 9 40
10 10 36
10 10 40
10 11 36
10 11 40
10 12 36
10 12 40
10 13 36
10 13 40
10 14 36
10 14 40
10 15 36
10 15 40
10 16 36
10 16 40
10 17 36
10 17 40
10 18 36
10 18 40
10 19 36
10 19 40
10 20 36
10 20 40
10 21 36
10 21 40
10 22 36
10 22 40
10 23 36
10 23 40
10 24 36
10 24 40
10 25 36
10 25 40
10 26 36
10 26 40
10 27 36
10 27 40
10 28 36
10 28 40
10 29 36
10 29 40
10 30 36
10 30 40
10 31 36
10 31 40
10 32 36
10 32 40
10 33 36
10 33 40
10 34 18
10 34 19
10 34 20
10 34 36
10 34 40
10 35 18
10 35 20
10 35 36
10 35 40
10 36 18
10 36 19
10 36 20
10 36 36
10 36 37
10 36 38
10 36 39
10 36 40
11 0 18
11 0 19
11 0 20
11 0 36
11 0 37
11 0 38
11 0 39
11 0 40
11 0 56
11 0 57
11 0 58
11 0 59
11 0 60
11 0 61
11 0 62
11 0 63
11 0 64
11 0 72
11 0 73
11 0 74
11 0 75
11 0 76
11 0 77
11 0 78
11 0 79
11 0 80
11 1 18
11 1 20
11 1 36
11 1 40
11 1 56
11 1 64
11 1 72
11 1 80
11 2 18
11 2 19
11 2 20
11 2 36
11 2 40
11 2 56
11 2 57
11 2 58
11 2 59
11 2 60
11 2 61
11 2 62
11 2 63
11 2 64
11 2 72
11 2 73
11 2 74
11 2 75
11 2 76
11 2 77
11 2 78
11 2 79
11 2 80
11 3 36
11 3 40
11 4 36
11 4 40
11 5 36
11 5 40
11 6 36
11 6 40
11 7 36
11 7 40
11 8 36
11 8 40
11 9 36
11 9 40
11 10 36
11 10 40
11 11 36
11 11 40
11 12 36
11 12 40
11 13 36
11 13 40
11 14 36
11 14 40
11 15 36
11 15 40
11 16 36
11 16 40
11 17 36
11 17 40
11 18 36
11 18 40
11 19 36
11 19 40
11 20 36
11 20 40
11 21 36
11 21 40
11 22 36
11 22 40
11 23 36
11 23 40
11 24 36
11 24 40
11 25 36
11 25 40
11 26 36
11 26 40
11 27 36
11 27 40
11 28 36
11 28 40
11 29 36
11 29 40
11 30 36
11 30 40
11 31 36
11 31 40
11 32 36
11 32 40
11 33 36
11 33 40
11 34 18
11 34 19
11 34 20
11 34 36
11 34 40
11 35 18
11 35 20
11 35 36
11 35 40
11 36 18
11 36 19
11 36 20
11 36 36
11 36 37
11 36 38
11 36 39
11 36 40
12 0 18
12 0 19
12 0 20
12 0 36
12 0 37
12 0 38
12 0 39
12 0 40
12 0 56
12 0 57
12 0 58
12 0 59
12 0 60
12 0 61
12 0 62
12 0 63
12 0 64
12 0 72
12 0 73
12 0 74
12 0 75
12 0 76
12 0 77
12 0 78
12 0 79
12 0 80
12 1 18
12 1 20
12 1 36
12 1 40
12 1 56
12 1 64
12 1 72
12 1 80
12 2 18
12 2 19
12 2 20
12 2 36
12 2 40
12 2 56
12 2 57
12 2 58
12 2 59
12 2 60
12 2 61
12 2 62
12 2 63
12 2 64
12 2 72
12 2 73
12 2 74
12 2 75
12 2 76
12 2 77
12 2 78
12 2 79
12 2 80
12 3 36
12 3 40
12 4 36
12 4 40
12 5 36
12 5 40
12 6 36
12 6 40
12 7 36
12 7 40
12 8 36
12 8 40
12 9 36
12 9 40
12 10 36
12 10 40
12 11 36
12 11 40
12 12 36
12 12 40
12 13 36
12 13 40
12 14 36
12 14 40
12 15 36
12 15 40
12 16 36
12 16 40
12 17 36
12 17 40
12 18 36
12 18 40
12 19 36
12 19 40
12 20 36
12 20 40
12 21 36
12 21 40
12 22 36
12 22 40
12 23 36
12 23 40
12 24 36
12 24 40
12 25 36
12 25 40
12 26 36
12 26 40
12 27 36
12 27 40
12 28 36
12 28 40
12 29 36
12 29 40
12 30 36
12 30 40
12 31 36
12 31 40
12 32 36
12 32 40
12 33 36
12 33 40
12 34 18
12 34 19
12 34 20
12 34 36
12 34 40
12 35 18
12 35 20
12 35 36
12 35 40
12 36 18
12 36 19
12 36 20
12 36 36
12 36 37
12 36 38
12 36 39
12 36 40
13 0 18
13 0 19
13 0 20
13 0 36
13 0 37
13 0 38
13 0 39
13 0 40
13 0 56
13 0 57
13 0 58
13 0 59
13 0 60
13 0 61
13 0 62
13 0 63
13 0 64
13 0 72
13 0 73
13 0 74
13 0 75
13 0 76
13 0 77
13 0 78
13 0 79
13 0 80
13 1 18
13 1 20
13 1 36
13 1 40
13 1 56
13 1 64
13 1 72
13 1 80
13 2 18
13 2 19
13 2 20
13 2 36
13 2 40
13 2 56
13 2 57
13 2 58
13 2 59
13 2 60
13 2 61
13 2 62
13 2 63
13 2 64
13 2 72
13 2 73
13 2 74
13 2 75
13 2 76
13 2 77
13 2 78
13 2 79
13 2 80
13 3 36
13 3 40
13 4 36
13 4 40
13 5 36
13 5 40
13 6 36
13 6 40
13 7 36
13 7 40
13 8 36
13 8 40
13 9 36
13 9 40
13 10 36
13 10 40
13 11 36
13 11 40
13 12 36
13 12 40
13 13 36
13 13 40
13 14 36
13 14 40
13 15 36
13 15 40
13 16 36
13 16 40
13 17 36
13 17 40
13 18 36
13 18 40
13 19 36
13 19 40
13 20 36
13 20 40
13 21 36
13 21 40
13 22 36
13 22 40
13 23 36
13 23 40
13 24 36
13 24 40
13 25 36
13 25 40
13 26 36
13 26 40
13 27 36
13 27 40
13 28 36
13 28 40
13 29 36
13 29 40
13 30 36
13 30 40
13 31 36
13 31 40
13 32 36
13 32 40
13 33 36
13 33 40
13 34 18
13 34 19
13 34 20
13 34 36
13 34 40
13 35 18
13 35 20
13 35 36
13 35 40
13 36 18
13 36 19
13 36 20
13 36 36
13 36 37
13 36 38
13 36 39
13 36 40
14 0 18
14 0 19
14 0 20
14 0 36
14 0 37
14 0 38
14 0 39
14 0 40
14 0 56
14 0 57
14 0 58
14 0 59
14 0 60
14 0 61
14 0 62
14 0 63
14 0 64
14 0 72
14 0 73
14 0 74
14 0 75
14 0 76
14 0 77
14 0 78
14 0 79
14 0 80
14 1 18
14 1 20
14 1 36
14 1 40
14 1 56
14 1 64
14 1 72
14 1 80
14 2 18
14 2 19
14 2 20
14 2 36
14 2 40
14 2 56
14 2 57
14 2 58
14 2 59
14 2 60
14 2 61
14 2 62
14 2 63
14 2 64
14 2 72
14 2 73
14 2 74
14 2 75
14 2 76
14 2 77
14 2 78
14 2 79
14 2 80
14 3 36
14 3 40
14 4 36
14 4 40
14 5 36
14 5 40
14 6 36
14 6 40
14 7 36
14 7 40
14 8 36
14 8 40
14 9 36
14 9 40
14 10 36
14 10 40
14 11 36
14 11 40
14 12 36
14 12 40
14 13 36
14 13 40
14 14 36
14 14 40
14 15 36
14 15 40
14 16 36
14 16 40
14 17 36
14 17 40
14 18 36
14 18 40
14 19 36
14 19 40
14 20 36
14 20 40
14 21 36
14 21 40
14 22 36
14 22 40
14 23 36
14 23 40
14 24 36
14 24 40
14 25 36
14 25 40
14 26 36
14 26 40
14 27 36
14 27 40
14 28 36
14 28 40
14 29 36
14 29 40
14 30 36
14 30 40
14 31 36
14 31 40
14 32 36
14 32 40
14 33 36
14 33 40
14 34 18
14 34 19
14 34 20
14 34 36
14 34 40
14 35 18
14 35 20
14 35 36
14 35 40
14 36 18
14 36 19
14 36 20
14 36 36
14 36 37
14 36 38
14 36 39
14 36 40
15 0 18
15 0 19
15 0 20
15 0 36
15 0 37
15 0 38
15 0 39
15 0 40
15 0 56
15 0 57
15 0 58
15 0 59
15 0 60
15 0 61
15 0 62
15 0 63
15 0 64
15 0 72
15 0 73
15 0 74
15 0 75
15 0 76
15 0 77
15 0 78
15 0 79
15 0 80
15 1 18
15 1 20
15 1 36
15 1 40
15 1 56
15 1 64
15 1 72
15 1 80
15 2 18
15 2 19
15 2 20
15 2 36
15 2 40
15 2 56
15 2 57
15 2 58
15 2 59
15 2 60
15 2 61
15 2 62
15 2 63
15 2 64
15 2 72
15 2 73
15 2 74
15 2 75
15 2 76
15 2 77
15 2 78
15 2 79
15 2 80
15 3 36
15 3 40
15 4 36
15 4 40
15 5 36
15 5 40
15 6 36
15 6 40
15 7 36
15 7 40
15 8 36
15 8 40
15 9 36
15 9 40
15 10 36
15 10 40
15 11 36
15 11 40
15 12 36
15 12 40
15 13 36
15 13 40
15 14 36
15 14 40
15 15 36
15 15 40
15 16 36
15 16 40
15 17 36
15 17 40
15 18 36
15 18 40
15 19 36
15 19 40
15 20 36
15 20 40
15 21 36
15 21 40
15 22 36
15 22 40
15 23 36
15 23 40
15 24 36
15 24 40
15 25 36
15 25 40
15 26 36
15 26 40
15 27 36
15 27 40
15 28 36
15 28 40
15 29 36
15 29 40
15 30 36
15 30 40
15 31 36
15 31 40
15 32 36
15 32 40
15 33 36
15 33 40
15 34 18
15 34 19
15 34 20
15 34 36
15 34 40
15 35 18
15 35 20
15 35 36
15 35 40
15 36 18
15 36 19
15 36 20
15 36 36
15 36 37
15 36 38
15 36 39
15 36 40
16 0 18
16 0 19
16 0 20
16 0 36
16 0 37
16 0 38
16 0 39
16 0 40
16 0 56
16 0 57
16 0 58
16 0 59
16 0 60
16 0 61
16 0 62
16 0 63
16 0 64
16 0 72
16 0 73
16 0 74
16 0 75
16 0 76
16 0 77
16 0 78
16 0 79
16 0 80
16 1 18
16 1 20
16 1 36
16 1 40
16 1 56
16 1 64
16 1 72
16 1 80
16 2 18
16 2 19
16 2 20
16 2 36
16 2 40
16 2 56
16 2 57
16 2 58
16 2 59
16 2 60
16 2 61
16 2 62
16 2 63
16 2 64
16 2 72
16 2 73
16 2 74
16 2 75
16 2 76
16 2 77
16 2 78
16 2 79
16 2 80
16 3 36
16 3 40
16 4 36
16 4 40
16 5 36
16 5 40
16 6 36
16 6 40
16 7 36
16 7 40
16 8 36
16 8 40
16 9 36
16 9 40
16 10 36
16 10 40
16 11 36
16 11 40
16 12 36
16 12 40
16 13 36
16 13 40
16 14 36
16 14 40
16 15 36
16 15 40
16 16 36
16 16 40
16 17 36
16 17 40
16 18 36
16 18 40
16 19 36
16 19 40
16 20 36
16 20 40
16 21 36
16 21 40
16 22 36
16 22 40
16 23 36
16 23 40
16 24 36
16 24 40
16 25 36
16 25 40
16 26 36
16 26 40
16 27 36
16 27 40
16 28 36
16 28 40
16 29 36
16 29 40
16 30 36
16 30 40
16 31 36
16 31 40
16 32 36
16 32 40
16 33 36
16 33 40
16 34 18
16 34 19
16 34 20
16 34 36
16 34 40
16 35 18
16 35 20
16 35 36
16 35 40
16 36 18
16 36 19
16 36 20
16 36 36
16 36 37
16 36 38
16 36 39
16 36 40
17 0 18
17 0 19
17 0 20
17 0 36
17 0 37
17 0 38
17 0 39
17 0 40
17 0 56
17 0 57
17 0 58
17 0 59
17 0 60
17 0 61
17 0 62
17 0 63
17 0 64
17 0 72
17 0 73
17 0 74
17 0 75
17 0 76
17 0 77
17 0 78
17 0 79
17 0 80
17 1 18
17 1 20
17 1 36
17 1 40
17 1 56
17 1 64
17 1 72
17 1 80
17 2 18
17 2 19
17 2 20
17 2 36
17 2 40
17 2 56
17 2 57
17 2 58
17 2 59
17 2 60
17 2 61
17 2 62
17 2 63
17 2 64
17 2 72
17 2 73
17 2 74
17 2 75
17 2 76
17 2 77
17 2 78
17 2 79
17 2 80
17 3 36
17 3 40
17 4 36
17 4 40
17 5 36
17 5 40
17 6 36
17 6 40
17 7 36
17 7 40
17 8 36
17 8 40
17 9 36
17 9 40
17 10 36
17 10 40
17 11 36
17 11 40
17 12 36
17 12 40
17 13 36
17 13 40
17 14 36
17 14 40
17 15 36
17 15 40
17 16 36
17 16 40
17 17 36
17 17 40
17 18 36
17 18 40
17 19 36
17 19 40
17 20 36
17 20 40
17 21 36
17 21 40
17 22 36
17 22 40
17 23 36
17 23 40
17 24 36
17 24 40
17 25 36
17 25 40
17 26 36
17 26 40
17 27 36
17 27 40
17 28 36
17 28 40
17 29 36
17 29 40
17 30 36
17 30 40
17 31 36
17 31 40
17 32 36
17 32 40
17 33 36
17 33 40
17 34 18
17 34 19
17 34 20
17 34 36
17 34 40
17 35 18
17 35 20
17 35 36
17 35 40
17 36 18
17 36 19
17 36 20
17 36 36
17 36 37
17 36 38
17 36 39
17 36 40
18 0 18
18 0 19
18 0 20
18 0 36
18 0 37
18 0 38
18 0 39
18 0 40
18 0 56
18 0 57
18 0 58
18 0 59
18 0 60
18 0 61
18 0 62
18 0 63
18 0 64
18 0 72
18 0 73
18 0 74
18 0 75
18 0 76
18 0 77
18 0 78
18 0 79
18 0 80
18 1 18
18 1 20
18 1 36
18 1 40
18 1 56
18 1 64
18 1 72
18 1 80
18 2 18
18 2 19
18 2 20
18 2 36
18 2 40
18 2 56
18 2 57
18 2 58
18 2 59
18 2 60
18 2 61
18 2 62
18 2 63
18 2 64
18 2 72
18 2 73
18 2 74
18 2 75
18 2 76
18 2 77
18 2 78
18 2 79
18 2 80
18 3 36
18 3 40
18 4 36
18 4 40
18 5 36
18 5 40
18 6 36
18 6 40
18 7 36
18 7 40
18 8 36
18 8 40
18 9 36
18 9 40
18 10 36
18 10 40
18 11 36
18 11 40
18 12 36
18 12 40
18 13 36
18 13 40
18 14 36
18 14 40
18 15 36
18 15 40
18 16 36
18 16 40
18 17 36
18 17 40
18 18 36
18 18 40
18 19 36
18 19 40
18 20 36
18 20 40
18 21 36
18 21 40
18 22 36
18 22 40
18 23 36
18 23 40
18 24 36
18 24 40
18 25 36
18 25 40
18 26 36
18 26 40
18 27 36
18 27 40
18 28 36
18 28 40
18 29 36
18 29 40
18 30 36
18 30 40
18 31 36
18 31 40
18 32 36
18 32 40
18 33 36
18 33 40
18 34 18
18 34 19
18 34 20
18 34 36
18 34 40
18 35 18
18 35 20
18 35 36
18 35 40
18 36 18
18 36 19
18 36 20
18 36 36
18 36 37
18 36 38
18 36 39
18 36 40
19 0 18
19 0 19
19 0 20
19 0 36
19 0 37
19 0 38
19 0 39
19 0 40
19 0 56
19 0 57
19 0 58
19 0 59
19 0 60
19 0 61
19 0 62
19 0 63
19 0 64
19 0 72
19 0 73
19 0 74
19 0 75
19 0 76
19 0 77
19 0 78
19 0 79
19 0 80
19 1 18
19 1 20
19 1 36
19 1 40
19 1 56
19 1 64
19 1 72
19 1 80
19 2 18
19 2 19
19 2 20
19 2 36
19 2 40
19 2 56
19 2 57
19 2 58
19 2 59
19 2 60
19 2 61
19 2 62
19 2 63
19 2 64
19 2 72
19 2 73
19 2 74
19 2 75
19 2 76
19 2 77
19 2 78
19 2 79
19 2 80
19 3 36
19 3 40
19 4 36
19 4 40
19 5 36
19 5 40
19 6 36
19 6 40
19 7 36
19 7 40
19 8 36
19 8 40
19 9 36
19 9 40
19 10 36
19 10 40
19 11 36
19 11 40
19 12 36
19 12 40
19 13 36
19 13 40
19 14 36
19 14 40
19 15 36
19 15 40
19 16 36
19 16 40
19 17 36
19 17 40
19 18 36
19 18 40
19 19 36
19 19 40
19 20 36
19 20 40
19 21 36
19 21 40
19 22 36
19 22 40
19 23 36
19 23 40
19 24 36
19 24 40
19 25 36
19 25 40
19 26 36
19 26 40
19 27 36
19 27 40
19 28 36
19 28 40
19 29 36
19 29 40
19 30 36
19 30 40
19 31 36
19 31 40
19 32 36
19 32 40
19 33 36
19 33 40
19 34 18
19 34 19
19 34 20
19 34 36
19 34 40
19 35 18
19 35 20
19 35 36
19 35 40
19 36 18
19 36 19
19 36 20
19 36 36
19 36 37
19 36 38
19 36 39
19 36 40
20 0 18
20 0 19
20 0 20
20 0 36
20 0 37
20 0 38
20 0 39
20 0 40
20 0 56
20 0 57
20 0 58
20 0 59
20 0 60
20 0 61
20 0 62
20 0 63
20 0 64
20 0 72
20 0 73
20 0 74
20 0 75
20 0 76
20 0 77
20 0 78
20 0 79
20 0 80
20 1 18
20 1 20
20 1 36
20 1 40
20 1 56
20 1 64
20 1 72
20 1 80
20 2 18
20 2 19
20 2 20
20 2 36
20 2 40
20 2 56
20 2 57
20 2 58
20 2 59
20 2 60
20 2 61
20 2 62
20 2 63
20 2 64
20 2 72
20 2 73
20 2 74
20 2 75
20 2 76
20 2 77
20 2 78
20 2 79
20 2 80
20 3 36
20 3 40
20 4 36
20 4 40
20 5 36
20 5 40
20 6 36
20 6 40
20 7 36
20 7 40
20 8 36
20 8 40
20 9 36
20 9 40
20 10 36
20 10 40
20 11 36
20 11 40
20 12 36
20 12 40
20 13 36
20 13 40
20 14 36
20 14 40
20 15 36
20 15 40
20 16 36
20 16 40
20 17 36
20 17 40
20 18 36
20 18 40
20 19 36
20 19 40
20 20 36
20 20 40
20 21 36
20 21 40
20 22 36
20 22 40
20 23 36
20 23 40
20 24 36
20 24 40
20 25 36
20 25 40
20 26 36
20 26 40
20 27 36
20 27 40
20 28 36
20 28 40
20 29 36
20 29 40
20 30 36
20 30 40
20 31 36
20 31 40
20 32 36
20 32 40
20 33 36
20 33 40
20 34 18
20 34 19
20 34 20
20 34 36
20 34 40
20 35 18
20 35 20
20 35 36
20 35 40
20 36 18
20 36 19
20 36 20
20 36 36
20 36 37
20 36 38
20 36 39
20 36 40
21 0 18
21 0 19
21 0 20
21 0 36
21 0 37
21 0 38
21 0 39
21 0 40
21 0 56
21 0 57
21 0 58
21 0 59
21 0 60
21 0 61
21 0 62
21 0 63
21 0 64
21 0 72
21 0 73
21 0 74
21 0 75
21 0 76
21 0 77
21 0 78
21 0 79
21 0 80
21 1 18
21 1 20
21 1 36
21 1 40
21 1 56
21 1 64
21 1 72
21 1 80
21 2 18
21 2 19
21 2 20
21 2 36
21 2 40
21 2 56
21 2 57
21 2 58
21 2 59
21 2 60
21 2 61
21 2 62
21 2 63
21 2 64
21 2 72
21 2 73
21 2 74
21 2 75
21 2 76
21 2 77
21 2 78
21 2 79
21 2 80
21 3 36
21 3 40
21 4 36
21 4 40
21 5 36
21 5 40
21 6 36
21 6 40
21 7 36
21 7 40
21 8 36
21 8 40
21 9 36
21 9 40
21 10 36
21 10 40
21 11 36
21 11 40
21 12 36
21 12 40
21 13 36
21 13 40
21 14 36
21 14 40
21 15 36
21 15 40
21 16 36
21 16 40
21 17 36
21 17 40
21 18 36
21 18 40
21 19 36
21 19 40
21 20 36
21 20 40
21 21 36
21 21 40
21 22 36
21 22 40
21 23 36
21 23 40
21 24 36
21 24 40
21 25 36
21 25 40
21 26 36
21 26 40
21 27 36
21 27 40
21 28 36
21 28 40
21 29 36
21 29 40
21 30 36
21 30 40
21 31 36
21 31 40
21 32 36
21 32 40
21 33 36
21 33 40
21 34 18
21 34 19
21 34 20
21 34 36
21 34 40
21 35 18
21 35 20
21 35 36
21 35 40
21 36 18
21 36 19
21 36 20
21 36 36
21 36 37
21 36 38
21 36 39
21 36 40
22 0 18
22 0 19
22 0 20
22 0 36
22 0 37
22 0 38
22 0 39
22 0 40
22 0 56
22 0 57
22 0 58
22 0 59
22 0 60
22 0 61
22 0 62
22 0 63
22 0 64
22 0 72
22 0 73
22 0 74
22 0 75
22 0 76
22 0 77
22 0 78
22 0 79
22 0 80
22 1 18
22 1 20
22 1 36
22 1 40
22 1 56
22 1 64
22 1 72
22 1 80
22 2 18
22 2 19
22 2 20
22 2 36
22 2 40
22 2 56
22 2 57
22 2 58
22 2 59
22 2 60
22 2 61
22 2 62
22 2 63
22 2 64
22 2 72
22 2 73
22 2 74
22 2 75
22 2 76
22 2 77
22 2 78
22 2 79
22 2 80
22 3 36
22 3 40
22 4 36
22 4 40
22 5 36
22 5 40
22 6 36
22 6 40
22 7 36
22 7 40
22 8 36
22 8 40
22 9 36
22 9 40
22 10 36
22 10 40
22 11 36
22 11 40
22 12 36
22 12 40
22 13 36
22 13 40
22 14 36
22 14 40
22 15 36
22 15 40
22 16 36
22 16 40
22 17 36
22 17 40
22 18 36
22 18 40
22 19 36
22 19 40
22 20 36
22 20 40
22 21 36
22 21 40
22 22 36
22 22 40
22 23 36
22 23 40
22 24 36
22 24 40
22 25 36
22 25 40
22 26 36
22 26 40
22 27 36
22 27 40
22 28 36
22 28 40
22 29 36
22 29 40
22 30 36
22 30 40
22 31 36
22 31 40
22 32 36
22 32 40
22 33 36
22 33 40
22 34 18
22 34 19
22 34 20
22 34 36
22 34 40
22 35 18
22 35 20
22 35 36
22 35 40
22 36 18
22 36 19
22 36 20
22 36 36
22 36 37
22 36 38
22 36 39
22 36 40
23 0 18
23 0 19
23 0 20
23 0 36
23 0 37
23 0 38
23 0 39
23 0 40
23 0 56
23 0 57
23 0 58
23 0 59
23 0 60
23 0 61
23 0 62
23 0 63
23 0 64
23 0 72
23 0 73
23 0 74
23 0 75
23 0 76
23 0 77
23 0 78
23 0 79
23 0 80
23 1 18
23 1 20
23 1 36
23 1 40
23 1 56
23 1 64
23 1 72
23 1 80
23 2 18
23 2 19
23 2 20
23 2 36
23 2 40
23 2 56
23 2 57
23 2 58
23 2 59
23 2 60
23 2 61
23 2 62
23 2 63
23 2 64
23 2 72
23 2 73
23 2 74
23 2 75
23 2 76
23 2 77
23 2 78
23 2 79
23 2 80
23 3 36
23 3 40
23 4 36
23 4 40
23 5 36
23 5 40
23 6 36
23 6 40
23 7 36
23 7 40
23 8 36
23 8 40
23 9 36
23 9 40
23 10 36
23 10 40
23 11 36
23 11 40
23 12 36
23 12 40
23 13 36
23 13 40
23 14 36
23 14 40
23 15 36
23 15 40
23 16 36
23 16 40
23 17 36
23 17 40
23 18 36
23 18 40
23 19 36
23 19 40
23 20 36
23 20 40
23 21 36
23 21 40
23 22 36
23 22 40
23 23 36
23 23 40
23 24 36
23 24 40
23 25 36
23 25 40
23 26 36
23 26 40
23 27 36
23 27 40
23 28 36
23 28 40
23 29 36
23 29 40
23 30 36
23 30 40
23 31 36
23 31 40
23 32 36
23 32 40
23 33 36
23 33 40
23 34 18
23 34 19
23 34 20
23 34 36
23 34 40
23 35 18
23 35 20
23 35 36
23 35 40
23 36 18
23 36 19
23 36 20
23 36 36
23 36 37
23 36 38
23 36 39
23 36 40
24 0 18
24 0 19
24 0 20
24 0 36
24 0 37
24 0 38
24 0 39
24 0 40
24 0 56
24 0 57
24 0 58
24 0 59
24 0 60
24 0 61
24 0 62
24 0 63
24 0 64
24 0 72
24 0 73
24 0 74
24 0 75
24 0 76
24 0 77
24 0 78
24 0 79
24 0 80
24 1 18
24 1 20
24 1 36
24 1 40
24 1 56
24 1 64
24 1 72
24 1 80
24 2 18
24 2 19
24 2 20
24 2 36
24 2 40
24 2 56
24 2 57
24 2 58
24 2 59
24 2 60
24 2 61
24 2 62
24 2 63
24 2 64
24 2 72
24 2 73
24 2 74
24 2 75
24 2 76
24 2 77
24 2 78
24 2 79
24 2 80
24 3 36
24 3 40
24 4 36
24 4 40
24 5 36
24 5 40
24 6 36
24 6 40
24 7 36
24 7 40
24 8 36
24 8 40
24 9 36
24 9 40
24 10 36
24 10 40
24 11 36
24 11 40
24 12 36
24 12 40
24 13 36
24 13 40
24 14 36
24 14 40
24 15 36
24 15 40
24 16 36
24 16 40
24 17 36
24 17 40
24 18 36
24 18 40
24 19 36
24 19 40
24 20 36
24 20 40
24 21 36
24 21 40
24 22 36
24 22 40
24 23 36
24 23 40
24 24 36
24 24 40
24 25 36
24 25 40
24 26 36
24 26 40
24 27 36
24 27 40
24 28 36
24 28 40
24 29 36
24 29 40
24 30 36
24 30 40
24 31 36
24 31 40
24 32 36
24 32 40
24 33 36
24 33 40
24 34 18
24 34 19
24 34 20
24 34 36
24 34 40
24 35 18
24 35 20
24 35 36
24 35 40
24 36 18
24 36 19
24 36 20
24 36 36
24 36 37
24 36 38
24 36 39
24 36 40
25 0 18
25 0 19
25 0 20
25 0 36
25 0 37
25 0 38
25 0 39
25 0 40
25 0 56
25 0 57
25 0 58
25 0 59
25 0 60
25 0 61
25 0 62
25 0 63
25 0 64
25 0 72
25 0 73
25 0 74
25 0 75
25 0 76
25 0 77
25 0 78
25 0 79
25 0 80
25 1 18
25 1 20
25 1 36
25 1 40
25 1 56
25 1 64
25 1 72
25 1 80
25 2 18
25 2 19
25 2 20
25 2 36
25 2 40
25 2 56
25 2 57
25 2 58
25 2 59
25 2 60
25 2 61
25 2 62
25 2 63
25 2 64
25 2 72
25 2 73
25 2 74
25 2 75
25 2 76
25 2 77
25 2 78
25 2 79
25 2 80
25 3 36
25 3 40
25 4 36
25 4 40
25 5 36
25 5 40
25 6 36
25 6 40
25 7 36
25 7 40
25 8 36
25 8 40
25 9 36
25 9 40
25 10 36
25 10 40
25 11 36
25 11 40
25 12 36
25 12 40
25 13 36
25 13 40
25 14 36
25 14 40
25 15 36
25 15 40
25 16 36
25 16 40
25 17 36
25 17 40
25 18 36
25 18 40
25 19 36
25 19 40
25 20 36
25 20 40
25 21 36
25 21 40
25 22 36
25 22 40
25 23 36
25 23 40
25 24 36
25 24 40
25 25 36
25 25 40
25 26 36
25 26 40
25 27 36
25 27 40
25 28 36
25 28 40
25 29 36
25 29 40
25 30 36
25 30 40
25 31 36
25 31 40
25 32 36
25 32 40
25 33 36
25 33 40
25 34 18
25 34 19
25 34 20
25 34 36
25 34 40
25 35 18
25 35 20
25 35 36
25 35 40
25 36 18
25 36 19
25 36 20
25 36 36
25 36 37
25 36 38
25 36 39
25 36 40
26 0 18
26 0 19
26 0 20
26 0 36
26 0 37
26 0 38
26 0 39
26 0 40
26 0 56
26 0 57
26 0 58
26 0 59
26 0 60
26 0 61
26 0 62
26 0 63
26 0 64
26 0 72
26 0 73
26 0 74
26 0 75
26 0 76
26 0 77
26 0 78
26 0 79
26 0 80
26 1 18
26 1 20
26 1 36
26 1 40
26 1 56
26 1 64
26 1 72
26 1 80
26 2 18
26 2 19
26 2 20
26 2 36
26 2 40
26 2 56
26 2 57
26 2 58
26 2 59
26 2 60
26 2 61
26 2 62
26 2 63
26 2 64
26 2 72
26 2 73
26 2 74
26 2 75
26 2 76
26 2 77
26 2 78
26 2 79
26 2 80
26 3 36
26 3 40
26 4 36
26 4 40
26 5 36
26 5 40
26 6 36
26 6 40
26 7 36
26 7 40
26 8 36
26 8 40
26 9 36
26 9 40
26 10 36
26 10 40
26 11 36
26 11 40
26 12 36
26 12 40
26 13 36
26 13 40
26 14 36
26 14 40
26 15 36
26 15 40
26 16 36
26 16 40
26 17 36
26 17 40
26 18 36
26 18 40
26 19 36
26 19 40
26 20 36
26 20 40
26 21 36
26 21 40
26 22 36
26 22 40
26 23 36
26 23 40
26 24 36
26 24 40
26 25 36
26 25 40
26 26 36
26 26 40
26 27 36
26 27 40
26 28 36
26 28 40
26 29 36
26 29 40
26 30 36
26 30 40
26 31 36
26 31 40
26 32 36
26 32 40
26 33 36
26 33 40
26 34 18
26 34 19
26 34 20
26 34 36
26 34 40
26 35 18
26 35 20
26 35 36
26 35 40
26 36 18
26 36 19
26 36 20
26 36 36
26 36 37
26 36 38
26 36 39
26 36 40
27 0 18
27 0 19
27 0 20
27 0 36
27 0 37
27 0 38
27 0 39
27 0 40
27 0 56
27 0 57
27 0 58
27 0 59
27 0 60
27 0 61
27 0 62
27 0 63
27 0 64
27 0 72
27 0 73
27 0 74
27 0 75
27 0 76
27 0 77
27 0 78
27 0 79
27 0 80
27 1 18
27 1 20
27 1 36
27 1 40
27 1 56
27 1 64
27 1 72
27 1 80
27 2 18
27 2 19
27 2 20
27 2 36
27 2 40
27 2 56
27 2 57
27 2 58
27 2 59
27 2 60
27 2 61
27 2 62
27 2 63
27 2 64
27 2 72
27 2 73
27 2 74
27 2 75
27 2 76
27 2 77
27 2 78
27 2 79
27 2 80
27 3 36
27 3 40
27 4 36
27 4 40
27 5 36
27 5 40
27 6 36
27 6 40
27 7 36
27 7 40
27 8 36
27 8 40
27 9 36
27 9 40
27 10 36
27 10 40
27 11 36
27 11 40
27 12 36
27 12 40
27 13 36
27 13 40
27 14 36
27 14 40
27 15 36
27 15 40
27 16 36
27 16 40
27 17 36
27 17 40
27 18 36
27 18 40
27 19 36
27 19 40
27 20 36
27 20 40
27 21 36
27 21 40
27 22 36
27 22 40
27 23 36
27 23 40
27 24 36
27 24 40
27 25 36
27 25 40
27 26 36
27 26 40
27 27 36
27 27 40
27 28 36
27 28 40
27 29 36
27 29 40
27 30 36
27 30 40
27 31 36
27 31 40
27 32 36
27 32 40
27 33 36
27 33 40
27 34 18
27 34 19
27 34 20
27 34 36
27 34 40
27 35 18
27 35 20
27 35 36
27 35 40
27 36 18
27 36 19
27 36 20
27 36 36
27 36 37
27 36 38
27 36 39
27 36 40
28 0 18
28 0 19
28 0 20
28 0 36
28 0 37
28 0 38
28 0 39
28 0 40
28 0 56
28 0 57
28 0 58
28 0 59
28 0 60
28 0 61
28 0 62
28 0 63
28 0 64
28 0 72
28 0 73
28 0 74
28 0 75
28 0 76
28 0 77
28 0 78
28 0 79
28 0 80
28 1 18
28 1 20
28 1 36
28 1 40
28 1 56
28 1 64
28 1 72
28 1 80
28 2 18
28 2 19
28 2 20
28 2 36
28 2 40
28 2 56
28 2 57
28 2 58
28 2 59
28 2 60
28 2 61
28 2 62
28 2 63
28 2 64
28 2 72
28 2 73
28 2 74
28 2 75
28 2 76
28 2 77
28 2 78
28 2 79
28 2 80
28 3 36
28 3 40
28 4 36
28 4 40
28 5 36
28 5 40
28 6 36
28 6 40
28 7 36
28 7 40
28 8 36
28 8 40
28 9 36
28 9 40
28 10 36
28 10 40
28 11 36
28 11 40
28 12 36
28 12 40
28 13 36
28 13 40
28 14 36
28 14 40
28 15 36
28 15 40
28 16 36
28 16 40
28 17 36
28 17 40
28 18 36
28 18 40
28 19 36
28 19 40
28 20 36
28 20 40
28 21 36
28 21 40
28 22 36
28 22 40
28 23 36
28 23 40
28 24 36
28 24 40
28 25 36
28 25 40
28 26 36
28 26 40
28 27 36
28 27 40
28 28 36
28 28 40
28 29 36
28 29 40
28 30 36
28 30 40
28 31 36
28 31 40
28 32 36
28 32 40
28 33 36
28 33 40
28 34 18
28 34 19
28 34 20
28 34 36
28 34 40
28 35 18
28 35 20
28 35 36
28 35 40
28 36 18
28 36 19
28 36 20
28 36 36
28 36 37
28 36 38
28 36 39
28 36 40
29 0 18
29 0 19
29 0 20
29 0 36
29 0 37
29 0 38
29 0 39
29 0 40
29 0 56
29 0 57
29 0 58
29 0 59
29 0 60
29 0 61
29 0 62
29 0 63
29 0 64
29 0 72
29 0 73
29 0 74
29 0 75
29 0 76
29 0 77
29 0 78
29 0 79
29 0 80
29 1 18
29 1 20
29 1 36
29 1 40
29 1 56
29 1 64
29 1 72
29 1 80
29 2 18
29 2 19
29 2 20
29 2 36
29 2 40
29 2 56
29 2 57
29 2 58
29 2 59
29 2 60
29 2 61
29 2 62
29 2 63
29 2 64
29 2 72
29 2 73
29 2 74
29 2 75
29 2 76
29 2 77
29 2 78
29 2 79
29 2 80
29 3 36
29 3 40
29 4 36
29 4 40
29 5 36
29 5 40
29 6 36
29 6 40
29 7 36
29 7 40
29 8 36
29 8 40
29 9 36
29 9 40
29 10 36
29 10 40
29 11 36
29 11 40
29 12 36
29 12 40
29 13 36
29 13 40
29 14 36
29 14 40
29 15 36
29 15 40
29 16 36
29 16 40
29 17 36
29 17 40
29 18 36
29 18 40
29 19 36
29 19 40
29 20 36
29 20 40
29 21 36
29 21 40
29 22 36
29 22 40
29 23 36
29 23 40
29 24 36
29 24 40
29 25 36
29 25 40
29 26 36
29 26 40
29 27 36
29 27 40
29 28 36
29 28 40
29 29 36
29 29 40
29 30 36
29 30 40
29 31 36
29 31 40
29 32 36
29 32 40
29 33 36
29 33 40
29 34 18
29 34 19
29 34 20
29 34 36
29 34 40
29 35 18
29 35 20
29 35 36
29 35 40
29 36 18
29 36 19
29 36 20
29 36 36
29 36 37
29 36 38
29 36 39
29 36 40
30 0 18
30 0 19
30 0 20
30 0 36
30 0 37
30 0 38
30 0 39
30 0 40
30 0 56
30 0 57
30 0 58
30 0 59
30 0 60
30 0 61
30 0 62
30 0 63
30 0 64
30 0 72
30 0 73
30 0 74
30 0 75
30 0 76
30 0 77
30 0 78
30 0 79
30 0 80
30 1 18
30 1 20
30 1 36
30 1 40
30 1 56
30 1 64
30 1 72
30 1 80
30 2 18
30 2 19
30 2 20
30 2 36
30 2 40
30 2 56
30 2 57
30 2 58
30 2 59
30 2 60
30 2 61
30 2 62
30 2 63
30 2 64
30 2 72
30 2 73
30 2 74
30 2 75
30 2 76
30 2 77
30 2 78
30 2 79
30 2 80
30 3 36
30 3 40
30 4 36
30 4 40
30 5 36
30 5 40
30 6 36
30 6 40
30 7 36
30 7 40
30 8 36
30 8 40
30 9 36
30 9 40
30 10 36
30 10 40
30 11 36
30 11 40
30 12 36
30 12 40
30 13 36
30 13 40
30 14 36
30 14 40
30 15 36
30 15 40
30 16 36
30 16 40
30 17 36
30 17 40
30 18 36
30 18 40
30 19 36
30 19 40
30 20 36
30 20 40
30 21 36
30 21 40
30 22 36
30 22 40
30 23 36
30 23 40
30 24 36
30 24 40
30 25 36
30 25 40
30 26 36
30 26 40
30 27 36
30 27 40
30 28 36
30 28 40
30 29 36
30 29 40
30 30 36
30 30 40
30 31 36
30 31 40
30 32 36
30 32 40
30 33 36
30 33 40
30 34 18
30 34 19
30 34 20
30 34 36
30 34 40
30 35 18
30 35 20
30 35 36
30 35 40
30 36 18
30 36 19
30 36 20
30 36 36
30 36 37
30 36 38
30 36 39
30 36 40
31 0 18
31 0 19
31 0 20
31 0 36
31 0 37
31 0 38
31 0 39
31 0 40
31 0 56
31 0 57
31 0 58
31 0 59
31 0 60
31 0 61
31 0 62
31 0 63
31 0 64
31 0 72
31 0 73
31 0 74
31 0 75
31 0 76
31 0 77
31 0 78
31 0 79
31 0 80
31 1 18
31 1 20
31 1 36
31 1 40
31 1 56
31 1 64
31 1 72
31 1 80
31 2 18
31 2 19
31 2 20
31 2 36
31 2 40
31 2 56
31 2 57
31 2 58
31 2 59
31 2 60
31 2 61
31 2 62
31 2 63
31 2 64
31 2 72
31 2 73
31 2 74
31 2 75
31 2 76
31 2 77
31 2 78
31 2 79
31 2 80
31 3 36
31 3 40
31 4 36
31 4 40
31 5 36
31 5 40
31 6 36
31 6 40
31 7 36
31 7 40
31 8 36
31 8 40
31 9 36
31 9 40
31 10 36
31 10 40
31 11 36
31 11 40
31 12 36
31 12 40
31 13 36
31 13 40
31 14 36
31 14 40
31 15 36
31 15 40
31 16 36
31 16 40
31 17 36
31 17 40
31 18 36
31 18 40
31 19 36
31 19 40
31 20 36
31 20 40
31 21 36
31 21 40
31 22 36
31 22 40
31 23 36
31 23 40
31 24 36
31 24 40
31 25 36
31 25 40
31 26 36
31 26 40
31 27 36
31 27 40
31 28 36
31 28 40
31 29 36
31 29 40
31 30 36
31 30 40
31 31 36
31 31 40
31 32 36
31 32 40
31 33 36
31 33 40
31 34 18
31 34 19
31 34 20
31 34 36
31 34 40
31 35 18
31 35 20
31 35 36
31 35 40
31 36 18
31 36 19
31 36 20
31 36 36
31 36 37
31 36 38
31 36 39
31 36 40
32 0 18
32 0 19
32 0 20
32 0 36
32 0 37
32 0 38
32 0 39
32 0 40
32 0 56
32 0 57
32 0 58
32 0 59
32 0 60
32 0 61
32 0 62
32 0 63
32 0 64
32 0 72
32 0 73
32 0 74
32 0 75
32 0 76
32 0 77
32 0 78
32 0 79
32 0 80
32 1 18
32 1 20
32 1 36
32 1 40
32 1 56
32 1 64
32 1 72
32 1 80
32 2 18
32 2 19
32 2 20
32 2 36
32 2 40
32 2 56
32 2 57
32 2 58
32 2 59
32 2 60
32 2 61
32 2 62
32 2 63
32 2 64
32 2 72
32 2 73
32 2 74
32 2 75
32 2 76
32 2 77
32 2 78
32 2 79
32 2 80
32 3 36
32 3 40
32 4 36
32 4 40
32 5 36
32 5 40
32 6 36
32 6 40
32 7 36
32 7 40
32 8 36
32 8 40
32 9 36
32 9 40
32 10 36
32 10 40
32 11 36
32 11 40
32 12 36
32 12 40
32 13 36
32 13 40
32 14 36
32 14 40
32 15 36
32 15 40
32 16 36
32 16 40
32 17 36
32 17 40
32 18 36
32 18 40
32 19 36
32 19 40
32 20 36
32 20 40
32 21 36
32 21 40
32 22 36
32 22 40
32 23 36
32 23 40
32 24 36
32 24 40
32 25 36
32 25 40
32 26 36
32 26 40
32 27 36
32 27 40
32 28 36
32 28 40
32 29 36
32 29 40
32 30 36
32 30 40
32 31 36
32 31 40
32 32 36
32 32 40
32 33 36
32 33 40
32 34 18
32 34 19
32 34 20
32 34 36
32 34 40
32 35 18
32 35 20
32 35 36
32 35 40
32 36 18
32 36 19
32 36 20
32 36 36
32 36 37
32 36 38
32 36 39
32 36 40
33 0 18
33 0 19
33 0 20
33 0 36
33 0 37
33 0 38
33 0 39
33 0 40
33 0 56
33 0 57
33 0 58
33 0 59
33 0 60
33 0 61
33 0 62
33 0 63
33 0 64
33 0 72
33 0 73
33 0 74
33 0 75
33 0 76
33 0 77
33 0 78
33 0 79
33 0 80
33 1 18
33 1 20
33 1 36
33 1 40
33 1 56
33 1 64
33 1 72
33 1 80
33 2 18
33 2 19
33 2 20
33 2 36
33 2 40
33 2 56
33 2 57
33 2 58
33 2 59
33 2 60
33 2 61
33 2 62
33 2 63
33 2 64
33 2 72
33 2 73
33 2 74
33 2 75
33 2 76
33 2 77
33 2 78
33 2 79
33 2 80
33 3 36
33 3 40
33 4 36
33 4 40
33 5 36
33 5 40
33 6 36
33 6 40
33 7 36
33 7 40
33 8 36
33 8 40
33 9 36
33 9 40
33 10 36
33 10 40
33 11 36
33 11 40
33 12 36
33 12 40
33 13 36
33 13 40
33 14 36
33 14 40
33 15 36
33 15 40
33 16 36
33 16 40
33 17 36
33 17 40
33 18 36
33 18 40
33 19 36
33 19 40
33 20 36
33 20 40
33 21 36
33 21 40
33 22 36
33 22 40
33 23 36
33 23 40
33 24 36
33 24 40
33 25 36
33 25 40
33 26 36
33 26 40
33 27 36
33 27 40
33 28 36
33 28 40
33 29 36
33 29 40
33 30 36
33 30 40
33 31 36
33 31 40
33 32 36
33 32 40
33 33 36
33 33 40
33 34 18
33 34 19
33 34 20
33 34 36
33 34 40
33 35 18
33 35 20
33 35 36
33 35 40
33 36 18
33 36 19
33 36 20
33 36 36
33 36 37
33 36 38
33 36 39
33 36 40
34 0 0
34 0 1
34 0 2
34 0 3
34 0 4
34 0 5
34 0 6
34 0 7
34 0 8
34 0 9
34 0 10
34 0 11
34 0 12
34 0 13
34 0 14
34 0 15
34 0 16
34 0 17
34 0 18
34 0 19
34 0 20
34 0 21
34 0 22
34 0 23
34 0 24
34 0 25
34 0 26
34 0 27
34 0 28
34 0 29
34 0 30
34 0 31
34 0 32
34 0 33
34 0 34
34 0 35
34 0 36
34 0 37
34 0 38
34 0 39
34 0 40
34 0 41
34 0 42
34 0 43
34 0 44
34 0 45
34 0 46
34 0 47
34 0 48
34 0 49
34 0 50
34 0 51
34 0 52
34 0 53
34 0 54
34 0 55
34 0 56
34 0 57
34 0 58
34 0 59
34 0 60
34 0 61
34 0 62
34 0 63
34 0 64
34 0 65
34 0 66
34 0 67
34 0 68
34 0 69
34 0 70
34 0 71
34 0 72
34 0 73
34 0 74
34 0 75
34 0 76
34 0 77
34 0 78
34 0 79
34 0 80
34 1 0
34 1 1
34 1 2
34 1 3
34 1 4
34 1 5
34 1 6
34 1 7
34 1 8
34 1 9
34 1 10
34 1 11
34 1 12
34 1 13
34 1 14
34 1 15
34 1 16
34 1 17
34 1 18
34 1 19
34 1 20
34 1 21
34 1 22
34 1 23
34 1 24
34 1 25
34 1 26
34 1 27
34 1 28
34 1 29
34 1 30
34 1 31
34 1 32
34 1 33
34 1 34
34 1 35
34 1 36
34 1 40
34 1 41
34 1 42
34 1 43
34 1 44
34 1 45
34 1 46
34 1 47
34 1 48
34 1 49
34 1 50
34 1 51
34 1 52
34 1 53
34 1 54
34 1 55
34 1 56
34 1 57
34 1 58
34 1 59
34 1 60
34 1 61
34 1 62
34 1 63
34 1 64
34 1 65
34 1 66
34 1 67
34 1 68
34 1 69
34 1 70
34 1 71
34 1 72
34 1 73
34 1 74
34 1 75
34 1 76
34 1 77
34 1 78
34 1 79
34 1 80
34 2 0
34 2 1
34 2 2
34 2 3
34 2 4
34 2 5
34 2 6
34 2 7
34 2 8
34 2 9
34 2 10
34 2 11
34 2 12
34 2 13
34 2 14
34 2 15
34 2 16
34 2 17
34 2 18
34 2 19
34 2 20
34 2 21
34 2 22
34 2 23
34 2 24
34 2 25
34 2 26
34 2 27
34 2 28
34 2 29
34 2 30
34 2 31
34 2 32
34 2 33
34 2 34
34 2 35
34 2 36
34 2 40
34 2 41
34 2 42
34 2 43
34 2 44
34 2 45
34 2 46
34 2 47
34 2 48
34 2 49
34 2 50
34 2 51
34 2 52
34 2 53
34 2 54
34 2 55
34 2 56
34 2 57
34 2 58
34 2 59
34 2 60
34 2 61
34 2 62
34 2 63
34 2 64
34 2 65
34 2 66
34 2 67
34 2 68
34 2 69
34 2 70
34 2 71
34 2 72
34 2 73
34 2 74
34 2 75
34 2 76
34 2 77
34 2 78
34 2 79
34 2 80
34 3 20
34 3 21
34 3 22
34 3 36
34 3 40
34 4 20
34 4 21
34 4 22
34 4 36
34 4 40
34 5 20
34 5 21
34 5 22
34 5 36
34 5 40
34 6 20
34 6 21
34 6 22
34 6 36
34 6 40
34 7 20
34 7 21
34 7 22
34 7 36
34 7 40
34 8 20
34 8 21
34 8 22
34 8 36
34 8 40
34 9 20
34 9 21
34 9 22
34 9 36
34 9 40
34 10 20
34 10 21
34 10 22
34 10 36
34 10 40
34 11 20
34 11 21
34 11 22
34 11 36
34 11 40
34 12 20
34 12 21
34 12 22
34 12 36
34 12 40
34 13 20
34 13 21
34 13 22
34 13 36
34 13 40
34 14 20
34 14 21
34 14 22
34 14 36
34 14 40
34 15 20
34 15 21
34 15 22
34 15 36
34 15 40
34 16 20
34 16 21
34 16 22
34 16 36
34 16 40
34 17 20
34 17 21
34 17 22
34 17 36
34 17 40
34 18 20
34 18 21
34 18 22
34 18 36
34 18 40
34 19 20
34 19 21
34 19 22
34 19 36
34 19 40
34 20 20
34 20 21
34 20 22
34 20 36
34 20 40
34 21 20
34 21 21
34 21 22
34 21 36
34 21 40
34 22 20
34 22 21
34 22 22
34 22 36
34 22 40
34 23 20
34 23 21
34 23 22
34 23 36
34 23 40
34 24 20
34 24 21
34 24 22
34 24 36
34 24 40
34 25 20
34 25 21
34 25 22
34 25 36
34 25 40
34 26 20
34 26 21
34 26 22
34 26 36
34 26 40
34 27 20
34 27 21
34 27 22
34 27 36
34 27 40
34 28 20
34 28 21
34 28 22
34 28 36
34 28 40
34 29 20
34 29 21
34 29 22
34 29 36
34 29 40
34 30 20
34 30 21
34 30 22
34 30 36
34 30 40
34 31 20
34 31 21
34 31 22
34 31 36
34 31 40
34 32 20
34 32 21
34 32 22
34 32 36
34 32 40
34 33 20
34 33 21
34 33 22
34 33 36
34 33 40
34 34 0
34 34 1
34 34 2
34 34 3
34 34 4
34 34 5
34 34 6
34 34 7
34 34 8
34 34 9
34 34 10
34 34 11
34 34 12
34 34 13
34 34 14
34 34 15
34 34 16
34 34 17
34 34 18
34 34 19
34 34 20
34 34 21
34 34 22
34 34 23
34 34 24
34 34 25
34 34 26
34 34 27
34 34 28
34 34 29
34 34 30
34 34 31
34 34 32
34 34 33
34 34 34
34 34 35
34 34 36
34 34 40
34 35 0
34 35 1
34 35 2
34 35 3
34 35 4
34 35 5
34 35 6
34 35 7
34 35 8
34 35 9
34 35 10
34 35 11
34 35 12
34 35 13
34 35 14
34 35 15
34 35 16
34 35 17
34 35 18
34 35 19
34 35 20
34 35 21
34 35 22
34 35 23
34 35 24
34 35 25
34 35 26
34 35 27
34 35 28
34 35 29
34 35 30
34 35 31
34 35 32
34 35 33
34 35 34
34 35 35
34 35 36
34 35 40
34 36 0
34 36 1
34 36 2
34 36 3
34 36 4
34 36 5
34 36 6
34 36 7
34 36 8
34 36 9
34 36 10
34 36 11
34 36 12
34 36 13
34 36 14
34 36 15
34 36 16
34 36 17
34 36 18
34 36 19
34 36 20
34 36 21
34 36 22
34 36 23
34 36 24
34 36 25
34 36 26
34 36 27
34 36 28
34 36 29
34 36 30
34 36 31
34 36 32
34 36 33
34 36 34
34 36 35
34 36 36
34 36 37
34 36 38
34 36 39
34 36 40
35 0 0
35 0 1
35 0 2
35 0 3
35 0 4
35 0 5
35 0 6
35 0 7
35 0 8
35 0 9
35 0 10
35 0 11
35 0 12
35 0 13
35 0 14
35 0 15
35 0 16
35 0 17
35 0 18
35 0 19
35 0 20
35 0 21
35 0 22
35 0 23
35 0 24
35 0 25
35 0 26
35 0 27
35 0 28
35 0 29
35 0 30
35 0 31
35 0 32
35 0 33
35 0 34
35 0 35
35 0 36
35 0 37
35 0 38
35 0 39
35 0 40
35 0 41
35 0 42
35 0 43
35 0 44
35 0 45
35 0 46
35 0 47
35 0 48
35 0 49
35 0 50
35 0 51
35 0 52
35 0 53
35 0 54
35 0 55
35 0 56
35 0 57
35 0 58
35 0 59
35 0 60
35 0 61
35 0 62
35 0 63
35 0 64
35 0 65
35 0 66
35 0 67
35 0 68
35 0 69
35 0 70
35 0 71
35 0 72
35 0 73
35 0 74
35 0 75
35 0 76
35 0 77
35 0 78
35 0 79
35 0 80
35 1 0
35 1 36
35 1 40
35 1 80
35 2 0
35 2 1
35 2 2
35 2 3
35 2 4
35 2 5
35 2 6
35 2 7
35 2 8
35 2 9
35 2 10
35 2 11
35 2 12
35 2 13
35 2 14
35 2 15
35 2 16
35 2 17
35 2 18
35 2 19
35 2 20
35 2 21
35 2 22
35 2 23
35 2 24
35 2 25
35 2 26
35 2 27
35 2 28
35 2 29
35 2 30
35 2 31
35 2 32
35 2 33
35 2 34
35 2 35
35 2 36
35 2 40
35 2 41
35 2 42
35 2 43
35 2 44
35 2 45
35 2 46
35 2 47
35 2 48
35 2 49
35 2 50
35 2 51
35 2 52
35 2 53
35 2 54
35 2 55
35 2 56
35 2 57
35 2 58
35 2 59
35 2 60
35 2 61
35 2 62
35 2 63
35 2 64
35 2 65
35 2 66
35 2 67
35 2 68
35 2 69
35 2 70
35 2 71
35 2 72
35 2 73
35 2 74
35 2 75
35 2 76
35 2 77
35 2 78
35 2 79
35 2 80
35 3 20
35 3 22
35 3 36
35 3 40
35 4 20
35 4 22
35 4 36
35 4 40
35 5 20
35 5 22
35 5 36
35 5 40
35 6 20
35 6 22
35 6 36
35 6 40
35 7 20
35 7 22
35 7 36
35 7 40
35 8 20
35 8 22
35 8 36
35 8 40
35 9 20
35 9 22
35 9 36
35 9 40
35 10 20
35 10 22
35 10 36
35 10 40
35 11 20
35 11 22
35 11 36
35 11 40
35 12 20
35 12 22
35 12 36
35 12 40
35 13 20
35 13 22
35 13 36
35 13 40
35 14 20
35 14 22
35 14 36
35 14 40
35 15 20
35 15 22
35 15 36
35 15 40
35 16 20
35 16 22
35 16 36
35 16 40
35 17 20
35 17 22
35 17 36
35 17 40
35 18 20
35 18 22
35 18 36
35 18 40
35 19 20
35 19 22
35 19 36
35 19 40
35 20 20
35 20 22
35 20 36
35 20 40
35 21 20
35 21 22
35 21 36
35 21 40
35 22 20
35 22 22
35 22 36
35 22 40
35 23 20
35 23 22
35 23 36
35 23 40
35 24 20
35 24 22
35 24 36
35 24 40
35 25 20
35 25 22
35 25 36
35 25 40
35 26 20
35 26 22
35 26 36
35 26 40
35 27 20
35 27 22
35 27 36
35 27 40
35 28 20
35 28 22
35 28 36
35 28 40
35 29 20
35 29 22
35 29 36
35 29 40
35 30 20
35 30 22
35 30 36
35 30 40
35 31 20
35 31 22
35 31 36
35 31 40
35 32 20
35 32 22
35 32 36
35 32 40
35 33 20
35 33 22
35 33 36
35 33 40
35 34 0
35 34 1
35 34 2
35 34 3
35 34 4
35 34 5
35 34 6
35 34 7
35 34 8
35 34 9
35 34 10
35 34 11
35 34 12
35 34 13
35 34 14
35 34 15
35 34 16
35 34 17
35 34 18
35 34 19
35 34 20
35 34 21
35 34 22
35 34 23
35 34 24
35 34 25
35 34 26
35 34 27
35 34 28
35 34 29
35 34 30
35 34 31
35 34 32
35 34 33
35 34 34
35 34 35
35 34 36
35 34 40
35 35 0
35 35 36
35 35 40
35 36 0
35 36 1
35 36 2
35 36 3
35 36 4
35 36 5
35 36 6
35 36 7
35 36 8
35 36 9
35 36 10
35 36 11
35 36 12
35 36 13
35 36 14
35 36 15
35 36 16
35 36 17
35 36 18
35 36 19
35 36 20
35 36 21
35 36 22
35 36 23
35 36 24
35 36 25
35 36 26
35 36 27
35 36 28
35 36 29
35 36 30
35 36 31
35 36 32
35 36 33
35 36 34
35 36 35
35 36 36
35 36 37
35 36 38
35 36 39
35 36 40
36 0 0
36 0 1
36 0 2
36 0 3
36 0 4
36 0 5
36 0 6
36 0 7
36 0 8
36 0 9
36 0 10
36 0 11
36 0 12
36 0 13
36 0 14
36 0 15
36 0 16
36 0 17
36 0 18
36 0 19
36 0 20
36 0 21
36 0 22
36 0 23
36 0 24
36 0 25
36 0 26
36 0 27
36 0 28
36 0 29
36 0 30
36 0 31
36 0 32
36 0 33
36 0 34
36 0 35
36 0 36
36 0 37
36 0 38
36 0 39
36 0 40
36 0 41
36 0 42
36 0 43
36 0 44
36 0 45
36 0 46
36 0 47
36 0 48
36 0 49
36 0 50
36 0 51
36 0 52
36 0 53
36 0 54
36 0 55
36 0 56
36 0 57
36 0 58
36 0 59
36 0 60
36 0 61
36 0 62
36 0 63
36 0 64
36 0 65
36 0 66
36 0 67
36 0 68
36 0 69
36 0 70
36 0 71
36 0 72
36 0 73
36 0 74
36 0 75
36 0 76
36 0 77
36 0 78
36 0 79
36 0 80
36 1 0
36 1 1
36 1 2
36 1 3
36 1 4
36 1 5
36 1 6
36 1 7
36 1 8
36 1 9
36 1 10
36 1 11
36 1 12
36 1 13
36 1 14
36 1 15
36 1 16
36 1 17
36 1 18
36 1 19
36 1 20
36 1 21
36 1 22
36 1 23
36 1 24
36 1 25
36 1 26
36 1 27
36 1 28
36 1 29
36 1 30
36 1 31
36 1 32
36 1 33
36 1 34
36 1 35
36 1 36
36 1 37
36 1 38
36 1 39
36 1 40
36 1 41
36 1 42
36 1 43
36 1 44
36 1 45
36 1 46
36 1 47
36 1 48
36 1 49
36 1 50
36 1 51
36 1 52
36 1 53
36 1 54
36 1 55
36 1 56
36 1 57
36 1 58
36 1 59
36 1 60
36 1 61
36 1 62
36 1 63
36 1 64
36 1 65
36 1 66
36 1 67
36 1 68
36 1 69
36 1 70
36 1 71
36 1 72
36 1 73
36 1 74
36 1 75
36 1 76
36 1 77
36 1 78
36 1 79
36 1 80
36 2 0
36 2 1
36 2 2
36 2 3
36 2 4
36 2 5
36 2 6
36 2 7
36 2 8
36 2 9
36 2 10
36 2 11
36 2 12
36 2 13
36 2 14
36 2 15
36 2 16
36 2 17
36 2 18
36 2 19
36 2 20
36 2 21
36 2 22
36 2 23
36 2 24
36 2 25
36 2 26
36 2 27
36 2 28
36 2 29
36 2 30
36 2 31
36 2 32
36 2 33
36 2 34
36 2 35
36 2 36
36 2 37
36 2 38
36 2 39
36 2 40
36 2 41
36 2 42
36 2 43
36 2 44
36 2 45
36 2 46
36 2 47
36 2 48
36 2 49
36 2 50
36 2 51
36 2 52
36 2 53
36 2 54
36 2 55
36 2 56
36 2 57
36 2 58
36 2 59
36 2 60
36 2 61
36 2 62
36 2 63
36 2 64
36 2 65
36 2 66
36 2 67
36 2 68
36 2 69
36 2 70
36 2 71
36 2 72
36 2 73
36 2 74
36 2 75
36 2 76
36 2 77
36 2 78
36 2 79
36 2 80
36 3 20
36 3 21
36 3 22
36 3 36
36 3 37
36 3 38
36 3 39
36 3 40
36 4 20
36 4 21
36 4 22
36 4 36
36 4 37
36 4 38
36 4 39
36 4 40
36 5 20
36 5 21
36 5 22
36 5 36
36 5 37
36 5 38
36 5 39
36 5 40
36 6 20
36 6 21
36 6 22
36 6 36
36 6 37
36 6 38
36 6 39
36 6 40
36 7 20
36 7 21
36 7 22
36 7 36
36 7 37
36 7 38
36 7 39
36 7 40
36 8 20
36 8 21
36 8 22
36 8 36
36 8 37
36 8 38
36 8 39
36 8 40
36 9 20
36 9 21
36 9 22
36 9 36
36 9 37
36 9 38
36 9 39
36 9 40
36 10 20
36 10 21
36 10 22
36 10 36
36 10 37
36 10 38
36 10 39
36 10 40
36 11 20
36 11 21
36 11 22
36 11 36
36 11 37
36 11 38
36 11 39
36 11 40
36 12 20
36 12 21
36 12 22
36 12 36
36 12 37
36 12 38
36 12 39
36 12 40
36 13 20
36 13 21
36 13 22
36 13 36
36 13 37
36 13 38
36 13 39
36 13 40
36 14 20
36 14 21
36 14 22
36 14 36
36 14 37
36 14 38
36 14 39
36 14 40
36 15 20
36 15 21
36 15 22
36 15 36
36 15 37
36 15 38
36 15 39
36 15 40
36 16 20
36 16 21
36 16 22
36 16 36
36 16 37
36 16 38
36 16 39
36 16 40
36 17 20
36 17 21
36 17 22
36 17 36
36 17 37
36 17 38
36 17 39
36 17 40
36 18 20
36 18 21
36 18 22
36 18 36
36 18 37
36 18 38
36 18 39
36 18 40
36 19 20
36 19 21
36 19 22
36 19 36
36 19 37
36 19 38
36 19 39
36 19 40
36 20 20
36 20 21
36 20 22
36 20 36
36 20 37
36 20 38
36 20 39
36 20 40
36 21 20
36 21 21
36 21 22
36 21 36
36 21 37
36 21 38
36 21 39
36 21 40
36 22 20
36 22 21
36 22 22
36 22 36
36 22 37
36 22 38
36 22 39
36 22 40
36 23 20
36 23 21
36 23 22
36 23 36
36 23 37
36 23 38
36 23 39
36 23 40
36 24 20
36 24 21
36 24 22
36 24 36
36 24 37
36 24 38
36 24 39
36 24 40
36 25 20
36 25 21
36 25 22
36 25 36
36 25 37
36 25 38
36 25 39
36 25 40
36 26 20
36 26 21
36 26 22
36 26 36
36 26 37
36 26 38
36 26 39
36 26 40
36 27 20
36 27 21
36 27 22
36 27 36
36 27 37
36 27 38
36 27 39
36 27 40
36 28 20
36 28 21
36 28 22
36 28 36
36 28 37
36 28 38
36 28 39
36 28 40
36 29 20
36 29 21
36 29 22
36 29 36
36 29 37
36 29 38
36 29 39
36 29 40
36 30 20
36 30 21
36 30 22
36 30 36
36 30 37
36 30 38
36 30 39
36 30 40
36 31 20
36 31 21
36 31 22
36 31 36
36 31 37
36 31 38
36 31 39
36 31 40
36 32 20
36 32 21
36 32 22
36 32 36
36 32 37
36 32 38
36 32 39
36 32 40
36 33 20
36 33 21
36 33 22
36 33 36
36 33 37
36 33 38
36 33 39
36 33 40
36 34 0
36 34 1
36 34 2
36 34 3
36 34 4
36 34 5
36 34 6
36 34 7
36 34 8
36 34 9
36 34 10
36 34 11
36 34 12
36 34 13
36 34 14
36 34 15
36 34 16
36 34 17
36 34 18
36 34 19
36 34 20
36 34 21
36 34 22
36 34 23
36 34 24
36 34 25
36 34 26
36 34 27
36 34 28
36 34 29
36 34 30
36 34 31
36 34 32
36 34 33
36 34 34
36 34 35
36 34 36
36 34 37
36 34 38
36 34 39
36 34 40
36 35 0
36 35 1
36 35 2
36 35 3
36 35 4
36 35 5
36 35 6
36 35 7
36 35 8
36 35 9
36 35 10
36 35 11
36 35 12
36 35 13
36 35 14
36 35 15
36 35 16
36 35 17
36 35 18
36 35 19
36 35 20
36 35 21
36 35 22
36 35 23
36 35 24
36 35 25
36 35 26
36 35 27
36 35 28
36 35 29
36 35 30
36 35 31
36 35 32
36 35 33
36 35 34
36 35 35
36 35 36
36 35 37
36 35 38
36 35 39
36 35 40
36 36 0
36 36 1
36 36 2
36 36 3
36 36 4
36 36 5
36 36 6
36 36 7
36 36 8
36 36 9
36 36 10
36 36 11
36 36 12
36 36 13
36 36 14
36 36 15
36 36 16
36 36 17
36 36 18
36 36 19
36 36 20
36 36 21
36 36 22
36 36 23
36 36 24
36 36 25
36 36 26
36 36 27
36 36 28
36 36 29
36 36 30
36 36 31
36 36 32
36 36 33
36 36 34
36 36 35
36 36 36
36 36 37
36 36 38
36 36 39
36 36 40
