# --------------------------------------------------------
# Using UniformRandom1:
0 22.6855
0.01 41.9922
0.02 42.7808
0.03 43.9893
0.04 45.6543
0.05 46.4063
0.06 47.6147
0.07 48.8232
0.08 50.2734
0.09 51.7578
0.1 52.6904
0.2 65.2588
0.3 78.6133
0.4 91.3086
0.5 102.539
0.6 113.281
0.7 124.277
0.8 132.813
0.9 141.602
1 149.854
2 162.422
3 170.352
4 181.758
5 195.293
6 212.461
7 231.602
8 252.656
9 270.918
10 289.863
12 324.219
13 322.91
14 324.844
15 326.777
16 337.891
17 339.844
18 341.797
19 342.246
20 344.18
30 357.422
40 376.953
50 386.719
60 398.477
70 409.922
80 422.149
90 425.391
100 433.125
200 505
300 550.782
400 593.75
500 625
600 664.063
700 695.313
800 719.297
900 750
1000 773.438
2000 986.328
3000 1140.63
4000 1278.28
5000 1390.63
6000 1530.78
7000 1531.25
8000 1523.44
9000 1523.44
10000 1523.44
100000 1515.94
900000 1515.94
1e+06 165.322
1e+07 165.322
1e+08 165.322
