# --------------------------------------------------------
# Using UniformRandom1:
0 4.16931
0.01 33.5352
0.02 34.3213
0.03 36.001
0.04 36.7383
0.05 37.9468
0.06 39.397
0.07 40.3638
0.08 41.814
0.09 43.2129
0.1 44.4336
0.2 57.6172
0.3 71.2891
0.4 84.1113
0.5 97.6562
0.6 109.375
0.7 121.094
0.8 131.484
0.9 142.119
1 154.297
2 183.691
3 212.695
4 244.609
5 274.199
6 302.734
7 332.031
8 361.328
9 390.586
10 417.969
20 706.211
30 984.375
40 1265.63
50 1539.14
60 1825.32
70 2119.22
80 2382.19
90 2687.5
100 2968.75
