# --------------------------------------------------------
# Using UniformRandom0:
0 22.583
0.01 41.814
0.02 42.7808
0.03 43.9893
0.04 45.6543
0.05 46.4063
0.06 47.6147
0.07 48.8232
0.08 50.2734
0.09 51.7578
0.1 52.6904
0.2 65.0781
0.3 78.3105
0.4 91.3086
0.5 102.539
0.6 113.281
0.7 123.047
0.8 131.484
0.9 141.602
1 149.854
2 162.422
3 171.123
4 180.879
5 195.293
6 210.293
7 231.133
8 252.656
9 273.711
10 289.863
12 324.219
13 326.172
14 329.434
15 328.125
16 337.891
17 339.844
18 341.797
19 342.246
20 344.18
30 357.422
40 376.953
50 386.719
60 398.477
70 409.922
80 422.149
90 425.391
100 433.125
200 503.906
300 549.141
400 593.75
500 631.25
600 661.289
700 688.359
800 723.165
900 750
1000 773.438
2000 972.344
3000 1140.63
4000 1273.44
5000 1404.53
6000 1508.2
7000 1523.44
8000 1523.44
9000 1523.44
10000 1508.2
100000 1515.94
900000 1523.44
1e+06 166.016
1e+07 166.016
1e+08 167.676
