# --------------------------------------------------------
# Using UniformRandom1:
1 141
5 205
10 291
15 373
20 465
21 481
22 500
23 518
24 536
25 556
26 573
27 592
28 610
29 630
30 648
31 667
32 686
33 707
34 724
35 744
36 764
37 783
38 802
39 823
40 841
41 861
42 882
43 900
44 920
45 940
46 959
47 978
48 998
49 1017
50 1037
51 1055
52 1074
53 1094
54 1112
55 1131
56 1150
57 1169
58 1186
59 1206
60 1224
61 1242
62 1261
63 1279
64 1297
65 1316
66 1334
67 1353
68 1370
69 1389
70 1407
71 1426
72 1447
73 1449
74 1450
75 1449
76 1452
77 1451
78 1453
79 1453
80 1453
85 1456
90 1456
95 1459
100 1460
