0.23458 1.387768
0.24334 1.43547533333
0.243401 1.39847466667
0.257066 1.355266
0.268539 1.44404
0.252803 1.29420466667
0.253405 1.43402533333
0.228935 1.32968333333
0.28088 1.37929133333
0.237434 1.35341733333
0.583804 1.15411866667
0.543062 1.06218233333
0.457259 1.01843266667
0.545989 1.112077
0.523913 1.03601433333
0.457623 1.10503966667
0.539017 1.082722
0.499179 1.05705733333
0.492019 1.03342733333
0.500041 1.12320466667
0.981673 0.754091833333
1.05423 0.816489333333
0.948623 0.787011333333
0.879907 0.7167285
1.01951 0.824372666667
1.0219 0.744660666667
0.965797 0.820005833333
0.975932 0.810811833333
0.986066 0.796553333333
0.965371 0.7954515
2.11322 0.548183166666
1.95099 0.52021475
1.95552 0.5862215
2.04853 0.556190833333
1.90158 0.553195
1.92816 0.5835205
2.12418 0.55590825
1.9803 0.538298583333
2.07592 0.57344725
2.0897 0.569640416667
3.96627 0.40896575
3.95779 0.377190125
3.97975 0.448175125
3.88414 0.434503083333
4.14209 0.419167958333
4.12894 0.424393458333
4.12678 0.404442208333
4.04327 0.4328145
3.99104 0.419472291667
4.10915 0.398581083333
8.07864 0.293812270833
8.19861 0.296602625
8.14165 0.309483541667
8.0997 0.286822395834
8.25225 0.309829833333
8.07405 0.3008278125
8.18821 0.330742
8.20459 0.3231138125
8.274 0.289880041667
7.91205 0.2805360625
16.1149 0.210416979167
16.2788 0.21152740625
16.3412 0.20878671875
16.0611 0.212701
16.2419 0.200396447917
16.4189 0.220227864583
16.2617 0.22056934375
16.3527 0.208658604167
15.9974 0.214536895833
16.3409 0.207494208333
32.7232 0.153326729167
32.2552 0.15249315625
32.9542 0.159860901041
32.5614 0.156164458333
32.8018 0.1414403125
32.31 0.154264119792
32.7024 0.151411057292
32.3112 0.151084104167
32.334 0.155140026042
32.4059 0.158582177083
