1 184.326
2 133.057
3 145.264
4 147.705
5 147.705
6 145.264
7 144.043
8 140.381
9 137.939
10 135.498
20 122.07
30 114.136
40 110.474
50 107.422
60 106.201
70 104.37
80 103.76
90 101.318
100 100.708
200 96.4355
300 95.2148
400 93.3838
500 92.7734
600 92.1631
700 92.1631
800 92.1631
900 91.5527
1000 91.5527
2000 90.332
3000 89.7217
4000 89.1113
5000 89.1113
6000 89.1113
7000 89.1113
8000 89.1113
9000 88.501
10000 89.1113
20000 88.501
30000 87.8906
40000 88.501
50000 87.8906
60000 87.2803
70000 87.8906
80000 87.8906
90000 87.8906
100000 87.8906
200000 87.2803
300000 87.2803
400000 87.2803
500000 87.2803
600000 87.8906
700000 87.8906
800000 87.2803
900000 87.2803
1e+06 87.8906
