0 50.354
0.01 50.9644
0.02 51.5747
0.03 52.1851
0.04 52.7954
0.05 53.4058
0.06 54.3213
0.07 54.9316
0.08 55.8472
0.09 56.4575
0.1 57.373
0.2 64.0869
0.3 70.1904
0.4 76.9043
0.5 81.7871
0.6 86.6699
0.7 90.9424
0.8 95.2148
0.9 98.877
1 101.929
2 135.498
3 164.795
4 194.092
5 225.83
6 253.906
7 283.203
8 310.059
9 339.355
10 368.652
20 1074.22
30 1083.98
40 1113.28
50 1113.28
60 1113.28
70 1123.05
80 1132.81
90 1132.81
100 1142.58
200 1171.88
300 1171.88
400 1181.64
500 1181.64
600 1171.88
700 1181.64
800 1191.41
900 1181.64
1000 1181.64
2000 1201.17
3000 1191.41
4000 1191.41
5000 1191.41
6000 1201.17
7000 1191.41
8000 1191.41
9000 1201.17
10000 1191.41
20000 1201.17
30000 1201.17
40000 1191.41
50000 1201.17
60000 1201.17
70000 1201.17
80000 1201.17
90000 1191.41
100000 1201.17
200000 1191.41
300000 1201.17
400000 1201.17
500000 1201.17
600000 1201.17
700000 1201.17
800000 1201.17
900000 1201.17
1e+06 1201.17
