0 50.9644
0.01 52.1851
0.02 52.7954
0.03 53.7109
0.04 54.3213
0.05 54.9316
0.06 55.8472
0.07 56.4575
0.08 57.0679
0.09 57.9834
0.1 58.8989
0.2 66.5283
0.3 73.2422
0.4 80.5664
0.5 86.0596
0.6 91.5527
0.7 97.0459
0.8 101.318
0.9 106.201
1 110.474
2 152.588
3 162.354
4 164.795
5 164.795
6 163.574
7 159.912
8 157.471
9 153.809
10 151.367
20 139.16
30 130.615
40 126.953
50 123.291
60 123.291
70 120.85
80 119.019
90 118.408
100 117.798
200 113.525
300 111.694
400 110.474
500 110.474
600 109.253
700 108.643
800 108.643
900 108.032
1000 87.8906
2000 87.8906
3000 87.8906
4000 87.2803
5000 87.8906
6000 87.8906
7000 87.8906
8000 87.2803
9000 87.2803
10000 87.8906
20000 87.8906
30000 87.2803
40000 87.2803
50000 87.8906
60000 87.8906
70000 87.8906
80000 87.2803
90000 87.8906
100000 87.8906
200000 87.8906
300000 87.2803
400000 87.8906
500000 87.8906
600000 88.501
700000 87.2803
800000 87.2803
900000 87.8906
1e+06 87.8906
