0 50.6592
0.01 51.5747
0.02 52.1851
0.03 52.7954
0.04 54.0161
0.05 54.6265
0.06 55.542
0.07 56.1523
0.08 57.0679
0.09 57.6782
0.1 58.5937
0.2 66.5283
0.3 73.2422
0.4 76.2939
0.5 78.7354
0.6 81.1768
0.7 82.3975
0.8 84.2285
0.9 85.4492
1 86.6699
2 94.6045
3 101.318
4 106.812
5 111.694
6 117.798
7 123.291
8 128.174
9 133.057
10 139.16
20 134.277
30 128.174
40 123.291
50 121.46
60 119.629
70 117.798
80 116.577
90 115.356
100 114.746
200 111.084
300 108.643
400 107.422
500 106.812
600 106.201
700 106.201
800 105.591
900 105.591
1000 86.0596
2000 85.4492
3000 85.4492
4000 86.0596
5000 86.0596
6000 85.4492
7000 85.4492
8000 85.4492
9000 86.0596
10000 86.6699
20000 85.4492
30000 85.4492
40000 85.4492
50000 86.0596
60000 86.0596
70000 85.4492
80000 85.4492
90000 85.4492
100000 86.0596
200000 86.0596
300000 85.4492
400000 85.4492
500000 85.4492
600000 85.4492
700000 86.0596
800000 86.0596
900000 85.4492
1e+06 85.4492
