0 50.9644
0.01 51.8799
0.02 52.7954
0.03 53.4058
0.04 54.9316
0.05 54.9316
0.06 56.1523
0.07 56.7627
0.08 57.6782
0.09 58.5937
0.1 58.8989
0.2 67.1387
0.3 74.4629
0.4 77.5146
0.5 79.9561
0.6 82.3975
0.7 84.2285
0.8 85.4492
0.9 86.6699
1 87.8906
2 95.8252
3 103.149
4 108.643
5 114.136
6 119.019
7 124.512
8 129.395
9 135.498
10 141.602
20 136.719
30 130.615
40 125.732
50 122.07
60 120.85
70 119.019
80 117.798
90 117.187
100 115.967
200 111.694
300 109.863
400 109.253
500 108.643
600 108.032
700 107.422
800 107.422
900 106.812
1000 107.422
2000 105.591
3000 105.591
4000 104.98
5000 104.98
6000 104.98
7000 104.37
8000 104.37
9000 104.98
10000 104.37
20000 104.37
30000 103.76
40000 103.76
50000 103.76
60000 103.149
70000 103.149
80000 104.37
90000 103.76
100000 103.76
200000 103.149
300000 103.149
400000 103.149
500000 103.149
600000 103.149
700000 103.76
800000 103.149
900000 103.149
1e+06 103.149
