0 41.8091
0.01 42.4194
0.02 43.6401
0.03 44.2505
0.04 45.4712
0.05 46.3867
0.06 46.9971
0.07 47.9126
0.08 48.5229
0.09 49.4385
0.1 50.6592
0.2 59.5093
0.3 68.9697
0.4 77.5146
0.5 85.4492
0.6 92.1631
0.7 97.6562
0.8 102.539
0.9 108.032
1 113.525
2 124.512
3 131.836
4 137.939
5 145.264
6 150.146
7 155.029
8 161.133
9 166.016
10 170.898
20 136.719
30 130.615
40 125.732
50 123.291
60 121.46
70 119.629
80 118.408
90 117.798
100 117.187
200 112.305
300 110.474
400 109.863
500 109.253
600 108.643
700 108.032
800 108.032
900 107.422
1000 82.3975
2000 82.3975
3000 82.3975
4000 82.3975
5000 82.3975
6000 82.3975
7000 82.3975
8000 82.3975
9000 82.3975
10000 82.3975
20000 82.3975
30000 83.0078
40000 82.3975
50000 82.3975
60000 82.3975
70000 82.3975
80000 82.3975
90000 82.3975
100000 82.3975
200000 82.3975
300000 82.3975
400000 82.3975
500000 82.3975
600000 82.3975
700000 82.3975
800000 82.3975
900000 82.3975
1e+06 82.3975
