0 64.0869
0.01 64.6973
0.02 64.6973
0.03 65.3076
0.04 65.3076
0.05 65.918
0.06 65.918
0.07 66.5283
0.08 67.1387
0.09 67.1387
0.1 67.749
0.2 70.8008
0.3 74.4629
0.4 77.5146
0.5 78.7354
0.6 80.5664
0.7 81.7871
0.8 83.0078
0.9 84.2285
1 85.4492
2 93.3838
3 99.4873
4 104.37
5 108.643
6 113.525
7 119.019
8 123.291
9 126.953
10 131.836
20 135.498
30 128.174
40 124.512
50 122.07
60 120.239
70 118.408
80 117.798
90 116.577
100 115.356
200 111.084
300 109.253
400 108.643
500 107.422
600 106.812
700 106.812
800 106.201
900 106.201
1000 81.7871
2000 81.7871
3000 81.7871
4000 81.7871
5000 81.7871
6000 81.7871
7000 81.7871
8000 81.7871
9000 81.7871
10000 81.7871
20000 81.7871
30000 81.7871
40000 81.7871
50000 81.7871
60000 81.7871
70000 81.7871
80000 82.3975
90000 82.3975
100000 82.3975
200000 82.3975
300000 82.3975
400000 82.3975
500000 82.3975
600000 82.3975
700000 82.3975
800000 82.3975
900000 82.3975
1e+06 82.3975
