0 49.4385
0.01 49.7437
0.02 50.354
0.03 50.9644
0.04 51.5747
0.05 51.8799
0.06 52.4902
0.07 52.7954
0.08 53.4058
0.09 53.7109
0.1 54.6265
0.2 59.8145
0.3 65.3076
0.4 70.8008
0.5 73.8525
0.6 76.9043
0.7 79.9561
0.8 82.3975
0.9 84.2285
1 86.6699
2 91.5527
3 95.8252
4 100.708
5 100.098
6 102.539
7 102.539
8 105.591
9 105.591
10 137.939
20 124.512
30 117.798
40 114.746
50 111.694
60 109.253
70 108.032
80 106.201
90 105.591
100 104.37
200 100.098
300 98.2666
400 97.0459
500 96.4355
600 95.8252
700 95.8252
800 95.2148
900 95.2148
1000 95.2148
2000 93.3838
3000 93.3838
4000 93.3838
5000 92.7734
6000 92.1631
7000 92.7734
8000 92.7734
9000 92.7734
10000 92.7734
20000 92.1631
30000 91.5527
40000 92.1631
50000 91.5527
60000 91.5527
70000 92.1631
80000 91.5527
90000 91.5527
100000 91.5527
200000 91.5527
300000 91.5527
400000 91.5527
500000 92.1631
600000 90.9424
700000 90.9424
800000 91.5527
900000 91.5527
1e+06 91.5527
