0 44.8608
0.01 45.166
0.02 46.0815
0.03 46.3867
0.04 46.6919
0.05 47.6074
0.06 47.6074
0.07 47.9126
0.08 48.5229
0.09 49.1333
0.1 49.1333
0.2 53.7109
0.3 58.2886
0.4 62.2559
0.5 65.3076
0.6 68.3594
0.7 70.8008
0.8 72.6318
0.9 74.4629
1 75.6836
2 88.501
3 100.098
4 114.136
5 131.836
6 217.285
7 212.402
8 211.182
9 211.182
10 211.182
20 212.402
30 275.879
40 310.059
50 317.383
60 319.824
70 322.266
80 319.824
90 319.824
100 322.266
200 319.824
300 327.148
400 327.148
500 327.148
600 332.031
700 332.031
800 332.031
900 334.473
1000 332.031
2000 332.031
3000 332.031
4000 332.031
5000 334.473
6000 334.473
7000 334.473
8000 334.473
9000 334.473
10000 332.031
20000 334.473
30000 332.031
40000 332.031
50000 334.473
60000 334.473
70000 334.473
80000 332.031
90000 332.031
100000 334.473
200000 332.031
300000 332.031
400000 334.473
500000 332.031
600000 332.031
700000 334.473
800000 332.031
900000 334.473
1e+06 332.031
