0 48.8281
0.01 49.1333
0.02 49.7437
0.03 50.354
0.04 50.6592
0.05 51.2695
0.06 51.8799
0.07 52.4902
0.08 53.1006
0.09 53.4058
0.1 54.0161
0.2 59.8145
0.3 65.918
0.4 71.4111
0.5 73.8525
0.6 76.2939
0.7 79.3457
0.8 80.5664
0.9 83.0078
1 84.2285
2 90.332
3 92.7734
4 97.0459
5 96.4355
6 99.4873
7 99.4873
8 100.708
9 101.318
10 189.209
20 168.457
30 175.781
40 192.871
50 191.65
60 184.326
70 190.43
80 181.885
90 181.885
100 186.768
200 186.768
300 181.885
400 185.547
500 187.988
600 183.105
700 186.768
800 185.547
900 184.326
1000 181.885
2000 184.326
3000 183.105
4000 184.326
5000 183.105
6000 184.326
7000 184.326
8000 184.326
9000 183.105
10000 184.326
20000 183.105
30000 183.105
40000 184.326
50000 183.105
60000 184.326
70000 183.105
80000 183.105
90000 183.105
100000 184.326
200000 183.105
300000 183.105
400000 183.105
500000 183.105
600000 184.326
700000 183.105
800000 183.105
900000 183.105
1e+06 183.105
