100 41.5039
200 41.8091
300 41.8091
400 41.8091
500 41.8091
600 41.8091
700 41.8091
800 41.5039
900 41.8091
1000 41.8091
2000 41.8091
3000 41.8091
4000 41.5039
5000 41.8091
6000 41.5039
7000 41.8091
8000 42.1143
9000 41.8091
10000 41.8091
20000 41.5039
30000 41.8091
40000 41.5039
50000 41.8091
60000 41.8091
70000 41.8091
80000 41.8091
90000 41.8091
100000 41.8091
200000 41.5039
300000 41.8091
400000 41.5039
500000 41.8091
600000 41.8091
700000 41.8091
800000 41.8091
900000 41.5039
1e+06 41.8091
