0 100.708
0.01 51.5747
0.02 51.8799
0.03 52.4902
0.04 53.1006
0.05 53.4058
0.06 53.7109
0.07 54.0161
0.08 54.6265
0.09 54.6265
0.1 55.2368
0.2 59.8145
0.3 63.4766
0.4 67.1387
0.5 70.1904
0.6 72.6318
0.7 74.4629
0.8 76.2939
0.9 78.7354
1 80.5664
2 85.4492
3 89.1113
4 92.1631
5 95.2148
6 96.4355
7 98.2666
8 99.4873
9 100.708
10 157.471
20 146.484
30 140.381
40 136.719
50 134.277
60 133.057
70 130.615
80 129.395
90 128.174
100 126.953
200 123.291
300 121.46
400 120.239
500 119.629
600 119.019
700 114.136
800 118.408
900 112.915
1000 111.084
2000 116.577
3000 116.577
4000 115.967
5000 116.577
6000 115.967
7000 115.356
8000 112.915
9000 115.356
10000 115.356
20000 115.356
30000 114.746
40000 108.032
50000 114.746
60000 111.084
70000 114.746
80000 114.136
90000 114.746
100000 114.746
200000 114.746
300000 114.136
400000 114.136
500000 114.136
600000 113.525
700000 114.136
800000 114.136
900000 114.136
1e+06 114.746
