1 854.492
2 903.32
3 937.5
4 957.031
5 986.328
6 996.094
7 1015.63
8 1025.39
9 1025.39
10 1044.92
20 1083.98
30 1103.52
40 1113.28
50 1123.05
60 1132.81
70 1142.58
80 1142.58
90 1142.58
100 1142.58
200 1181.64
300 1191.41
400 1191.41
500 1191.41
600 1201.17
700 1191.41
800 1201.17
900 1201.17
1000 1201.17
2000 1201.17
3000 1210.94
4000 1210.94
5000 1210.94
6000 1210.94
7000 1210.94
8000 1201.17
9000 1210.94
10000 1210.94
20000 1210.94
30000 1210.94
40000 1210.94
50000 1210.94
60000 1220.7
70000 1210.94
80000 1210.94
90000 1210.94
100000 1210.94
200000 1210.94
300000 1210.94
400000 1220.7
500000 1210.94
600000 1210.94
700000 1210.94
800000 1210.94
900000 1230.47
1e+06 1210.94
