0 9.76562
0.01 63.4766
0.02 64.0869
0.03 64.0869
0.04 64.6973
0.05 65.3076
0.06 65.3076
0.07 66.5283
0.08 66.5283
0.09 66.5283
0.1 67.749
0.2 71.4111
0.3 75.6836
0.4 78.7354
0.5 81.7871
0.6 84.2285
0.7 86.0596
0.8 87.8906
0.9 89.7217
1 90.9424
2 94.6045
3 97.6562
4 100.098
5 101.929
6 103.149
7 104.37
8 106.201
9 107.422
10 194.092
20 179.443
30 173.34
40 168.457
50 166.016
60 164.795
70 163.574
80 162.354
90 161.133
100 159.912
200 155.029
300 153.809
400 153.809
500 152.588
600 152.588
700 152.588
800 151.367
900 151.367
1000 151.367
2000 134.277
3000 135.498
4000 134.277
5000 134.277
6000 134.277
7000 134.277
8000 134.277
9000 134.277
10000 134.277
20000 134.277
30000 134.277
40000 134.277
50000 134.277
60000 134.277
70000 134.277
80000 135.498
90000 134.277
100000 134.277
200000 134.277
300000 134.277
400000 135.498
500000 134.277
600000 134.277
700000 134.277
800000 134.277
900000 135.498
1e+06 134.277
2e+06 13.7329
3e+06 13.6566
4e+06 13.7329
5e+06 13.7329
6e+06 13.6566
7e+06 13.7329
8e+06 13.7329
9e+06 13.6566
1e+07 13.7329
