1.04269 0.0409672089586
1.03177 0.0627132910974
1.04226 0.0607787599729
1.49044 0.523010231368
1.49583 0.522465742661
1.03224 0.0630294814654
0.580508 0.47811691561
0.572939 0.478703265135
1.04092 0.0665427237248
0.655224 0.397233037425
0.58311 0.479795298531
1.50269 0.523267954304
1.04065 0.0679932757607
1.04457 0.065825290528
1.04093 0.0465408771192
1.04178 0.0634320178489
0.127983 0.980291203184
1.49089 0.522960136253
1.49781 0.523581155203
1.47438 0.522549185395
1.02834 0.0956783055209
0.132373 0.977835382398
1.50328 0.524513271453
1.03086 0.0620102755865
0.127107 0.97953083649
0.129435 0.978977032207
1.94907 1.02310091734
1.49671 0.524875130988
1.03156 0.0607700565799
1.03154 0.0583179952396
1.04403 0.0627159560668
0.588118 0.479229269393
1.04289 0.0681625476555
0.12684 0.977835223781
1.04463 0.0520295659405
1.50746 0.522932108136
1.51806 0.523451986565
0.59716 0.479974111036
1.02278 0.070391851369
0.129058 0.977949832164
1.0347 0.0419816865953
1.95413 1.02257739029
0.590762 0.478965326933
1.04205 0.0456039836789
1.04753 0.066929408615
1.04164 0.0538118879515
0.574405 0.480643448274
0.577187 0.480446714282
1.47347 0.522549341923
0.589939 0.478505817986
0.591682 0.478604561295
1.03289 0.126459556898
0.575794 0.479000072831
1.95797 1.02383483993
0.591637 0.477980820706
1.05154 0.0679731626787
1.50812 0.524062923578
1.95961 1.02262645772
0.581155 0.478474257233
0.584769 0.483003982055
1.05002 0.0589465073917
0.581572 0.477923356561
1.04569 0.0741137947668
1.50248 0.524627879301
0.588287 0.478314127913
0.12814 0.979164244074
1.02689 0.0634088724703
0.57605 0.488102371818
1.47665 0.523337267371
1.49661 0.523322511106
1.5077 0.524107458197
0.574924 0.486135997286
0.593585 0.47793669131
1.49442 0.52358513228
0.589351 0.477866402044
1.51223 0.524185024522
1.02883 0.0623533397754
1.05357 0.0800025698524
1.04288 0.0954666056979
1.48374 0.52258331704
1.04107 0.0539751792658
0.576561 0.47928876517
0.582521 0.478569149809
0.589642 0.478201558322
0.584664 0.478016000213
1.95609 1.02284165212
0.127938 0.979942462681
1.03173 0.0647760693206
1.48954 0.524096119113
1.03695 0.0511703947287
0.128725 0.97779866503
1.05217 0.0622423477861
1.02753 0.0615198473373
1.96156 1.02249155437
0.128083 0.978169276198
1.04675 0.0580667443726
1.50548 0.522925440243
0.576776 0.478672530889
1.04341 0.0751938651241
1.05125 0.0575781806913
11.3207 0.123027224606
10.8332 0.0725936286456
9.4386 0.081053814535
9.91335 0.0368583287557
8.10231 0.228177594577
9.49718 0.0787450016263
10.8555 0.0759694171852
10.8502 0.0750951233345
10.4236 0.0306720245099
8.12011 0.227806429428
10.1404 0.0198565703743
9.02643 0.1287669541
11.7449 0.172453866648
10.4028 0.03707712978
11.3183 0.122617398537
8.14574 0.227963923554
8.57293 0.178854795118
8.10662 0.227942481324
10.8527 0.0732882669097
10.8062 0.0738201667994
11.7786 0.176049148488
13.1288 0.322528078701
9.94629 0.0331392502774
12.2375 0.222491613411
8.55743 0.177936828488
11.3051 0.123090253581
9.47402 0.0784251476116
10.8712 0.0747505687869
8.67295 0.166718242126
11.762 0.174008505518
10.4142 0.02900691386
10.4382 0.02878722014
10.3912 0.0267277932754
7.67695 0.278235867282
8.11546 0.228637424582
10.3657 0.0256178235851
9.51012 0.0827890311025
9.91484 0.0362460403972
9.50312 0.0784375296975
11.2981 0.126273720718
10.2904 0.023619773199
9.95319 0.0332636629942
10.838 0.0736390507746
10.8817 0.0743769629909
8.57284 0.178028180794
10.397 0.0244989746909
11.298 0.122795770093
11.3165 0.123360550625
11.3093 0.123008207129
10.4281 0.0306999681544
9.9293 0.0402444720973
11.3058 0.123698995206
11.7587 0.172737198297
10.8582 0.0734813196817
10.4132 0.0272467601771
13.1268 0.323182390102
10.8477 0.0735609077772
11.2899 0.12404884316
12.0729 0.20505154802
11.7583 0.172475485023
10.356 0.0305955119208
8.56509 0.18005223908
10.8152 0.0733922261717
12.2227 0.222503049741
9.947 0.0295507203073
10.8417 0.0730360641657
10.4047 0.0328270258042
11.8363 0.181744140007
10.4254 0.0323296268577
11.293 0.124052863155
10.8586 0.0728038660633
11.7259 0.176173780087
8.10788 0.227663373302
8.1134 0.22801381584
10.8344 0.0726023385503
10.8636 0.0727488942219
8.57976 0.17794729631
11.7099 0.172748924923
8.54449 0.178866042184
11.293 0.123178738324
9.45205 0.0821170167747
10.406 0.0344359371421
12.2169 0.222703269753
6.29431 0.427782593174
10.827 0.073522444416
10.829 0.0722791225714
9.08562 0.129441858496
10.3946 0.0300548102123
11.3076 0.123039003509
9.02253 0.130132411544
10.3976 0.0336132348732
9.04778 0.128368565426
13.3338 0.345566283847
10.3902 0.0277815822108
9.97347 0.0342566044679
9.91992 0.0323560235605
10.8434 0.0725961146517
9.44504 0.0810816908849
9.96516 0.037477833159
10.4159 0.0324103253944
105.445 0.0390319595393
102.034 0.00697645588698
92.469 0.103695565931
97.3407 0.0509432675066
103.864 0.0217832354947
99.0504 0.0328061368421
104.574 0.031692483689
102.563 0.00849738070633
99.4298 0.027531759616
89.6989 0.134255826465
105.393 0.0380356506817
106.302 0.0475653342417
100.787 0.0133373348879
99.7649 0.0237583855676
105.714 0.0414872572533
102.651 0.0110532956885
101.531 0.00708399201923
97.5577 0.0478180641553
90.1955 0.127822912982
105.214 0.0371285412185
100.317 0.0190605359748
108.177 0.0679107793085
101.76 0.00664452248114
101.546 0.00642106333824
99.4649 0.026614312927
100.767 0.0138675689273
98.8745 0.0327306495731
98.525 0.0380991276823
99.3301 0.0278637414765
99.7961 0.0228157658072
99.5594 0.0259364679756
100.866 0.0124065045508
101.393 0.0088915186734
101.096 0.0104381143629
106.743 0.0550905702136
97.0978 0.053031738782
100.752 0.013678786976
100.571 0.0138847116039
103.563 0.0200661590215
97.9992 0.042929688304
103.474 0.0183976622959
104.853 0.0340611686291
97.2114 0.0507592315737
100.25 0.0190691675829
102.775 0.0106744131125
102.135 0.00553942201227
101.15 0.0113252664929
95.2269 0.072844872317
111.724 0.10737784724
99.1074 0.0327637653876
98.8053 0.0333853825048
101.636 0.00584322083276
98.5889 0.0372397510828
106.547 0.0520325358164
104.513 0.0297627147108
100.88 0.0133983054726
103.8 0.0225661106277
100.217 0.0188579461036
100.763 0.0167852172567
101.218 0.00839764067987
97.9411 0.0436381433374
94.4406 0.0816601777401
94.3166 0.0831267432645
102.322 0.00662215286093
100.663 0.0139542546484
99.1354 0.0306310940472
101.761 0.00620724754249
97.8309 0.0464607753231
97.1658 0.0527733124157
99.5276 0.0262972341727
105.325 0.0379652489791
105.435 0.0399309081287
98.5914 0.0368265152209
100.392 0.018048137814
92.1451 0.106772481829
100.673 0.0141625200106
101.779 0.00535964782826
101.483 0.0115282689153
102.848 0.0117112293407
103.605 0.0177763348161
100.833 0.0145993847057
99.8913 0.0230460517943
102.773 0.00982415202783
99.3705 0.0280275272847
102.017 0.00564311628698
101.444 0.00684142121722
102.347 0.00789486516646
95.6873 0.0688516483204
93.8354 0.0881086596745
103.917 0.0233555144273
100.394 0.0172279416073
98.0494 0.043733179301
93.2914 0.0946237176333
95.3081 0.0717031075424
103.441 0.0156068196387
106.948 0.0569160463647
90.3294 0.125732355731
105.293 0.0387383587359
99.3581 0.0279883971132
100.884 0.0125608848649
