3 3
66
5.000000 -5.000000 5.000000
5.000000 5.000000 5.000000
-5.000000 5.000000 5.000000
-5.000000 -5.000000 5.000000
5.000000 5.000000 -5.000000
5.000000 -5.000000 -5.000000
-5.000000 -5.000000 -5.000000
-5.000000 5.000000 -5.000000
5.000000 -1.666667 5.000000
5.000000 1.667333 5.000000
1.666667 5.000000 5.000000
-1.667333 5.000000 5.000000
-5.000000 1.666667 5.000000
-5.000000 -1.667333 5.000000
-1.666667 -5.000000 5.000000
1.667333 -5.000000 5.000000
5.000000 1.666667 -5.000000
5.000000 -1.667333 -5.000000
1.666667 -5.000000 -5.000000
-1.667333 -5.000000 -5.000000
-5.000000 -1.666667 -5.000000
-5.000000 1.667333 -5.000000
-1.666667 5.000000 -5.000000
1.667333 5.000000 -5.000000
-5.000000 -5.000000 1.666667
-5.000000 -5.000000 -1.667333
5.000000 -5.000000 1.666667
5.000000 -5.000000 -1.667333
-5.000000 5.000000 1.666667
-5.000000 5.000000 -1.667333
5.000000 5.000000 1.666667
5.000000 5.000000 -1.667333
0.267256 -2.117297 5.000000
1.363588 1.361406 5.000000
-2.114364 0.263923 5.000000
-2.696895 -2.699912 5.000000
1.363791 1.361203 -5.000000
-2.114278 0.264121 -5.000000
-2.697051 -2.699757 -5.000000
0.267057 -2.117384 -5.000000
0.263923 -5.000000 -2.114450
-2.699912 -5.000000 -2.697097
-2.117297 -5.000000 0.266981
1.361406 -5.000000 1.363530
-5.000000 -2.117297 -0.267333
-5.000000 1.361406 -1.363849
-5.000000 0.263923 2.114193
-5.000000 -2.699912 2.696848
-2.117297 5.000000 -0.267333
1.361406 5.000000 -1.363849
0.263923 5.000000 2.114193
-2.699912 5.000000 2.696848
5.000000 0.263923 -2.114450
5.000000 -2.699912 -2.697097
5.000000 -2.117297 0.266981
5.000000 1.361406 1.363530
3.064214 3.020212 -3.180178
2.320461 -1.522025 0.607427
3.873119 -3.394216 1.297573
-2.624709 0.445849 -1.812782
0.677479 -1.340685 -2.686084
-1.582423 0.810044 1.799480
2.793831 2.539831 2.115509
1.009141 2.339344 -1.648873
-2.503761 -2.982550 -2.628060
-1.208716 -2.894267 0.546629
179
16 52 31 56
57 43 27 58
26 27 43 58
57 27 54 58
54 27 26 58
57 8 43 58
8 26 43 58
57 54 8 58
26 8 54 58
4 23 16 31
22 21 37 59
22 7 21 29
21 20 37 59
6 19 38 41
19 18 39 40
18 17 39 53
18 5 17 53
17 16 36 52
38 39 37 60
5 18 27 53
18 40 27 53
25 24 42 44
24 14 42 47
24 3 14 47
14 15 43 32
15 26 43 8
15 0 26 8
27 40 43 57
20 45 44 59
20 21 45 59
21 29 45 22
29 28 45 48
28 46 45 48
28 12 46 51
28 2 12 51
12 13 46 34
13 47 46 34
13 3 47 35
24 44 47 42
46 47 44 61
45 46 44 59
22 48 29 45
30 10 50 62
30 1 10 62
10 11 50 33
11 51 50 61
11 2 51 12
28 48 51 46
50 51 48 61
17 53 52 60
27 54 53 57
8 55 54 57
8 9 55 62
9 30 55 62
9 1 30 62
30 31 55 62
54 55 52 57
53 54 52 57
32 8 15 43
33 8 32 57
9 8 33 62
10 9 33 62
1 9 10 62
34 11 33 61
12 11 34 51
35 13 34 47
14 3 35 47
35 34 32 61
34 33 32 61
59 22 21 45
40 18 39 60
53 17 39 60
53 39 18 60
53 40 27 57
53 18 40 60
47 14 42 35
48 46 45 61
51 12 46 61
34 46 12 61
34 47 46 61
61 44 46 59
59 45 46 61
45 22 48 59
62 10 50 33
33 11 50 61
61 11 51 34
46 48 51 61
60 53 52 57
57 8 55 62
43 32 8 57
57 32 33 61
57 33 8 62
51 34 12 61
47 34 35 61
57 53 40 60
61 45 48 59
33 50 62 61
61 33 57 62
52 56 16 36
16 56 31 23
31 56 52 55
22 59 37 63
37 59 20 64
6 41 38 64
38 41 19 64
19 40 39 64
17 52 36 60
39 60 38 64
38 60 37 64
37 60 39 36
25 44 42 64
14 32 43 65
43 57 40 65
20 59 44 64
47 42 44 65
44 61 47 65
30 62 50 49
50 61 48 63
31 62 30 49
55 62 31 56
52 57 55 63
35 61 32 65
40 60 39 64
39 60 17 36
47 35 42 65
42 35 14 65
44 59 61 65
48 59 22 63
60 57 52 63
57 62 55 63
32 57 43 65
32 61 57 65
47 61 35 65
57 60 40 65
61 59 48 63
62 61 50 63
61 62 57 63
23 36 16 56
23 22 36 63
22 37 36 63
20 38 37 64
20 6 38 64
19 39 38 64
19 41 40 64
6 25 41 64
25 42 41 64
14 43 42 65
42 43 40 65
41 42 40 64
6 20 25 64
20 44 25 64
22 49 48 63
22 23 49 63
23 31 49 56
49 50 48 63
32 14 35 65
36 52 56 60
55 56 52 63
63 59 37 60
64 37 59 60
36 37 60 63
64 44 42 65
64 59 44 65
49 62 50 63
49 31 62 63
56 62 31 63
56 55 62 63
64 40 60 65
65 59 61 60
63 52 60 56
63 60 57 61
65 61 57 60
63 61 59 60
56 23 36 63
65 40 42 64
63 23 49 56
56 31 49 63
60 56 36 63
60 59 64 65
