3 3
221
2.500000 -2.500000 2.500000
2.500000 2.500000 2.500000
-2.500000 2.500000 2.500000
-2.500000 -2.500000 2.500000
2.500000 2.500000 -2.500000
2.500000 -2.500000 -2.500000
-2.500000 -2.500000 -2.500000
-2.500000 2.500000 -2.500000
2.500000 -1.500400 2.500000
2.500000 -0.500200 2.500000
2.500000 0.500000 2.500000
2.500000 1.500200 2.500000
1.500400 2.500000 2.500000
0.500200 2.500000 2.500000
-0.500000 2.500000 2.500000
-1.500200 2.500000 2.500000
-2.500000 1.500400 2.500000
-2.500000 0.500200 2.500000
-2.500000 -0.500000 2.500000
-2.500000 -1.500200 2.500000
-1.500400 -2.500000 2.500000
-0.500200 -2.500000 2.500000
0.500000 -2.500000 2.500000
1.500200 -2.500000 2.500000
2.500000 1.500400 -2.500000
2.500000 0.500200 -2.500000
2.500000 -0.500000 -2.500000
2.500000 -1.500200 -2.500000
1.500400 -2.500000 -2.500000
0.500200 -2.500000 -2.500000
-0.500000 -2.500000 -2.500000
-1.500200 -2.500000 -2.500000
-2.500000 -1.500400 -2.500000
-2.500000 -0.500200 -2.500000
-2.500000 0.500000 -2.500000
-2.500000 1.500200 -2.500000
-1.500400 2.500000 -2.500000
-0.500200 2.500000 -2.500000
0.500000 2.500000 -2.500000
1.500200 2.500000 -2.500000
-2.500000 -2.500000 1.500400
-2.500000 -2.500000 0.500200
-2.500000 -2.500000 -0.500000
-2.500000 -2.500000 -1.500200
2.500000 -2.500000 1.500400
2.500000 -2.500000 0.500200
2.500000 -2.500000 -0.500000
2.500000 -2.500000 -1.500200
-2.500000 2.500000 1.500400
-2.500000 2.500000 0.500200
-2.500000 2.500000 -0.500000
-2.500000 2.500000 -1.500200
2.500000 2.500000 1.500400
2.500000 2.500000 0.500200
2.500000 2.500000 -0.500000
2.500000 2.500000 -1.500200
1.275583 -1.473202 2.500000
1.453144 -0.645329 2.500000
1.491684 0.343666 2.500000
1.499182 1.420723 2.500000
0.497253 1.143917 2.500000
-0.500022 1.757038 2.500000
-1.500065 1.182784 2.500000
-1.500984 0.109998 2.500000
-1.502851 -0.904675 2.500000
-1.501987 -1.873979 2.500000
-0.514914 -1.389034 2.500000
0.454053 -1.864920 2.500000
0.445702 -0.918721 2.500000
0.484231 0.061992 2.500000
-0.502828 0.667425 2.500000
-0.511185 -0.368682 2.500000
1.499099 1.420811 -2.500000
0.497174 1.143946 -2.500000
-0.500150 1.757024 -2.500000
-1.500127 1.182694 -2.500000
-1.500994 0.109892 -2.500000
-1.502825 -0.904775 -2.500000
-1.501904 -1.874032 -2.500000
-0.514835 -1.389058 -2.500000
0.454184 -1.864910 -2.500000
1.275659 -1.473137 -2.500000
1.453157 -0.645227 -2.500000
1.491659 0.343772 -2.500000
0.484220 0.062024 -2.500000
-0.502872 0.667396 -2.500000
-0.511172 -0.368715 -2.500000
0.445748 -0.918696 -2.500000
1.182784 -2.500000 -1.500064
0.109998 -2.500000 -1.500977
-0.904675 -2.500000 -1.502822
-1.873979 -2.500000 -1.501904
-1.389034 -2.500000 -0.514833
-1.864920 -2.500000 0.454184
-1.473202 -2.500000 1.275660
-0.645329 -2.500000 1.453164
0.343666 -2.500000 1.491688
1.420723 -2.500000 1.499182
1.143917 -2.500000 0.497255
1.757038 -2.500000 -0.500022
0.667425 -2.500000 -0.502823
-0.368682 -2.500000 -0.511160
-0.918721 -2.500000 0.445753
0.061992 -2.500000 0.484244
-2.500000 -1.473202 -1.275583
-2.500000 -0.645329 -1.453137
-2.500000 0.343666 -1.491655
-2.500000 1.420723 -1.499099
-2.500000 1.143917 -0.497173
-2.500000 1.757038 0.500150
-2.500000 1.182784 1.500128
-2.500000 0.109998 1.501001
-2.500000 -0.904675 1.502854
-2.500000 -1.873979 1.501987
-2.500000 -1.389034 0.514916
-2.500000 -1.864920 -0.454053
-2.500000 -0.918721 -0.445697
-2.500000 0.061992 -0.484207
-2.500000 0.667425 0.502876
-2.500000 -0.368682 0.511197
-1.473202 2.500000 -1.275583
-0.645329 2.500000 -1.453137
0.343666 2.500000 -1.491655
1.420723 2.500000 -1.499099
1.143917 2.500000 -0.497173
1.757038 2.500000 0.500150
1.182784 2.500000 1.500128
0.109998 2.500000 1.501001
-0.904675 2.500000 1.502854
-1.873979 2.500000 1.501987
-1.389034 2.500000 0.514916
-1.864920 2.500000 -0.454053
-0.918721 2.500000 -0.445697
0.061992 2.500000 -0.484207
0.667425 2.500000 0.502876
-0.368682 2.500000 0.511197
2.500000 1.182784 -1.500064
2.500000 0.109998 -1.500977
2.500000 -0.904675 -1.502822
2.500000 -1.873979 -1.501904
2.500000 -1.389034 -0.514833
2.500000 -1.864920 0.454184
2.500000 -1.473202 1.275660
2.500000 -0.645329 1.453164
2.500000 0.343666 1.491688
2.500000 1.420723 1.499182
2.500000 1.143917 0.497255
2.500000 1.757038 -0.500022
2.500000 0.667425 -0.502823
2.500000 -0.368682 -0.511160
2.500000 -0.918721 0.445753
2.500000 0.061992 0.484244
2.001608 1.931765 -1.997108
1.311803 1.728133 -1.267300
0.378673 -0.345348 -2.019653
0.290638 -0.799086 -1.386375
0.168919 0.267957 -1.701709
1.293762 -0.344303 -1.502938
-0.320049 -2.021736 0.363438
-0.790327 -1.366072 0.286918
0.290320 -1.726920 0.138453
-0.222517 -1.522486 1.255167
-1.901114 2.110684 -1.435559
-1.574743 1.800515 -1.721563
-1.839270 1.293026 -1.089125
-0.762562 1.752073 -1.397536
-1.868926 0.209960 -1.692007
-1.866198 -1.733704 -1.828553
-0.775495 -1.283441 -1.698057
0.147514 -1.809891 -1.779927
1.370506 -1.429229 -1.769676
1.346827 0.711829 -1.744647
-0.767268 0.796290 -1.663369
-0.751989 -0.234343 -1.383701
0.745273 -1.798181 -0.708390
-0.286912 -1.386891 -0.727797
-1.404766 -1.694172 -0.713286
-1.484487 -1.663229 1.181846
0.765177 -1.745821 1.193968
-1.462384 1.266377 1.824508
-1.404210 -0.839600 1.684764
-1.858644 -0.587562 -1.331964
-1.843945 0.168693 0.232788
-1.742255 1.144030 0.779892
-1.852774 -0.853468 0.751988
1.830240 1.762223 -0.250736
1.818300 1.898240 1.740026
0.811188 1.308883 1.733177
-0.218372 1.711003 1.814120
-1.332224 1.451367 -0.345779
0.749424 1.410226 -0.258541
1.264113 1.637205 0.791477
0.243693 1.390485 0.749280
-0.830050 1.771015 0.814867
-0.215813 1.601520 -0.149310
1.692017 -1.309473 1.314294
1.729821 -0.154370 1.722195
1.732646 0.804569 1.417997
1.762066 0.780437 -0.733599
1.715680 -1.282770 -0.685307
1.741001 -0.233893 -0.300678
1.482007 -1.319179 0.277654
1.447083 -0.336315 0.732213
1.445186 0.682210 0.229530
0.808029 -0.880144 1.567197
-0.338752 0.783103 1.393805
-0.342442 -0.333169 1.733939
0.309162 1.299519 -1.256079
-1.482949 0.352980 1.265977
-1.417410 -0.619562 -0.302399
-1.531660 0.438273 -0.719892
0.722047 0.330708 1.266357
-0.309558 0.767267 -0.723515
0.623022 0.255071 -0.807380
0.754397 -0.733600 -0.340469
0.281910 -0.808901 0.566505
-0.664356 -0.286695 0.753391
-0.814344 0.612003 0.247510
0.382823 0.327881 0.207780
-0.338831 -0.285594 -0.344330
1.872205 1.877249 -1.710629
791
24 136 55 152
72 136 24 152
24 55 39 152
39 72 24 152
39 55 123 152
123 72 39 152
39 72 123 38
153 123 72 38
86 87 84 154
155 87 86 154
156 86 84 154
155 86 156 154
157 84 87 154
155 157 87 154
156 84 157 154
156 157 155 154
102 103 101 158
159 102 101 158
160 101 103 158
159 101 160 158
161 103 102 158
159 161 102 158
160 103 161 158
160 161 159 158
107 36 51 162
36 120 51 162
163 36 107 162
163 120 36 162
163 107 164 162
163 164 120 162
131 107 51 162
51 120 131 162
164 107 131 162
164 131 120 162
107 75 36 163
164 75 107 163
165 36 75 163
120 36 165 163
164 165 75 163
164 120 165 163
4 39 24 55
38 73 72 153
38 74 73 122
38 37 74 122
37 36 74 121
36 75 74 165
36 35 75 107
36 7 35 51
35 34 75 107
34 76 75 166
34 33 76 166
33 77 76 166
33 32 77 105
32 78 77 167
32 6 78 167
6 31 78 167
31 30 78 90
30 79 78 168
30 80 79 169
30 29 80 169
29 28 80 88
28 81 80 88
28 27 81 139
28 5 27 139
27 82 81 170
27 26 82 138
26 83 82 137
26 25 83 137
25 72 83 171
25 24 72 136
73 83 72 171
84 83 73 171
85 84 73 156
74 85 73 172
75 85 74 172
76 85 75 172
86 85 76 172
77 86 76 173
79 86 77 168
78 79 77 168
87 86 79 168
80 87 79 169
81 87 80 170
82 87 81 170
84 87 82 157
83 84 82 157
85 86 84 156
5 28 47 139
28 88 47 139
29 89 88 169
29 30 89 169
30 90 89 169
31 91 90 167
31 6 91 167
6 43 91 167
43 42 91 115
42 92 91 115
42 41 93 115
41 40 93 113
40 94 93 113
40 20 94 113
40 3 20 113
20 95 94 65
20 21 95 65
21 96 95 67
21 22 96 67
22 97 96 67
22 23 97 67
23 44 97 8
23 0 44 8
44 45 97 141
45 98 97 141
45 99 98 141
45 46 99 141
46 47 99 139
47 88 99 139
100 99 88 174
89 100 88 174
101 100 89 174
90 101 89 175
92 101 90 176
91 92 90 176
102 101 92 176
95 102 94 177
103 102 95 161
96 103 95 161
98 103 96 178
97 98 96 178
100 103 98 160
99 100 98 174
101 103 100 160
6 32 43 167
32 104 43 167
32 105 104 167
33 106 105 166
33 34 106 166
34 107 106 166
35 51 107 36
51 50 107 131
50 108 107 164
50 109 108 131
50 49 109 131
49 48 109 129
48 110 109 129
48 16 110 129
48 2 16 129
16 17 110 62
17 111 110 179
17 18 111 63
18 112 111 180
18 19 112 64
19 113 112 65
19 3 113 65
41 114 113 93
43 104 115 91
105 116 104 181
117 116 105 181
106 117 105 181
108 117 106 164
107 108 106 164
118 117 108 182
109 118 108 183
110 118 109 183
111 118 110 183
119 118 111 182
112 119 111 184
114 119 112 184
113 114 112 184
116 119 114 184
117 119 116 182
118 119 117 182
36 121 120 165
37 122 121 74
38 123 122 153
55 54 123 147
54 124 123 185
54 125 124 185
54 53 125 185
53 52 125 145
52 126 125 186
52 12 126 186
52 1 12 186
12 13 126 59
13 127 126 187
13 14 127 188
14 128 127 188
14 15 128 61
15 129 128 179
15 2 129 16
49 130 129 109
49 131 130 109
132 131 120 189
121 132 120 165
133 132 121 165
122 133 121 165
124 133 122 153
123 124 122 153
134 133 124 190
125 134 124 191
126 134 125 191
127 134 126 191
135 134 127 192
128 135 127 193
130 135 128 193
129 130 128 193
132 135 130 193
131 132 130 189
133 135 132 194
134 135 133 194
25 137 136 171
26 138 137 82
27 139 138 170
46 140 139 99
46 141 140 99
44 142 141 97
44 8 142 97
8 143 142 195
8 9 143 57
9 144 143 196
9 10 144 196
10 145 144 197
10 11 145 59
11 52 145 186
11 1 52 186
53 146 145 125
53 147 146 185
53 54 147 185
55 136 147 153
148 147 136 198
137 148 136 198
149 148 137 198
138 149 137 157
140 149 138 199
139 140 138 199
150 149 140 200
141 150 140 201
142 150 141 195
143 150 142 195
151 150 143 202
144 151 143 196
146 151 144 197
145 146 144 197
148 151 146 203
147 148 146 185
149 151 148 200
150 151 149 200
56 8 23 97
57 8 56 195
58 9 57 196
10 9 58 196
59 10 58 197
12 11 59 186
1 11 12 186
60 13 59 187
61 13 60 188
14 13 61 188
62 15 61 179
16 15 62 129
63 17 62 179
64 18 63 180
65 19 64 112
20 3 65 113
66 21 65 95
67 21 66 95
56 23 67 97
67 68 56 204
68 57 56 204
68 69 57 204
69 58 57 196
69 60 58 187
60 59 58 187
69 70 60 205
70 61 60 188
70 62 61 179
70 63 62 179
70 71 63 206
71 64 63 180
71 66 64 180
66 65 64 180
71 68 66 206
68 67 66 161
71 69 68 206
71 70 69 206
153 73 72 171
153 38 73 122
122 74 73 207
121 36 74 165
165 75 74 172
107 34 75 166
166 76 75 172
166 77 76 173
166 33 77 181
105 32 77 167
105 77 33 181
167 78 77 168
167 31 78 90
90 30 78 168
168 30 79 169
169 29 80 88
88 81 80 170
88 28 81 170
139 27 81 170
139 81 28 170
170 27 82 138
137 83 82 157
137 25 83 171
171 25 72 136
171 73 84 156
171 84 83 157
156 73 85 172
172 73 74 207
172 76 86 173
172 86 85 156
173 77 86 168
168 79 87 169
168 87 86 155
169 80 87 170
170 82 87 157
139 28 88 170
169 89 88 174
169 90 89 175
169 30 90 168
167 91 90 176
167 43 91 104
113 20 94 65
65 95 94 177
67 96 95 66
67 97 96 178
141 98 97 195
141 99 98 201
139 88 99 199
174 99 88 199
174 89 101 175
174 101 100 160
175 90 101 176
176 102 101 159
177 95 102 161
161 95 96 66
161 96 103 178
178 98 103 160
178 97 98 195
160 98 100 174
174 98 99 201
167 105 104 181
166 106 105 181
166 105 33 181
166 107 106 164
131 50 107 164
164 50 108 131
131 109 108 189
129 110 109 183
129 16 110 179
62 17 110 179
62 110 16 179
179 111 110 208
179 17 111 63
63 18 111 180
180 112 111 184
180 18 112 64
65 113 112 180
176 104 116 181
181 117 116 209
181 106 117 166
164 117 106 210
164 108 117 210
182 117 108 210
182 108 118 183
183 108 109 189
183 110 111 208
183 111 118 208
182 118 111 208
182 111 119 184
184 112 113 177
184 113 114 177
184 116 119 209
182 119 116 209
182 116 117 209
74 122 121 165
147 54 123 185
147 123 55 153
185 124 123 153
185 125 124 191
185 53 125 146
145 52 125 186
186 126 125 191
186 12 126 59
59 13 126 187
187 127 126 191
187 13 127 188
188 128 127 193
188 14 128 61
61 15 128 179
179 129 128 193
179 15 129 62
109 130 129 183
109 131 130 189
164 120 131 189
189 120 132 165
165 133 132 194
165 122 133 207
153 133 122 207
153 124 133 190
190 124 134 191
190 134 133 194
191 127 134 192
192 127 135 193
192 135 134 194
193 129 130 183
193 130 132 189
193 132 135 194
171 137 136 198
82 138 137 157
170 139 138 199
99 140 139 199
99 141 140 199
97 142 141 195
97 8 142 195
195 8 143 57
57 9 143 196
196 10 144 58
197 144 10 58
197 10 145 59
59 11 145 186
125 146 145 191
153 136 147 198
198 148 147 185
198 137 149 200
198 149 148 200
157 149 137 200
157 138 149 199
199 140 149 200
200 140 150 199
201 150 140 199
201 140 141 199
201 141 150 195
195 143 150 202
202 143 151 196
202 151 150 200
196 144 151 197
197 146 151 203
197 145 146 191
203 146 148 198
203 148 151 200
185 148 146 198
97 56 8 195
195 56 57 204
197 58 59 187
187 60 13 188
129 62 16 179
112 64 65 180
95 65 66 177
97 67 56 178
204 56 67 178
204 67 68 161
204 69 57 196
204 68 69 206
196 69 58 211
187 58 69 211
187 69 60 205
205 70 60 188
205 69 70 206
188 70 61 179
179 70 63 208
206 71 63 180
206 63 70 208
180 71 66 206
180 66 65 177
206 68 66 161
161 67 66 96
171 72 153 136
171 153 73 207
122 73 153 207
207 122 74 165
172 74 165 207
172 165 75 164
164 107 75 166
172 75 166 164
172 166 76 173
173 166 77 181
167 77 105 181
168 77 167 181
168 167 78 90
88 80 169 170
138 82 170 157
157 137 83 171
156 84 171 157
156 171 73 207
172 156 73 207
173 86 172 156
168 86 173 155
168 173 77 181
169 87 168 155
170 87 169 155
157 87 170 155
155 156 86 173
170 88 139 199
174 88 169 170
174 169 89 175
175 169 90 168
176 90 167 168
176 167 91 104
177 113 94 65
178 96 67 161
195 141 98 201
201 141 99 199
199 88 174 170
199 174 99 201
175 101 174 160
176 101 175 159
176 175 90 168
161 102 177 159
161 177 95 66
178 103 161 160
160 178 98 201
195 98 178 201
195 178 97 56
174 160 98 201
159 160 101 175
181 104 167 176
164 106 166 210
131 108 164 189
183 129 110 179
208 110 179 183
208 179 111 63
180 111 63 208
184 111 180 208
184 180 112 177
180 113 112 177
180 65 113 177
181 116 176 209
209 181 117 210
166 106 117 210
166 117 181 210
210 164 108 189
210 108 182 189
210 182 117 209
183 118 182 208
183 182 108 189
189 109 183 130
208 111 182 184
184 119 182 209
185 123 147 153
153 185 124 190
191 124 185 190
191 185 125 146
186 125 145 191
191 186 126 187
59 126 186 187
191 187 127 192
188 127 187 192
193 127 188 192
193 188 128 179
61 128 188 179
193 179 129 183
189 164 120 165
165 132 189 194
194 165 133 207
207 153 133 190
191 134 190 192
194 133 190 207
194 190 134 192
193 135 192 194
183 130 193 189
189 132 193 194
198 136 171 153
198 171 137 157
199 138 170 157
57 143 195 196
58 144 196 197
59 145 197 186
198 147 153 185
200 198 137 157
200 148 198 203
200 157 149 199
199 150 200 201
195 150 201 202
202 195 143 196
196 151 202 197
200 150 202 201
200 202 151 203
203 151 197 202
203 197 146 191
191 197 145 186
198 203 146 185
204 57 195 196
204 195 56 178
187 59 197 186
187 197 58 211
188 187 60 205
178 67 204 161
161 68 204 206
196 204 69 211
206 69 204 211
211 58 196 197
211 69 187 205
188 205 70 179
206 70 205 208
206 205 69 211
208 179 70 205
180 63 206 208
206 66 180 161
177 180 66 161
207 171 153 198
207 165 172 212
164 172 165 189
164 166 172 210
173 172 166 210
181 173 166 210
181 167 168 176
157 171 156 213
207 156 171 213
207 172 156 212
156 172 173 212
155 173 168 175
181 168 173 209
155 168 169 175
155 169 170 174
155 170 157 199
156 155 157 213
173 155 156 213
175 174 169 155
170 174 199 155
201 199 174 214
160 174 175 214
159 175 176 209
168 176 175 209
159 177 161 180
160 159 161 215
160 161 178 215
201 160 178 215
201 178 195 204
201 174 160 214
175 159 160 215
183 179 208 205
208 180 184 216
177 184 180 159
209 176 181 168
210 209 181 173
189 210 164 172
189 182 210 217
209 210 182 217
208 182 183 217
189 183 182 217
184 182 208 216
209 182 184 216
190 153 185 198
190 185 191 203
146 191 185 203
187 191 186 197
192 191 187 211
192 187 188 205
192 188 193 205
179 193 188 205
183 193 179 205
194 189 165 212
207 194 165 212
190 207 153 198
192 190 191 203
207 190 194 212
192 194 190 218
194 192 193 217
189 193 183 217
194 193 189 217
157 198 171 213
157 200 198 213
203 198 200 213
199 200 157 214
201 200 199 214
202 201 195 204
196 202 195 204
197 202 196 211
201 202 200 214
203 200 202 218
202 197 203 211
191 203 197 211
185 198 203 190
211 187 197 191
161 204 178 215
206 204 161 215
211 196 204 202
211 204 206 215
205 187 211 192
208 205 206 216
211 206 205 216
208 206 180 216
161 180 206 216
198 207 171 213
212 165 172 189
210 173 172 212
213 207 156 212
212 173 156 213
175 173 168 209
175 155 173 219
199 157 155 214
213 155 157 214
213 173 155 219
155 175 174 214
155 174 199 214
214 175 160 215
209 159 175 219
180 161 159 216
215 159 161 216
215 178 201 204
215 201 160 214
215 175 159 219
205 208 183 217
216 180 184 159
173 210 209 219
172 189 210 212
217 210 189 212
217 182 209 216
217 209 210 219
217 208 182 216
216 184 209 159
211 192 191 203
205 193 192 217
205 183 193 217
212 194 189 217
198 190 207 213
203 192 190 218
212 190 194 218
212 207 190 213
218 192 194 217
213 157 200 214
213 200 203 218
213 203 198 190
204 202 201 215
214 202 200 218
214 201 202 215
218 202 203 211
215 161 206 216
202 204 211 215
215 206 211 216
192 211 205 218
216 208 205 217
216 205 211 218
212 210 173 219
213 212 173 219
209 175 173 219
219 175 155 214
214 213 155 219
215 214 175 219
219 209 159 216
216 215 159 219
212 217 210 219
216 209 217 219
203 211 192 218
217 192 205 218
217 212 194 218
218 190 203 213
218 212 190 213
214 200 213 218
218 214 202 215
211 218 202 215
216 211 215 218
217 205 216 218
219 213 212 218
219 214 213 218
219 215 214 218
219 216 215 218
219 212 217 218
219 217 216 218
92 115 42 93
91 115 92 176
93 113 94 177
102 176 92 93
94 177 102 93
115 91 104 176
116 184 114 93
102 159 176 93
104 176 116 115
184 177 114 93
114 177 113 93
116 209 184 93
177 159 102 93
176 209 116 93
159 209 176 93
184 159 177 93
209 159 184 93
41 115 114 93
115 116 114 93
93 92 115 176
115 176 116 93
220 55 136 152
123 55 220 152
220 136 72 152
123 220 72 152
153 55 136 220
153 55 220 123
153 72 220 136
153 72 123 220
