3 3
26
0.0736231 0.0232445 0.02572
0.060699 0.035699 3.17274e-18
0.04713 0.04713 0.02667
0.0878415 0.035699 0.00857399
0.0726245 0.048199 0.000533001
0.073199 0.048199 0.025
0.035699 0.060699 -1.58637e-18
0.0232445 0.0736231 0.02572
0.060699 0.060699 0
0.048199 0.0726245 0.000533001
0.048199 0.073199 0.025
0.0837196 0.0590009 0.0125465
0.0724633 0.0724633 0.025
0.0921733 0.0448186 0.025
0.035699 0.0878415 0.00857399
0.0590009 0.0837196 0.0125465
0.0448187 0.0921733 0.025
0.0618294 0.035699 0.0356495
0.0856403 0.0366641 0.036096
0.0712725 0.0471907 0.0454809
0.035699 0.0618295 0.0356494
0.0584424 0.0610993 0.0347101
0.0471907 0.0712725 0.0454809
0.0837392 0.0590344 0.0374796
0.0366641 0.0856403 0.036096
0.0590344 0.0837392 0.0374796
48
1 3 4 5
1 3 5 0
6 8 9 10
6 8 10 2
1 8 2 5
1 8 5 4
8 11 12 5
8 11 5 4
3 11 4 5
3 11 5 13
6 14 7 10
6 14 10 9
14 15 16 10
14 15 10 9
8 15 9 10
8 15 10 12
1 17 0 5
1 17 5 2
17 18 0 5
17 18 5 19
3 18 13 5
3 18 5 0
6 20 2 10
6 20 10 7
20 21 2 10
20 21 10 22
17 21 19 5
17 21 5 2
8 21 2 5
8 21 5 12
8 21 12 10
8 21 10 2
21 23 5 12
21 23 19 5
18 23 5 19
18 23 13 5
11 23 5 13
11 23 12 5
20 24 22 10
20 24 10 7
14 24 7 10
14 24 10 16
24 25 10 16
24 25 22 10
21 25 10 22
21 25 12 10
15 25 10 12
15 25 16 10
