3 3
146
1.23606797749979 -3.80422606518061 0.5
2.14330717991598 -3.37731170200806 0.5
1.23606797749979 -3.80422606518061 -0.5
1.38272242515318 -2.91247961748011 0.5
2.85034981127455 1.0307829177365 -0.5
2.33539417902752 -0.00458078577485219 -0.5
3.24516597671031 0.35224535334122 0.5
2.33539417902752 0.00458078577485219 0.5
2.26356720924377 -2.69086027145386 -0.0411863587796688
2.5748356911602 -1.81303626386364 -0.5
2.5776314370252 -1.81417223678951 0.5
2.91587450968565 -2.73818842371475 -0.5
2.91587450968564 -2.73818842371476 0.5
1.96222451246452 -2.31873129360233 0.5
2.14330717991599 -3.37731170200806 -0.5
1.37839944209531 -2.90739136780751 -0.5
1.95090985623401 -2.31463755490879 -0.5
2.5748356911602 1.81303626386364 0.5
2.5776314370252 1.81417223678951 -0.5
2.91587450968565 2.73818842371475 0.5
3.50522672017545 1.92701469640686 0.5
-0.0795936594738392 -0.00141012436353872 0.5
0.487203060599003 -1.04714212956522 -0.5
0.462863177061081 0.0185968056321144 0.123269334435463
0.489280413665821 -1.04878240168649 0.5
2.91587450968564 2.73818842371476 -0.5
3.50522672017545 1.92701469640686 -0.5
3.17386484146118 1.47361695766449 0.00594520336017013
2.85028983937484 1.03087489917528 0.5
3.87433264451452 0.994759548659419 0.5
3.87433264451452 0.994759548659421 -0.5
3.20977020263672 -1.41731464862823 0.00170108128804713
3.50522672017545 -1.92701469640686 -0.5
0.487203060599003 1.04714212956522 0.5
-0.0795936594738392 0.00141012436353872 -0.5
1.12684023159717 0.000895741634893807 -0.5
3.50522672017545 -1.92701469640686 0.5
2.85034981127455 -1.0307829177365 0.5
3.19381546974182 -0.350166320800781 0.0133724166080356
2.85028983937484 -1.03087489917528 -0.5
3.87433264451452 -0.994759548659421 0.5
3.24361613292546 -0.349182379601917 0.5
4 0 0.5
3.87433264451452 -0.994759548659419 -0.5
3.24516597671031 -0.35224535334122 -0.5
4 0 -0.5
3.24361613292546 0.349182379601917 -0.5
2.26356720924377 2.69086027145386 0.0411863587796688
1.95090985623401 2.31463755490879 0.5
1.96222451246452 2.31873129360233 -0.5
1.23606797749979 3.80422606518061 -0.5
2.14330717991598 3.37731170200806 -0.5
1.23606797749979 3.80422606518061 0.5
1.38272242515318 2.91247961748011 -0.5
1.73653198506573 -1.13728009761229 0.5
1.73181083324022 -1.14029222599676 -0.5
2.14330717991599 3.37731170200806 0.5
1.37839944209531 2.90739136780751 0.5
-1.25686441666491 0.00112934868984113 0.5
-0.685393308523969 1.0194931429307 0.5
-1.25686441666491 -0.00112934868984113 -0.5
-0.681595220535242 -1.02304313558843 0.5
-0.685393308523969 -1.0194931429307 -0.5
-1.90186978821971 -1.03228540632838 0.5
1.12684023159717 -0.000895741634893807 0.5
1.73653198506573 1.13728009761229 -0.5
1.73181083324022 1.14029222599676 0.5
0.568897495103829 2.99569297214884 0.5
-0.142542100783504 2.12471991910559 -0.5
0.574989666854978 2.99282736080775 -0.5
0.993760049343109 2.49108958244324 0.0320671498775482
0.489280413665821 1.04878240168649 -0.5
0.993760049343109 -2.49108910560608 -0.0320676527917385
0.988086672279078 -2.0414532433525 0.5
-1.25500862887472 -1.94559907030556 -0.5
-1.25111644232045 -1.95004076946088 0.5
-2.24309636412869 -2.09560929320055 0.5
0.988086672279078 2.0414532433525 -0.5
-1.74150957402484 2.72990379099615 -0.5
-1.74709663900105 2.73226954474872 0.5
-2.25159989981331 2.09359910179262 0.5
-1.25500862887472 1.94559907030556 0.5
-0.681595220535242 1.02304313558843 -0.5
-1.90186978821971 1.03228540632838 -0.5
-0.952538148000937 2.90947533700383 0.5
-0.148438049172428 2.12052470480723 0.5
0.979183623073102 2.04224953062572 0.5
0.979183623073102 -2.04224953062572 -0.5
-2.80235406068853 -1.54121368265893 0.5
-2.25159989981331 -2.09359910179262 -0.5
-3.23606797749979 -2.35114100916989 0.5
-3.23606797749979 -2.35114100916989 -0.5
-0.148438049172428 -2.12052470480723 -0.5
-0.142542100783504 -2.12471991910559 0.5
-1.8999199801036 1.03756423085112 0.5
0.568897495103829 -2.99569297214884 -0.5
-0.94794300368508 -2.91347857971347 0.5
-0.202130797854242 -3.16956204141595 -0.5
-0.194244007563127 -3.18458489003257 0.5
-2.33522519142938 0.0018683741509229 0.5
-2.33522519142938 -0.0018683741509229 -0.5
-2.98203164171929 -0.758233841543802 0.5
-2.24309636412869 2.09560929320055 -0.5
-0.202130797854242 3.16956204141595 0.5
-0.94794300368508 2.91347857971347 -0.5
-1.25111644232045 1.95004076946088 -0.5
-2.80235406068853 1.54121368265893 -0.5
-2.80080026877246 1.5344793401676 0.5
-0.952538148000937 -2.90947533700383 -0.5
-1.74150957402484 -2.72990379099615 0.5
0.574989666854978 -2.99282736080775 0.5
-1.8999199801036 -1.03756423085112 -0.5
0.251162078117251 -3.99210691371309 0.5
-2.80080026877246 -1.5344793401676 -0.5
-3.71910594355301 -1.47249821073871 -0.5
-2.98051382578378 -0.76671392852163 -0.5
-3.719105943553 -1.47249821073871 0.5
-3.24744130210907 0.00488061426856713 0.5
-3.96845880525791 -0.501332934257218 -0.5
-3.96845880525791 -0.501332934257217 0.5
-3.24744130210907 -0.00488061426856713 -0.5
-2.98051382578378 0.76671392852163 0.5
-2.98203164171929 0.758233841543802 -0.5
-3.96845880525791 0.501332934257218 0.5
-3.719105943553 1.47249821073871 -0.5
-3.71910594355301 1.47249821073871 0.5
-2.54969595899476 3.08205297110316 -0.5
-1.70311716626029 3.61930820986408 -0.5
-0.749525258342899 3.92914900291475 0.5
-0.194244007563127 3.18458489003257 -0.5
0.251162078117251 3.99210691371309 -0.5
0.251162078117254 -3.99210691371309 -0.5
-0.749525258342899 -3.92914900291475 -0.5
-3.23606797749979 2.35114100916989 0.5
-3.23606797749979 2.35114100916989 -0.5
-1.70311716626029 3.61930820986408 0.5
-0.749525258342898 3.92914900291475 -0.5
-2.54969595899476 3.08205297110316 0.5
-1.70311716626029 -3.61930820986408 -0.5
-1.70311716626029 -3.61930820986408 0.5
0.251162078117254 3.99210691371309 0.5
-1.74709663900105 -2.73226954474872 -0.5
-3.96845880525791 0.501332934257217 -0.5
-2.54969595899476 -3.08205297110316 0.5
-0.749525258342898 -3.92914900291475 0.5
-2.54969595899476 -3.08205297110316 -0.5
379
0 1 2 3
4 5 6 7
8 9 10 11
8 12 10 13
8 13 1 12
3 8 14 15
8 13 10 16
8 3 16 15
17 18 19 20
21 22 23 24
25 26 19 18
27 17 4 28
29 30 6 28
27 30 4 26
10 31 32 9
33 23 34 35
12 36 11 10
31 37 38 39
31 37 9 10
31 37 36 40
5 6 7 38
7 28 6 4
38 41 40 42
38 43 44 45
4 46 6 5
38 7 37 41
44 39 43 38
22 23 24 35
18 47 48 17
47 18 49 25
50 51 52 53
24 54 55 35
47 17 19 48
53 47 56 57
47 51 56 25
47 57 48 56
21 34 58 59
58 59 34 60
61 58 62 63
54 64 35 24
35 54 55 5
65 66 35 7
66 64 33 35
5 7 35 54
7 35 54 64
24 22 35 55
67 68 69 70
21 64 23 33
27 30 20 29
33 66 35 71
3 15 72 16
24 73 55 54
72 16 73 3
21 61 58 62
63 74 75 76
61 63 74 75
70 68 69 77
78 79 80 81
82 83 59 81
81 79 84 78
59 82 81 85
66 86 77 71
33 66 71 86
33 59 82 34
66 86 48 77
73 13 16 54
24 73 87 55
88 89 90 91
24 92 87 93
73 54 16 55
58 59 83 94
93 87 72 95
61 75 92 93
73 87 72 93
54 37 9 39
93 96 97 98
83 59 81 94
63 99 100 101
58 60 63 100
81 94 102 83
53 70 69 77
58 63 99 100
85 86 68 67
85 84 103 104
85 84 104 105
67 70 69 53
30 45 6 46
81 84 85 105
66 17 28 65
54 7 37 5
106 107 83 102
75 108 96 109
95 93 110 72
38 39 37 5
38 7 41 6
38 37 7 5
31 9 39 32
72 93 110 73
21 33 23 34
8 11 10 12
61 93 92 24
31 9 37 39
31 39 43 32
15 3 2 14
95 15 72 3
95 3 2 15
0 3 2 95
87 16 73 72
111 63 89 74
110 98 95 112
33 85 71 82
58 99 94 83
58 62 63 60
88 91 113 89
88 113 91 114
88 76 90 89
88 114 115 113
3 72 110 73
111 113 89 63
88 101 115 116
115 88 63 101
100 117 101 99
101 118 116 119
101 119 120 118
63 113 89 88
95 72 110 3
99 121 122 117
120 100 117 101
99 94 83 121
106 121 83 107
99 117 122 100
123 122 124 121
61 24 92 22
121 106 122 124
106 125 121 107
121 122 117 123
81 78 102 80
126 79 80 78
21 34 23 22
84 104 78 127
81 78 84 105
85 104 103 68
84 103 104 128
69 67 129 68
84 127 128 104
7 64 66 35
48 57 70 86
68 86 70 67
67 129 68 103
67 50 69 130
67 130 69 129
53 57 70 48
47 48 57 53
17 4 28 65
27 4 17 18
49 18 47 48
21 59 33 34
66 65 48 17
34 23 22 35
80 78 102 126
50 53 52 67
4 30 6 46
27 4 18 26
17 48 18 65
4 28 6 30
6 45 29 42
39 43 38 31
54 37 39 5
30 45 29 6
54 16 9 10
63 101 100 115
38 46 45 44
8 16 11 14
9 10 11 32
61 22 92 62
93 97 92 95
98 95 131 97
98 132 96 97
111 62 63 74
99 121 83 122
107 83 102 94
75 108 74 92
81 80 102 94
124 106 125 121
101 115 118 120
8 15 16 14
81 85 82 105
100 58 83 99
79 127 78 126
81 83 102 105
107 106 125 133
106 134 133 102
81 82 83 105
58 83 59 60
135 84 127 128
86 57 70 67
128 104 127 136
103 129 68 104
48 77 53 49
47 25 56 19
45 6 46 38
42 38 6 45
4 27 28 30
38 5 46 44
16 13 10 54
8 3 1 13
60 34 58 62
24 64 23 21
59 82 34 60
66 77 48 65
54 55 39 9
86 48 77 70
75 92 96 108
75 74 109 76
126 135 79 127
88 114 91 90
122 106 121 83
84 105 78 104
54 37 10 9
61 74 62 92
66 35 71 65
110 112 95 0
33 34 82 71
48 65 77 49
137 126 79 80
30 27 28 29
61 92 75 74
99 100 122 83
77 86 70 68
75 109 74 108
138 108 139 132
24 87 73 93
54 5 39 55
7 5 65 4
67 53 52 57
70 48 77 53
86 68 77 71
67 130 140 50
67 57 70 53
85 105 68 82
102 133 107 80
63 111 115 100
106 102 133 107
98 95 93 110
38 5 44 39
74 141 108 109
96 92 97 108
18 27 20 17
47 18 25 19
27 20 17 28
47 53 51 49
53 69 67 50
57 53 52 56
67 129 140 130
136 129 128 104
21 61 22 24
62 63 74 61
21 61 62 22
126 102 80 133
63 60 62 111
32 10 11 36
117 142 123 122
63 60 111 100
101 120 100 115
88 63 76 89
16 15 72 87
48 65 49 18
63 89 74 76
8 12 1 14
143 138 141 139
143 109 139 141
76 89 74 141
27 20 28 29
33 34 71 35
144 98 132 96
76 109 143 141
93 75 92 96
96 132 108 97
24 22 55 87
112 131 95 0
8 3 13 16
8 9 11 16
54 16 55 9
8 12 14 11
87 15 72 95
31 40 38 37
66 7 65 28
103 140 129 128
47 17 18 19
47 48 19 56
51 47 56 53
66 65 71 77
73 3 16 13
73 55 16 87
84 127 78 79
67 140 52 50
117 122 120 142
21 34 22 62
64 33 35 23
133 134 106 125
85 67 68 103
85 71 86 33
68 85 71 86
23 24 35 64
101 119 117 120
115 116 118 114
145 89 143 141
96 109 108 139
109 139 141 108
22 24 92 87
36 31 32 10
43 31 40 38
38 41 42 6
17 65 18 4
38 40 43 42
7 28 4 65
94 107 83 121
27 30 26 20
7 35 65 5
20 18 19 26
59 60 83 82
56 53 52 51
47 49 48 53
60 100 58 83
106 134 124 125
79 135 126 137
102 134 133 126
33 82 59 85
80 133 137 126
118 119 120 142
89 143 141 76
98 112 131 95
98 112 144 132
1 8 14 3
98 131 112 132
96 139 132 144
93 95 92 87
85 82 68 71
31 40 36 32
108 139 132 96
31 32 43 40
41 37 38 40
143 90 89 91
93 97 96 92
38 45 42 43
31 37 10 36
14 3 2 1
98 132 97 131
139 141 108 138
95 0 131 2
115 101 118 116
97 98 95 93
76 90 89 143
119 120 142 117
76 141 74 109
94 80 102 107
143 141 138 145
88 116 114 90
121 125 124 123
3 110 95 0
26 27 20 18
34 58 62 21
117 100 120 122
63 111 113 115
117 119 123 142
142 123 122 124
143 91 89 145
47 25 49 51
67 129 103 140
46 6 5 38
128 129 130 140
127 135 79 84
129 128 104 103
116 88 114 115
81 105 102 78
113 115 88 63
85 68 105 104
10 16 9 8
128 130 129 136
