3 3
1080
203.745829483079 -450 84.0055034020769
211.186752319336 -424.610504150391 110.398086547852
150.89059131044 -450 89.5304595908735
177.467391044633 -450 133.05995319337
-429.544769287109 -428.651184082031 377.220489501953
-453.52099609375 -427.077117919922 335.626617431641
-404.537474874534 -400 359.970652981204
-403.663388492957 -450 361.023085292945
-377.033356924304 -400 404.744171513301
-494.485321044922 -425.336242675781 382.318054199219
-453.729697233858 -400 363.207103960276
-475.916994614327 -400 405.69328360815
-426.237946007514 -450 406.174293682916
-475.934792289995 -450 406.135485211361
-453.257343207117 -450 363.720139804988
474.78125203142 -400 326.774854000113
453.803802490234 -422.877593994141 335.380065917969
467.429199955477 -400 283.09407977779
475.510437011719 -426.344329833984 296.088104248047
432.595398992194 -450 317.16588126895
416.863714845577 -450 263.800353928402
501.912078857422 -425.680511474609 328.631378173828
475.48753251796 -450 325.777723254987
513.045286458163 -450 305.227568997765
464.566700755146 -400 233.433000202347
510.624293820189 -400 255.339327894316
468.610246874571 -450 281.541642572247
-0.034353670084735 -450 -183.666988476162
-50.5468527660794 -400 -184.97168518141
-2.25221872329712 -423.431701660156 -150.623336791992
0.034353670084735 -400 -183.666988476162
511.797770970356 -450 254.302112627369
560.083087554893 -450 -368.645846540573
600 -450 -400
534.781241220112 -450 -405.483650242318
555.481545811501 -400 -384.776988781243
-0.293061464511392 -400 272.091415433289
-50.5499052755316 -400 272.594504456396
0.0673685520887375 -421.067749023438 302.041442871094
-25.2884101412894 -400 317.21925501559
518.644094052059 -400 -410.078320471919
550 -400 -450
-0.397500964220978 -450 -275.041161453616
-50.1207470605017 -400 -274.561031646252
-2.28696513175964 -423.418365478516 -241.461029052734
0.397500964220978 -400 -275.041161453616
574.790283203125 -425.209686279297 -425.209655761719
600 -400 -450
600 -450 -450
600 -400 -400
550 -450 -450
431.655266295548 -400 318.095725068059
25.1725458648561 -400 -138.045105766532
0.580182481337458 -450 -92.9347141227091
25.6432305725573 -450 -138.824071103451
404.537474874534 -450 359.970652981204
-0.196730203120557 -400 361.539857031887
25.0449906341847 -400 316.676269698291
429.576477050781 -421.322937011719 377.225341796875
453.257343207117 -400 363.720139804988
403.663388492957 -400 361.023085292945
-555.780273194138 -400 24.473417858811
-511.202289760896 -400 -1.1219331462692
-511.23324228714 -400 50.0547488150575
-512.08771521038 -450 1.22142500589852
506.372375488281 -425.27001953125 376.410247802734
453.729697233858 -450 363.207103960276
440.829895019531 -424.849487304688 -384.537567138672
453.750948640842 -400 -363.240214686089
455.319539066082 -450 -363.126609174268
480.208624628538 -450 -405.036349137663
427.752296659624 -450 -406.092974121477
475.917588949017 -400 -405.694949373348
430.396575927734 -424.132995605469 -347.434112548828
404.548706302562 -400 -359.989202400753
426.805017404842 -400 -405.522663916537
-440.829895019531 -425.150604248047 -384.537567138672
-404.548706302562 -450 -359.989202400753
-430.302276611328 -422.217102050781 -346.946075439453
-453.750948640842 -450 -363.240214686089
-426.805017404842 -450 -405.522663916537
-404.412975062664 -400 -361.900048728009
-455.319539066082 -400 -363.126609174268
-475.917588949017 -450 -405.694949373348
-480.208624628538 -400 -405.036349137663
-427.752296659624 -400 -406.092974121477
382.135279863388 -450 -316.233058821682
431.740210960949 -450 -318.739802807491
383.352458245749 -400 -312.209231229739
432.646001052542 -400 -317.225490998152
404.412975062664 -450 -361.900048728009
475.900004724557 -450 -325.554247992711
475.528737500464 -400 -325.828506865008
-475.48753251796 -400 325.777723254987
-474.78125203142 -450 326.774854000113
-517.217468261719 -423.849426269531 338.171905517578
-513.045286458163 -400 305.227568997765
-497.00830078125 -422.595977783203 281.267944335938
-467.429199955477 -450 283.09407977779
25.6763653463581 -400 -228.697521574894
24.9452659849078 -450 -229.423056854511
-468.610246874571 -400 281.541642572247
-511.797770970356 -400 254.302112627369
-555.522610783055 -450 278.418483529614
-510.624293820189 -450 255.339327894316
-464.566700755146 -450 233.433000202347
-465.97221398762 -400 231.803182014585
-370.299743652344 -423.018707275391 -156.270843505859
-332.541768195744 -400 -147.573494708286
-379.382026157234 -450 -129.617142482221
-335.503321349333 -450 -157.288720755693
-423.394413232863 -450 -154.650382472103
-379.296995865319 -450 -181.698084864583
-374.052557073192 -400 -129.483115161035
-365.972427702195 -400 -184.30315459259
-416.59992391313 -400 -209.724107265263
-416.435050537416 -400 -157.330133350392
0.293061464511392 -450 272.091415433289
50.5499052755316 -450 272.594504456396
25.2884101412894 -450 317.21925501559
497.436950683594 -425.873962402344 -280.359466552734
467.317136908036 -450 -282.675765365665
468.694781607624 -400 -281.62524395264
466.164081718216 -400 -231.941191661686
462.370724301502 -450 -233.397789348746
510.0284619757 -450 -254.559680431397
534.555480957031 -425.153411865234 -290.833831787109
513.096823348604 -400 -305.270186275037
511.86789268587 -400 -254.352169396072
135.032974243164 -425.47900390625 71.2458801269531
100.776945311179 -450 89.5624385893779
100.470575574239 -400 90.361060321801
75.331094653659 -400 44.6888138212891
168.968214185002 -450 48.9601216894208
168.910365324823 -400 48.4370825167208
131.484451293945 -421.096862792969 11.7802410125732
125.930345902068 -450 43.8908302534875
202.655380249023 -422.004364013672 57.4769058227539
126.585111937676 -450 134.725566970473
150.770387320642 -400 90.1776145151029
125.301090797001 -400 44.9803753389141
-250.855386464267 -400 96.3465879539521
-204.321703686411 -450 83.7975984921654
-248.500013520047 -450 52.0065196920175
-205.521118164063 -424.859802246094 60.0891036987305
-219.506683349609 -428.965881347656 109.126434326172
-203.745829483079 -400 84.0055034020769
-25.1725458648561 -450 -138.045105766532
-50.990198650881 -450 -183.343328060792
-25.6432305725573 -400 -138.824071103451
-177.467391044633 -400 133.05995319337
-228.272742338752 -450 135.574716827815
-228.423291446805 -400 133.757638156407
-177.443587828605 -450 134.623871288322
-432.646001052542 -450 -317.225490998152
-383.352458245749 -450 -312.209231229739
-431.740210960949 -400 -318.739802807491
-382.135279863388 -400 -316.233058821682
-475.528737500464 -450 -325.828506865008
-475.900004724557 -400 -325.554247992711
237.274851923607 -450 -52.6259740714099
287.112163542993 -450 -26.6565334381085
248.770367198657 -400 -51.2854303354803
237.514343261719 -428.374572753906 -25.6012630462646
205.541866005093 -400 -26.1825585533577
245.787807468753 -450 0.947938700120923
248.471129848089 -400 0.144752793060338
292.315282440378 -400 -25.4559797233374
289.81045006517 -450 25.4102152542232
-237.514343261719 -421.62548828125 -25.6012630462646
-205.609932650012 -400 -14.9373313163574
-248.471129848089 -450 0.144752793060338
-205.541866005093 -450 -26.1825585533577
-292.315282440378 -450 -25.4559797233374
-248.770367198657 -450 -51.2854303354803
50.2404602582575 -400 -92.3887159056345
75.4355313728729 -400 -46.0536685030064
24.8174954546153 -400 -46.8397936081583
26.3176755288678 -450 -47.531932093062
-287.112163542993 -400 -26.6565334381085
-245.787807468753 -400 0.947938700120923
-289.81045006517 -400 25.4102152542232
-237.274851923607 -400 -52.6259740714099
-100.776945311179 -400 89.5624385893779
-141.706481933594 -422.797180175781 68.7670516967773
-125.301090797001 -450 44.9803753389141
-100.470575574239 -450 90.361060321801
-125.930345902068 -400 43.8908302534875
-76.5012712627343 -400 43.465710031273
-168.910365324823 -450 48.4370825167208
-168.968214185002 -400 48.9601216894208
-126.585111937676 -400 134.725566970473
-150.770387320642 -450 90.1776145151029
-574.978942871094 -424.979064941406 425.021057128906
-600 -400 450
-600 -450 400
-600 -450 450
-600 -400 400
-550 -450 450
-555.28343241917 -450 384.64153746317
-518.767286426934 -450 410.269887473547
-555.480242983322 -400 384.774587138451
-518.643200902102 -400 410.076138324727
-550 -400 450
-497.436950683594 -424.126190185547 -280.359466552734
-466.164081718216 -450 -231.941191661686
-462.370724301502 -400 -233.397789348746
-510.0284619757 -400 -254.559680431397
-468.694781607624 -450 -281.62524395264
-467.317136908036 -400 -282.675765365665
-513.096823348604 -450 -305.270186275037
-511.86789268587 -450 -254.352169396072
-534.555480957031 -424.846740722656 -290.833831787109
-513.288813730118 -400 -303.768248756865
-284.374434948196 -400 131.935402515715
-260.678344726563 -426.899963378906 145.791305541992
-251.177170517908 -450 97.5591621536313
-297.124603881869 -400 180.537640992759
-253.206906117227 -400 177.614348999322
-284.093573213959 -450 134.541017635356
-252.380436791283 -450 180.440006570773
-296.709496973291 -450 183.182991591341
-291.405679369826 -450 79.0216977145326
255.139572143555 -424.760711669922 138.731262207031
284.093573213959 -400 134.541017635356
228.272742338752 -400 135.574716827815
252.380436791283 -400 180.440006570773
297.124603881869 -450 180.537640992759
296.709496973291 -400 183.182991591341
228.423291446805 -450 133.757638156407
251.177170517908 -400 97.5591621536313
250.855386464267 -450 96.3465879539521
284.374434948196 -450 131.935402515715
253.206906117227 -450 177.614348999322
291.405679369826 -400 79.0216977145326
-507.2339522725 -450 361.130239640612
-507.518156455414 -400 360.466555397784
370.299743652344 -426.981292724609 -156.270843505859
423.394413232863 -400 -154.650382472103
416.435050537416 -450 -157.330133350392
379.296995865319 -400 -181.698084864583
511.276468009473 -400 102.962630860159
511.847316676773 -400 51.7843031826769
555.968792285781 -400 75.8939294700403
511.498165941012 -450 100.631262650745
379.382026157234 -400 -129.617142482221
416.59992391313 -450 -209.724107265263
365.972427702195 -450 -184.30315459259
332.541768195744 -450 -147.573494708286
335.503321349333 -400 -157.288720755693
374.052557073192 -450 -129.483115161035
-431.655266295548 -450 318.095725068059
-432.595398992194 -400 317.16588126895
-383.2053149261 -400 312.033043114994
-247.32433750287 -400 51.5974521669156
-150.89059131044 -400 89.5304595908735
-234.229370117188 -420.663238525391 25.9801349639893
-205.391669414149 -450 25.6575503465524
-205.012315128966 -400 28.9599504448064
-292.186981087097 -450 26.9713108510685
-554.788563076083 -450 330.627498012049
555.476552320424 -400 227.326913454151
555.934351056228 -450 226.643312377614
511.263394534607 -450 203.429846169875
-555.029501786328 -400 330.196935998239
600 -400 200
600 -400 250
-560.083087554893 -400 -368.645846540573
-600 -400 -400
-534.781241220112 -400 -405.483650242318
-555.481545811501 -450 -384.776988781243
-0.580182481337458 -400 -92.9347141227091
-518.644094052059 -450 -410.078320471919
-550 -450 -450
-25.0449906341847 -450 316.676269698291
-575 -425 -425.000030517578
-550 -400 -450
-600 -450 -450
-600 -400 -450
-600 -450 -400
554.788563076083 -400 330.627498012049
555.28343241917 -400 384.64153746317
507.2339522725 -400 361.130239640612
555.480242983322 -450 384.774587138451
507.518156455414 -450 360.466555397784
555.029501786328 -450 330.196935998239
512.602330334479 -400 305.801679373155
-555.53429410557 -400 -276.808456801012
-555.032829728473 -450 -330.201558964277
-556.084602416975 -450 -277.73973747
-555.698868514954 -400 -325.918746562611
475.934792289995 -400 406.135485211361
-50.1303421690383 -450 272.36025504111
518.767286426934 -400 410.269887473547
518.643200902102 -450 410.076138324727
552.759887695313 -425.18017578125 417.152282714844
500 -400 450
500 -450 450
600 -400 400
550 -400 450
600 -400 450
600 -450 400
550 -450 450
555.283141189537 -400 176.831518654603
204.321703686411 -400 83.7975984921654
248.500013520047 -400 52.0065196920175
177.443587828605 -400 134.623871288322
-555.476552320424 -450 227.326913454151
-555.283141189537 -450 176.831518654603
-555.934351056228 -400 226.643312377614
-511.263394534607 -400 203.429846169875
0.196730203120557 -450 361.539857031887
450 -450 450
426.237946007514 -400 406.174293682916
475.916994614327 -450 405.69328360815
150.896974704229 -450 -274.891418152434
152.409063711767 -400 -272.589090207439
177.443222696033 -400 -316.278609803188
126.760703298285 -400 -317.063797906612
377.033356924304 -450 404.744171513301
234.229370117188 -429.336761474609 25.9801349639893
247.32433750287 -450 51.5974521669156
205.012315128966 -450 28.9599504448064
205.391669414149 -400 25.6575503465524
-600 -450 200
-600 -450 250
513.288813730118 -450 -303.768248756865
555.032829728473 -400 -330.201558964277
556.084602416975 -400 -277.73973747
555.698868514954 -450 -325.918746562611
555.53429410557 -450 -276.808456801012
-140.71257019043 -424.782562255859 20.3932495117188
-101.836488564146 -450 -0.557334178415068
-156.941334905796 -450 -0.332545992103265
-125.481156951509 -450 -45.5763442724587
-103.993768643411 -400 -1.90306803027715
-159.226833024407 -400 0.375665405331471
-0.179513256725214 -400 181.116412059304
0.129881709814072 -424.283081054688 142.507095336914
-25.0478434224417 -450 135.85523775006
-25.2619173852718 -400 135.491852092776
125.481156951509 -400 -45.5763442724587
101.836488564146 -400 -0.557334178415068
156.941334905796 -400 -0.332545992103265
103.993768643411 -450 -1.90306803027715
129.663087941301 -450 -48.3854877878145
159.226833024407 -450 0.375665405331471
76.5012712627343 -450 43.465710031273
205.609932650012 -450 -14.9373313163574
150 -400 -450
124.997431889092 -450 -406.699887829346
174.99914030969 -450 -406.699980779094
125.606973744221 -400 -405.859972587782
-512.602330334479 -450 305.801679373155
-556.071656847565 -400 277.729730307244
-600 -400 350
-600 -450 350
-600 -450 300
0.179513256725214 -450 181.116412059304
-50.7330422666669 -400 89.520071549596
-75.331094653659 -450 44.6888138212891
380.827360026014 -400 229.813815594558
333.825472471432 -450 214.787899869895
377.477701917968 -400 184.033968932692
382.119140619677 -450 226.939794899051
421.849444055761 -400 209.063581844909
415.447853213734 -400 265.478541500632
-124.997431889092 -400 -406.699887829346
-99.9999999999999 -450 -450
-125.606973744221 -450 -405.859972587782
-150 -450 -450
-74.9923257470298 -400 -406.69933550693
-50 -450 -450
-75.2047817404618 -450 -406.558494049569
25.2619173852718 -450 135.491852092776
-380.827360026014 -450 229.813815594558
-377.477701917968 -450 184.033968932692
-382.119140619677 -400 226.939794899051
-333.825472471432 -400 214.787899869895
-421.849444055761 -450 209.063581844909
-415.447853213734 -450 265.478541500632
-416.863714845577 -400 263.800353928402
74.9923257470298 -450 -406.69933550693
75.2047817404618 -400 -406.558494049569
99.9999999999999 -400 -450
50 -400 -450
99.9783480282367 -450 -363.398706640281
149.991991311968 -450 -363.39985585136
-290.690685079337 -400 76.7414485313778
357.764169321006 -400 268.780029430142
305.337938122066 -400 268.577223221243
307.044385386606 -450 265.825546687212
331.311817663962 -450 312.300297511228
383.2053149261 -450 312.033043114994
381.89262944115 -400 313.694952612899
359.429081001292 -450 266.058988509055
332.73183846662 -400 217.276342675219
-414.224372754071 -400 -267.119813661135
-417.063660192652 -450 -263.955026418847
-377.601928642316 -400 -232.562389470376
-25.0685716366099 -450 -406.676308732596
-24.9770607017179 -400 -406.696037023138
0 -450 -450
-0.230349737366559 -400 89.9009711888644
600 -450 450
600 -400 350
290.690685079337 -450 76.7414485313778
-357.764169321006 -450 268.780029430142
-331.311817663962 -400 312.300297511228
-305.337938122066 -450 268.577223221243
-307.044385386606 -400 265.825546687212
-381.89262944115 -450 313.694952612899
-359.429081001292 -400 266.058988509055
-332.73183846662 -450 217.276342675219
-25.6763653463581 -450 -228.697521574894
-51.0754702795441 -450 -273.464280564999
-24.9452659849078 -400 -229.423056854511
414.224372754071 -450 -267.119813661135
417.063660192652 -400 -263.955026418847
0 -400 -450
24.9770607017179 -450 -406.696037023138
25.0685716366099 -400 -406.676308732596
49.9420685787595 -450 -363.391633545961
50 -450 -450
-500 -450 450
329.997016475436 -400 314.160860923147
253.362276598966 -400 270.748860987265
278.013184521897 -400 225.770914372632
254.130078611115 -450 267.838641878732
292.186981087097 -400 26.9713108510685
-329.997016475436 -450 314.160860923147
-253.362276598966 -450 270.748860987265
-278.013184521897 -450 225.770914372632
-254.130078611115 -400 267.838641878732
-0.153121448520674 -450 -363.352113527092
-49.9420685787595 -400 -363.391633545961
0.153121448520674 -400 -363.352113527092
-382.612691679138 -450 -227.156770699301
-600 -450 150
-600 -450 100
-556.179409826873 -400 125.707501474707
-555.758590778749 -450 126.063057721841
-423.364164790549 -450 -206.736720145569
-332.505736181665 -400 -229.304184932975
-334.654608127338 -450 -215.388419287471
-359.664642431863 -450 -266.318591792717
202.84433858769 -450 269.359600014216
202.230810494019 -400 271.080348638327
227.370577879136 -400 226.255490305211
279.957034111226 -450 312.986183385746
278.905875983292 -400 314.887232436537
101.014794680378 -400 -361.794908980671
50.7047443603006 -400 -362.290156666848
286.90327019299 -450 -78.7273901922863
377.601928642316 -450 -232.562389470376
382.612691679138 -400 -227.156770699301
332.505736181665 -450 -229.304184932975
334.654608127338 -400 -215.388419287471
359.664642431863 -400 -266.318591792717
-202.230810494019 -450 271.080348638327
-227.370577879136 -450 226.255490305211
-202.84433858769 -400 269.359600014216
-278.905875983292 -450 314.887232436537
-279.957034111226 -400 312.986183385746
-252.131104152991 -450 -96.7896019488069
-286.90327019299 -400 -78.7273901922863
228.492102635367 -450 314.167791904383
151.590996402092 -400 271.52003462015
176.788846281478 -400 226.754388419114
151.943759592207 -450 270.752556946294
-357.226141189047 -400 -273.43555624034
175.729786892627 -400 -405.340372066793
151.356046312066 -400 -361.383254332248
-177.312047797331 -400 315.014018486189
-228.492102635367 -400 314.167791904383
-151.943759592207 -400 270.752556946294
-151.590996402092 -450 271.52003462015
-176.788846281478 -450 226.754388419114
-227.630852069828 -450 315.782780691513
357.226141189047 -450 -273.43555624034
423.364164790549 -400 -206.736720145569
-175.729786892627 -450 -405.340372066793
-151.356046312066 -450 -361.383254332248
-149.991991311968 -400 -363.39985585136
177.312047797331 -450 315.014018486189
100.667169379246 -400 271.870218326814
126.300518087548 -400 226.983535783743
101.143742475755 -450 272.144382001702
276.292784751902 -400 405.25654566959
226.122271965199 -450 404.816344285336
276.515657499452 -450 404.876671123689
250 -450 450
-331.463282060747 -450 -312.503037342263
-305.467552437422 -400 -273.458321539652
-307.341571534444 -450 -266.186841063735
422.861354486837 -450 206.56474962996
465.97221398762 -450 231.803182014585
466.232008992581 -400 181.325757800501
-99.9999999999999 -400 450
-125.441006389663 -400 405.652162256133
-75.2834213772533 -400 406.040413036266
-124.99131788698 -450 406.697809258168
-462.663803209296 -400 -181.481554516938
226.207331135834 -400 -404.960454969573
199.997063672551 -450 -363.4000060183
224.999712108514 -450 -406.699996602388
200 -400 -450
-126.414996854637 -400 316.143506694402
-101.143742475755 -400 272.144382001702
-125.972643774806 -450 316.80160414832
-100.667169379246 -450 271.870218326814
-126.300518087548 -450 226.983535783743
331.463282060747 -400 -312.503037342263
305.467552437422 -450 -273.458321539652
307.341571534444 -400 -266.186841063735
-422.861354486837 -400 206.56474962996
-466.232008992581 -450 181.325757800501
-330.242815814693 -400 -103.174660741387
-334.38045669682 -450 -104.672744463782
-375.742080737792 -400 -78.1889174739175
-199.997063672551 -400 -363.4000060183
-174.99914030969 -400 -406.699980779094
-99.9783480282367 -400 -363.398706640281
-226.207331135834 -450 -404.960454969573
-224.999712108514 -400 -406.699996602388
-200 -450 -450
600 -400 150
556.183191737384 -450 175.878292148997
556.179409826873 -450 125.707501474707
600 -450 150
555.758590778749 -400 126.063057721841
600 -450 200
600 -450 250
600 -450 100
-75.9182493608858 -400 135.253017080772
-249.118192229454 -400 -100.459695075877
-204.47264135198 -450 -84.146964934908
-284.70856770038 -400 -134.840406968431
-229.528523108962 -450 -135.056310359335
-285.636003426336 -450 -133.029587963971
-204.527995088257 -400 -96.5955086635043
-229.7237765283 -400 -141.623299762189
75.9993907688464 -450 226.669116746151
125.972643774806 -400 316.80160414832
75.7109037321983 -450 317.240007676892
126.414996854637 -450 316.143506694402
-329.392254637112 -400 -317.914924297813
-253.533058870384 -400 -274.302818880147
-280.867862457472 -400 -229.423964705113
-255.03262839188 -450 -269.024328245755
-600 -400 200
-556.183191737384 -400 175.878292148997
201.983141682517 -400 -360.517126384535
276.515995988478 -400 -404.880038785891
250.872556492384 -450 -362.875796235359
275.781062289943 -450 -406.237033967229
250 -400 -450
250 -450 -450
-600 -400 150
-152.682510831338 -450 -182.085483227229
-178.581317271542 -450 -134.630878904756
-178.572644979084 -400 -141.158504764672
-203.887975771849 -450 -180.855240607979
249.118192229454 -450 -100.459695075877
204.47264135198 -400 -84.146964934908
252.131104152991 -400 -96.7896019488069
285.636003426336 -400 -133.029587963971
284.70856770038 -450 -134.840406968431
229.528523108962 -400 -135.056310359335
204.527995088257 -450 -96.5955086635043
229.7237765283 -450 -141.623299762189
-75.9993907688464 -400 226.669116746151
-75.7109037321983 -400 317.240007676892
329.392254637112 -450 -317.914924297813
253.533058870384 -450 -274.302818880147
280.867862457472 -450 -229.423964705113
255.03262839188 -400 -269.024328245755
555.522610783055 -400 278.418483529614
556.071656847565 -450 277.729730307244
-201.983141682517 -450 -360.517126384535
-276.515995988478 -450 -404.880038785891
-250.872556492384 -400 -362.875796235359
-275.781062289943 -400 -406.237033967229
-250 -450 -450
-250 -400 -450
556.545276118551 -450 74.8219841100069
600 -400 100
600 -400 300
600 -450 300
126.715417301366 -450 225.922606298896
151.532289290479 -400 181.6403073631
378.538518317347 -450 181.502851553687
333.473591991608 -400 159.904100629451
377.576514365932 -400 132.20116115593
50.1303421690383 -400 272.36025504111
25.3201113511289 -450 226.954473805009
75.5814808831818 -400 227.002272682745
75.2571151760198 -400 317.229726849623
-280.200368668645 -450 -313.244384432719
-203.456536776086 -450 -271.049486272792
-202.024463453435 -400 -274.621408585511
-228.949620936654 -400 -229.953375537605
510.515675605445 -450 -357.547155346322
507.534871056395 -400 -360.489113326099
50.7330422666669 -450 89.520071549596
-512.035032295102 -400 151.69311125777
202.938383852005 -450 178.849650580872
177.339043696995 -450 224.558823416521
228.332534501905 -450 223.524656284888
202.124722962573 -400 181.174078620514
-511.096787043816 -450 153.369023826153
253.008721230738 -400 -359.411320610144
326.901215845362 -400 -404.767740617137
325.917284442828 -450 -406.219974705921
300 -400 -450
466.66059604327 -400 129.953198056706
422.1945787782 -400 157.458401548274
422.555773164685 -450 154.416621654287
467.472894571753 -450 178.92815917607
-555.968792285781 -450 75.8939294700403
-556.545276118551 -400 74.8219841100069
-600 -400 100
-510.376846346981 -450 204.545471259232
-600 -400 250
-600 -400 300
-378.538518317347 -400 181.502851553687
-377.576514365932 -450 132.20116115593
-333.473591991608 -450 159.904100629451
-25.3201113511289 -400 226.954473805009
-75.5814808831818 -450 227.002272682745
-75.2571151760198 -450 317.229726849623
280.200368668645 -400 -313.244384432719
203.456536776086 -400 -271.049486272792
202.024463453435 -450 -274.621408585511
228.949620936654 -450 -229.953375537605
-507.534871056395 -450 -360.489113326099
-510.515675605445 -400 -357.547155346322
511.096787043816 -400 153.369023826153
512.035032295102 -450 151.69311125777
379.40096093602 -400 27.6967434166924
377.972929729975 -450 77.0459336158704
378.162751805356 -450 24.8518395660395
422.591796220104 -450 50.6053752768785
423.992513845604 -400 1.72527210307346
422.19014110414 -450 -1.22675948447359
510.376846346981 -400 204.545471259232
-253.008721230738 -450 -359.411320610144
-326.901215845362 -450 -404.767740617137
-325.917284442828 -400 -406.219974705921
-300 -450 -450
126.116154604628 -400 135.778563691016
-400 -400 -450
-450 -450 -450
-400 -450 -450
-377.035409044894 -450 -404.752281408021
-376.677485360382 -400 -405.974321925058
-350 -400 -450
600 -450 350
-169.236943452558 -450 -49.2205197025475
-181.371686314239 -400 -51.6193077763746
-153.754083978402 -400 -95.6603287160634
-129.663087941301 -400 -48.3854877878145
-126.805716066257 -450 -136.821587054684
-103.023371574725 -400 -94.0471395918416
-151.004495009074 -450 -90.8182690829069
-24.9485604554453 -450 226.758644421971
24.9485604554453 -400 226.758644421971
-228.788621835632 -450 -314.694919393585
-150.896974704229 -400 -274.891418152434
-177.285975023805 -400 -230.627428942055
-152.409063711767 -450 -272.589090207439
-511.498165941012 -400 100.631262650745
301.874356622064 -450 -362.171934000354
303.667155667269 -400 -358.880247816087
-600 -400 50
-556.230688825178 -450 25.6244747805334
-600 -400 0
50.102795443789 -400 90.2034149761108
0.230349737366559 -450 89.9009711888644
169.236943452558 -400 -49.2205197025475
181.371686314239 -450 -51.6193077763746
153.754083978402 -450 -95.6603287160634
151.004495009074 -400 -90.8182690829069
178.581317271542 -400 -134.630878904756
126.805716066257 -400 -136.821587054684
103.023371574725 -450 -94.0471395918416
228.788621835632 -400 -314.694919393585
177.285975023805 -450 -230.627428942055
600 -450 50
-350 -450 -450
-336.15339181148 -450 1.14347215560865
-333.159240543491 -400 -0.841031699427322
-301.874356622064 -400 -362.171934000354
-303.667155667269 -450 -358.880247816087
556.230688825178 -400 25.6244747805334
600 -450 0
555.780273194138 -450 24.473417858811
-100.67934359639 -450 -91.4325089197805
-51.6198736276519 -400 -93.8079786134302
-77.6777853157968 -400 -47.6096035695194
-126.760703298285 -450 -317.063797906612
-100.546120116172 -400 -274.617782805112
-101.483272928286 -450 -272.97589530135
-177.443222696033 -450 -316.278609803188
-126.175374531673 -400 -230.606332377118
-600 -450 50
-378.162751805356 -400 24.8518395660395
-333.896237113114 -400 51.349137305659
-511.276468009473 -450 102.962630860159
353.593414433387 -450 -361.422376126777
350 -450 -450
350 -400 -450
376.677485360382 -450 -405.974321925058
500 -400 -450
500 -450 -450
450 -450 -450
450 -400 -450
-511.847316676773 -450 51.7843031826769
-377.116796461246 -400 -26.7419526107123
100.67934359639 -400 -91.4325089197805
51.6198736276519 -450 -93.8079786134302
77.6777853157968 -450 -47.6096035695194
100.546120116172 -450 -274.617782805112
126.175374531673 -450 -230.606332377118
101.483272928286 -400 -272.97589530135
-354.418279022846 -450 -358.78910559173
-353.593414433387 -400 -361.422376126777
-500 -400 -450
-500 -450 -450
100 -400 450
150 -400 450
150 -450 450
124.99131788698 -400 406.697809258168
556.62040094863 -400 -24.7866787652894
600 -400 0
555.207492208585 -450 -25.5897294317134
600 -400 50
600 -450 -50
-50.2404602582575 -450 -92.3887159056345
-75.8793090963841 -450 -137.396074292539
-26.3176755288678 -400 -47.531932093062
-50.102795443789 -450 90.2034149761108
-126.116154604628 -450 135.778563691016
-101.208288457226 -400 180.721362286931
-50.4931988259042 -400 180.959688071748
-75.5724769130426 -450 135.76524972654
-125.236660233978 -400 -319.473949516963
-75.5060846578302 -400 -230.098407321615
-74.9519268727806 -400 -319.477801919807
-76.2681056546275 -450 -318.250209139972
-175.380251951945 -400 -319.567617105557
-463.346401087594 -400 -130.076180852127
-467.833725394468 -450 -179.119707311004
-509.373355370274 -400 -102.832635562395
-468.300039437854 -450 -127.464204733123
-464.628283916688 -400 -78.5035793473037
-424.12511585232 -450 -102.140820652615
-508.957784397269 -400 -153.670795012832
-101.014794680378 -450 -361.794908980671
-50.7047443603006 -450 -362.290156666848
-556.62040094863 -450 -24.7866787652894
-555.207492208585 -400 -25.5897294317134
400 -450 -450
400 -400 -450
377.035409044894 -400 -404.752281408021
50 -400 450
74.9739889834905 -400 406.686869867751
99.9999999999999 -450 450
25.2319683574683 -450 406.229967938416
24.9221189394777 -400 406.621344889276
50 -450 450
336.388742533501 -400 -51.4426728967866
334.38045669682 -400 -104.672744463782
379.760444813092 -400 -77.0689062197215
375.742080737792 -450 -78.1889174739175
75.8793090963841 -400 -137.396074292539
75.9182493608858 -450 135.253017080772
101.208288457226 -450 180.721362286931
75.5724769130426 -400 135.76524972654
50.4931988259042 -450 180.959688071748
125.236660233978 -450 -319.473949516963
50.1207470605017 -450 -274.561031646252
75.5060846578302 -450 -230.098407321615
51.0754702795441 -400 -273.464280564999
74.9519268727806 -450 -319.477801919807
76.2681056546275 -400 -318.250209139972
463.346401087594 -450 -130.076180852127
509.373355370274 -450 -102.832635562395
468.300039437854 -400 -127.464204733123
464.628283916688 -450 -78.5035793473037
424.12511585232 -400 -102.140820652615
462.663803209296 -450 -181.481554516938
467.833725394468 -400 -179.119707311004
508.957784397269 -450 -153.670795012832
175.380251951945 -450 -319.567617105557
419.05305239007 -450 -104.519284187844
-500 -400 450
556.6864756902 -400 -74.9273324621806
600 -450 -100
554.897568183631 -450 -76.1344724952172
-450 -400 -450
377.116796461246 -450 -26.7419526107123
420.948264064983 -450 -52.5438784065927
-50 -400 450
-74.9739889834905 -450 406.686869867751
-24.9221189394777 -450 406.621344889276
-50 -450 450
-25.2319683574683 -400 406.229967938416
200 -450 450
175.653242050651 -400 406.007882465333
600 -400 -50
-24.8174954546153 -450 -46.8397936081583
-292.334849198619 -450 -77.3190392108805
-331.663594009775 -400 -52.6046919253517
-336.388742533501 -450 -51.4426728967866
-298.42345136265 -450 -181.760292832396
-308.333026751346 -400 -185.174242451416
-508.834006685438 -400 -204.427641318614
-24.5416562046946 -400 -319.104049875698
450 -400 450
400 -450 450
376.377003464355 -400 405.238782417593
400 -400 450
426.802736792482 -450 405.517025378625
-468.917811480186 -450 -23.9873522640738
-466.637096508277 -400 24.3972780274414
-510.364961203073 -400 -51.7431192197153
-512.711268163813 -450 -49.297144038965
-554.897568183631 -400 -76.1344724952172
-556.6864756902 -450 -74.9273324621806
-600 -400 -50
600 -400 -350
-600 -400 -100
-556.230610873411 -450 -125.745228444467
-600 -450 -50
292.334849198619 -400 -77.3190392108805
330.242815814693 -450 -103.174660741387
331.663594009775 -450 -52.6046919253517
298.42345136265 -400 -181.760292832396
308.333026751346 -450 -185.174242451416
176.643797199603 -400 316.699944836551
508.834006685438 -450 -204.427641318614
24.5416562046946 -450 -319.104049875698
-426.802736792482 -400 405.517025378625
-400 -400 450
-376.377003464355 -450 405.238782417593
-400 -450 450
-450 -400 450
-450 -450 450
511.202289760896 -450 -1.1219331462692
510.364961203073 -450 -51.7431192197153
468.917811480186 -400 -23.9873522640738
512.711268163813 -400 -49.297144038965
512.08771521038 -400 1.22142500589852
466.637096508277 -450 24.3972780274414
466.136418385115 -450 -26.9639635549964
556.230610873411 -400 -125.745228444467
600 -450 -150
554.890054333669 -450 -126.515890689163
-422.591796220104 -400 50.6053752768785
-423.992513845604 -450 1.72527210307346
-422.19014110414 -400 -1.22675948447359
0 -450 450
-600 -450 -350
0 -400 450
600 -400 -100
-254.027448980434 -450 -179.632684441772
-256.148053473798 -400 -184.410592933967
-152.070064216659 -400 179.961309901374
333.159240543491 -450 -0.841031699427322
336.15339181148 -400 1.14347215560865
-280.210239123721 -450 -223.55563700349
100.937479894593 -400 181.882471034475
76.3239361402771 -400 -227.790069043007
50.5468527660794 -450 -184.97168518141
101.438288774141 -450 -185.323282248133
50.990198650881 -400 -183.343328060792
-151.229343759865 -400 360.344055507938
-202.006164310705 -400 359.927057856015
-176.643797199603 -450 316.699944836551
-126.715417301366 -400 225.922606298896
-177.339043696995 -400 224.558823416521
-25.6100032710873 -450 -318.747257683327
227.630852069828 -400 315.782780691513
353.360188612966 -400 359.884134543309
354.384480749499 -450 358.728577872342
350 -400 450
350 -450 450
326.900292173375 -450 404.762487495238
326.400248968605 -400 405.117498210539
-466.136418385115 -400 -26.9639635549964
-468.567217916373 -450 -75.4036650127174
-512.750918254003 -450 -100.596141637956
-600 -450 0
-554.890054333669 -400 -126.515890689163
-50.0325265940303 -450 361.733044049381
-100 -450 450
-150 -450 450
-150 -400 450
200 -400 450
250 -400 450
225.679185564163 -400 406.022038695741
-468.015914314987 -450 27.2440726035891
-423.482288831451 -450 53.42402026179
-600 -400 -150
-600 -450 -100
76.5779654041494 -450 -139.89852313903
254.027448980434 -400 -179.632684441772
256.148053473798 -450 -184.410592933967
152.070064216659 -450 179.961309901374
-379.760444813092 -450 -77.0689062197215
280.210239123721 -400 -223.55563700349
-100.937479894593 -450 181.882471034475
-151.532289290479 -450 181.6403073631
-76.3239361402771 -450 -227.790069043007
-101.438288774141 -400 -185.323282248133
25.6100032710873 -400 -318.747257683327
-353.360188612966 -450 359.884134543309
-354.384480749499 -400 358.728577872342
-350 -450 450
-326.900292173375 -400 404.762487495238
468.567217916373 -400 -75.4036650127174
512.750918254003 -400 -100.596141637956
50.0325265940303 -400 361.733044049381
-377.972929729975 -400 77.0459336158704
-378.228349725799 -450 79.883444140467
-379.40096093602 -450 27.6967434166924
-335.155989505241 -450 53.6309967131479
101.671216373921 -400 -182.34798948204
127.210516749894 -400 -227.19311362748
75.2834213772533 -450 406.040413036266
600 -450 -350
-600 -400 -350
100 -450 -450
-50 -400 -450
556.211980336947 -400 -175.897476974336
600 -450 -200
555.962532643642 -400 -226.658904775485
600 -400 -200
554.784110276826 -450 -176.90181869187
-202.938383852005 -400 178.849650580872
335.155989505241 -400 53.6309967131479
333.896237113114 -450 51.349137305659
380.175958885446 -400 -24.4639938888675
50.3322580576924 -400 182.005326187419
424.484130414589 -400 -50.0442551603426
152.682510831338 -400 -182.085483227229
127.556703346312 -450 -140.832958643628
203.793308010855 -450 -185.919492129087
178.572644979084 -450 -141.158504764672
203.887975771849 -400 -180.855240607979
178.175189605749 -400 -227.2033699607
152.352408567318 -450 -185.820817940966
-228.332534501905 -400 223.524656284888
-279.156854383297 -400 222.409533607953
-252.782607484836 -400 359.112888558207
-303.629307868856 -400 358.790267533128
202.006164310705 -450 359.927057856015
302.799970612404 -400 360.03241943582
303.629307868856 -450 358.790267533128
511.23324228714 -450 50.0547488150575
300 -450 450
300 -400 450
-512.136049462688 -450 -151.747191060758
600 -400 -300
600 -450 -300
-75.4355313728729 -450 -46.0536685030064
-380.175958885446 -450 -24.4639938888675
-50.3322580576924 -450 182.005326187419
-100.81633713446 -400 361.094506635333
-150.893917815044 -450 361.14521617729
-101.671216373921 -450 -182.34798948204
-127.556703346312 -400 -140.832958643628
-203.793308010855 -400 -185.919492129087
-178.175189605749 -450 -227.2033699607
-127.210516749894 -450 -227.19311362748
-152.352408567318 -400 -185.820817940966
-424.484130414589 -450 -50.0442551603426
279.156854383297 -450 222.409533607953
151.229343759865 -450 360.344055507938
-302.799970612404 -450 360.03241943582
-326.400248968605 -450 405.117498210539
-420.948264064983 -400 -52.5438784065927
-419.05305239007 -400 -104.519284187844
-350 -400 450
-300 -400 450
-300 -450 450
-276.292784751902 -450 405.25654566959
-276.515657499452 -400 404.876671123689
512.136049462688 -400 -151.747191060758
554.772812029156 -450 -227.038415279469
125.441006389663 -450 405.652162256133
-200 -450 450
-200 -400 450
-175.653242050651 -450 406.007882465333
-600 -400 -300
150 -450 -450
-25.8972944936592 -400 43.7030122648576
-50.2722407749835 -450 -1.11409048298352
-51.7707275621488 -400 -2.00285878028103
51.7707275621488 -450 -2.00285878028103
378.228349725799 -400 79.883444140467
-229.41523924211 -450 -225.355261303749
25.0478434224417 -400 135.85523775006
229.41523924211 -400 -225.355261303749
252.782607484836 -450 359.112888558207
150.893917815044 -400 361.14521617729
201.638944887455 -400 360.866145836793
468.015914314987 -400 27.2440726035891
467.277373391014 -450 75.3288062303702
252.314305879303 -400 360.404745813925
-511.385649958583 -450 -203.502914869356
-554.784110276826 -400 -176.90181869187
-600 -450 -150
-600 -400 -200
-556.211980336947 -450 -175.897476974336
-175.968463241632 -400 404.683205492992
-201.638944887455 -450 360.866145836793
-100.334493811795 -450 361.60017956155
511.385649958583 -400 -203.502914869356
-555.962532643642 -450 -226.658904775485
-600 -450 -200
25.8972944936592 -450 43.7030122648576
50.2722407749835 -400 -1.11409048298352
-467.277373391014 -400 75.3288062303702
-252.314305879303 -450 360.404745813925
100.81633713446 -450 361.094506635333
100.334493811795 -400 361.60017956155
-554.772812029156 -400 -227.038415279469
-202.124722962573 -450 181.174078620514
200 -450 -450
600 -450 -250
600 -400 -250
-76.5779654041494 -400 -139.89852313903
332.985317957211 -450 103.946152982025
332.920297312299 -400 106.773284025046
378.204722099275 -450 129.378979055009
175.968463241632 -450 404.683205492992
-334.340733457227 -400 156.822951227348
50.5086420772771 -450 361.885571567436
-600 -450 -300
334.340733457227 -450 156.822951227348
423.482288831451 -400 53.42402026179
300 -450 -450
-422.1945787782 -450 157.458401548274
-422.555773164685 -400 154.416621654287
467.583742673839 -400 78.3653725248737
-50.5086420772771 -400 361.885571567436
277.928453643222 -450 -318.450069394209
-200 -400 -450
467.447350041252 -450 127.101630150161
422.815102476671 -450 102.123095041231
-225.679185564163 -450 406.022038695741
-226.122271965199 -400 404.816344285336
-226.258733107645 -400 -319.180207717786
600 -400 -150
-600 -450 -250
-378.204722099275 -400 129.378979055009
-422.658782919439 -450 105.539535159212
-422.815102476671 -400 102.123095041231
226.258733107645 -450 -319.180207717786
-332.920297312299 -450 106.773284025046
-332.985317957211 -400 103.946152982025
-24.7657757670863 -450 44.5087197617563
-0.722485100599839 -400 -1.42354308121092
-100 -400 -450
-300 -400 -450
-467.583742673839 -450 78.3653725248737
-467.447350041252 -400 127.101630150161
-250 -450 450
-250 -400 450
-600 -400 -250
-277.928453643222 -400 -318.450069394209
24.7657757670863 -400 44.5087197617563
-466.66059604327 -450 129.953198056706
-467.472894571753 -400 178.92815917607
422.658782919439 -400 105.539535159212
-150 -400 -450
354.418279022846 -400 -358.78910559173
0.722485100599839 -450 -1.42354308121092
3128
0 1 2 3
4 5 6 7
4 7 6 8
4 5 9 10
11 4 12 13
4 9 14 13
14 4 5 9
15 16 17 18
18 16 17 19
19 20 17 18
18 21 22 23
18 24 25 26
18 20 17 24
27 28 29 30
31 25 26 23
32 33 34 35
36 37 38 39
40 41 35 34
42 43 44 45
46 41 47 48
46 41 49 47
46 33 50 48
16 17 51 15
52 53 29 54
19 51 55 16
39 56 38 57
16 58 59 60
61 62 63 64
16 51 55 60
58 16 65 66
67 68 69 70
67 71 72 70
67 73 68 74
67 73 69 68
67 75 74 68
67 72 75 68
76 77 78 79
76 77 80 81
76 78 82 79
76 80 79 83
76 83 84 85
76 79 82 84
73 86 87 88
73 89 88 87
73 90 87 86
73 91 92 89
73 69 92 91
67 69 73 90
93 94 95 96
97 93 94 98
99 27 44 100
98 93 101 97
102 103 104 97
97 96 101 102
97 101 98 105
97 106 101 105
107 108 109 110
107 111 112 109
111 113 109 107
107 108 110 114
115 114 116 112
117 118 38 119
120 92 121 122
120 123 124 125
120 124 122 121
120 126 127 128
120 122 123 128
120 125 126 128
129 130 131 132
133 134 135 136
137 0 2 133
129 134 137 133
129 138 139 131
140 129 136 134
141 142 143 144
141 145 142 146
147 29 148 149
146 145 142 150
145 151 150 152
150 145 142 153
78 154 155 156
78 156 155 157
78 158 154 159
78 156 157 81
78 158 159 82
76 82 78 81
160 161 162 163
163 162 160 164
165 166 167 163
168 166 167 165
163 162 166 167
163 161 162 167
169 170 171 172
169 173 174 171
175 176 177 178
169 174 173 179
180 171 173 169
181 171 173 180
169 174 182 172
183 184 185 186
184 187 183 188
185 184 187 189
184 144 146 190
184 189 144 190
184 191 192 186
193 194 195 196
193 197 195 194
193 198 199 200
193 200 201 202
193 201 197 203
193 199 195 201
193 198 202 203
204 205 206 207
204 206 208 209
204 158 208 210
204 211 208 205
204 212 207 213
204 212 210 211
214 215 216 141
215 217 218 214
215 219 220 221
215 152 141 214
216 214 222 219
215 220 219 151
145 151 215 216
223 224 225 226
223 227 224 228
223 225 1 229
223 1 230 231
223 232 227 233
231 232 234 230
230 232 234 224
28 29 30 149
9 202 200 13
9 95 94 235
9 93 95 236
9 235 14 13
237 238 239 240
241 242 243 244
237 245 238 240
246 247 239 240
52 29 149 30
237 248 245 249
237 248 247 250
5 14 251 7
251 6 252 5
253 251 6 252
5 93 252 98
5 98 251 94
5 94 251 14
9 93 5 94
216 145 142 141
144 141 146 254
190 184 255 146
146 184 255 192
144 256 143 254
144 257 256 258
184 192 144 189
144 258 189 257
256 254 181 259
144 256 254 258
256 171 170 257
256 254 180 181
95 260 235 199
261 262 31 263
9 235 94 14
9 201 199 200
95 260 201 264
261 262 265 266
95 96 260 264
9 95 93 94
95 236 93 96
267 268 269 270
149 29 271 147
272 273 270 269
117 38 274 119
275 276 277 278
275 276 278 268
275 277 273 279
280 65 281 282
283 65 281 280
21 22 65 15
280 283 284 285
21 284 22 23
286 23 285 21
212 207 213 287
212 211 207 287
212 288 210 289
212 290 288 289
212 210 211 289
212 290 289 287
65 282 15 59
59 58 16 65
65 58 291 59
117 38 292 274
65 281 282 293
65 294 293 291
295 296 293 297
295 293 294 297
295 298 299 300
295 283 301 302
295 299 293 296
295 281 298 283
295 281 294 293
223 230 1 225
261 262 263 303
230 304 305 231
1 2 3 139
37 38 39 274
229 3 306 1
1 3 306 139
307 308 309 310
274 38 311 119
291 312 313 314
313 314 58 291
65 314 58 66
315 316 317 318
58 313 60 319
16 66 58 55
58 60 55 319
1 230 231 304
137 320 305 321
137 231 0 321
129 137 304 2
2 129 139 304
137 320 322 323
134 137 304 129
307 309 324 325
137 322 134 323
126 326 127 327
126 328 327 127
120 127 126 326
126 329 328 330
120 326 126 125
126 330 128 125
187 189 331 185
331 332 333 334
331 335 332 334
331 336 333 257
185 331 187 332
331 187 335 336
337 338 339 340
135 341 342 343
135 342 341 344
134 129 136 133
135 345 343 346
135 347 136 140
320 321 165 168
137 320 321 322
320 348 165 322
320 166 165 348
349 350 351 352
95 353 260 96
103 354 264 96
355 356 264 201
95 201 260 199
103 260 264 357
358 338 339 337
183 188 359 360
190 189 331 187
188 184 185 183
184 183 187 255
192 144 146 184
361 362 363 364
361 20 365 366
367 368 369 370
371 372 373 368
374 338 339 358
368 371 367 373
295 294 281 283
65 281 293 294
295 281 293 299
129 136 130 347
129 130 132 347
129 131 139 140
133 137 129 2
375 376 377 378
375 379 380 381
382 383 384 385
350 352 386 387
384 382 350 383
350 383 386 352
350 352 387 351
9 202 201 200
193 200 202 198
144 146 258 254
145 146 141 152
255 146 192 150
144 192 146 142
144 141 254 143
141 222 214 388
141 222 143 216
141 254 143 388
389 390 391 392
389 393 366 394
361 389 395 366
389 390 396 391
397 398 399 115
115 397 398 206
371 400 373 372
401 402 400 372
338 403 374 339
372 401 371 400
293 297 291 294
295 404 298 300
65 293 282 291
65 284 66 22
405 285 283 280
282 21 280 65
137 0 322 321
1 0 231 229
0 304 2 1
0 137 2 304
137 231 321 305
232 223 230 231
231 406 234 232
231 321 305 406
407 408 409 410
407 380 411 253
375 407 412 380
407 409 413 410
414 44 415 416
246 417 418 124
401 419 420 402
420 385 402 419
382 383 421 422
420 402 385 423
202 198 200 424
193 200 199 201
9 200 235 13
9 5 93 10
356 264 201 260
43 44 45 416
216 141 142 143
144 143 256 257
256 254 258 180
254 143 259 256
256 170 258 257
389 390 392 425
389 393 394 392
390 426 427 428
99 44 416 45
320 321 322 165
320 321 168 429
320 166 305 429
320 168 165 166
407 409 408 430
407 253 411 408
409 431 432 433
401 400 434 435
401 435 434 436
398 399 115 437
438 439 440 441
115 112 442 437
115 116 442 112
399 443 444 445
399 443 114 444
426 446 447 448
390 426 449 450
390 449 426 428
383 386 352 451
383 386 452 422
416 44 30 414
137 0 133 322
320 322 323 348
163 164 160 348
453 160 161 162
163 165 160 161
163 165 166 348
454 418 246 417
247 239 240 237
246 455 247 240
454 456 457 458
454 457 247 455
431 459 460 461
409 462 431 463
409 431 433 463
371 373 400 435
169 182 180 170
174 182 464 465
426 447 446 466
447 467 468 469
426 466 446 428
399 470 445 397
115 442 206 398
397 209 154 398
95 264 201 236
352 471 387 351
352 471 472 387
137 320 323 305
107 112 110 109
459 473 461 474
459 475 476 477
431 478 459 474
454 479 458 417
246 480 124 418
417 121 89 418
369 481 482 483
447 484 467 469
467 485 486 487
488 489 490 491
447 469 446 484
470 445 155 492
397 155 157 470
470 492 493 494
470 493 443 494
24 495 20 365
496 24 495 20
361 364 363 365
365 495 497 24
191 183 184 255
498 499 500 501
502 111 442 116
260 357 356 264
103 260 96 264
471 503 504 505
471 506 503 505
507 508 509 476
476 507 475 473
476 510 511 508
459 475 461 473
479 86 512 88
417 88 86 479
479 512 513 514
479 513 456 514
107 116 111 113
106 105 515 381
375 377 376 379
379 515 516 105
517 518 519 113
481 520 483 521
367 369 373 522
481 523 520 524
481 523 524 525
526 527 528 529
530 526 527 528
261 303 265 262
265 531 266 262
527 265 262 531
527 531 529 265
266 531 532 262
350 352 349 384
529 533 528 526
146 141 144 142
144 258 190 189
255 191 150 192
183 534 186 359
182 464 535 536
535 537 538 539
539 535 465 464
182 540 536 535
536 535 538 464
535 540 538 541
485 487 542 486
485 487 543 544
487 543 467 485
467 487 469 545
470 493 492 546
493 547 548 549
365 363 495 364
365 20 364 495
103 325 357 354
309 324 325 550
309 324 551 308
140 342 135 347
471 552 504 503
503 553 554 555
556 505 555 503
557 556 505 555
438 551 440 558
559 560 561 562
551 558 438 324
307 103 104 102
558 550 324 551
550 309 324 551
134 135 346 133
136 134 135 140
129 139 134 140
137 133 134 322
137 304 0 231
2 139 138 3
160 563 564 565
563 566 453 567
563 567 568 566
563 564 568 569
160 569 564 563
563 569 568 570
510 508 571 511
510 508 509 572
508 509 476 510
476 508 475 507
479 513 512 573
513 574 575 576
379 376 515 377
379 377 515 381
261 577 578 266
266 262 578 261
303 527 265 262
481 579 520 523
523 580 581 582
583 524 582 523
584 583 524 582
261 31 578 577
243 585 586 528
285 286 280 577
587 405 285 588
280 577 587 285
578 532 266 587
529 265 526 527
540 538 561 560
182 464 465 535
486 468 589 590
223 233 229 232
361 364 365 20
363 362 591 364
363 364 591 495
363 362 396 592
363 591 592 593
117 36 38 594
594 118 595 596
485 118 597 594
493 546 598 492
493 598 549 494
547 599 600 601
602 603 91 127
603 91 127 92
73 92 69 68
92 121 89 91
130 347 604 132
120 121 92 91
73 92 68 89
551 440 605 441
606 607 608 609
610 605 308 310
503 554 552 504
503 553 611 554
553 612 613 614
615 616 617 618
619 620 439 440
558 438 621 440
551 441 308 438
307 102 622 310
354 623 357 624
325 309 354 307
563 565 160 453
565 563 564 568
163 348 166 164
376 377 625 515
375 378 413 376
376 626 625 627
376 627 378 413
36 117 38 292
292 37 628 629
510 37 630 292
513 512 573 631
513 576 514 631
574 632 633 634
158 79 635 82
636 635 159 210
635 159 210 158
78 79 158 82
158 209 154 159
204 209 158 159
78 158 79 154
637 638 303 263
639 640 641 642
642 643 644 641
261 645 303 263
261 262 578 31
578 587 266 577
523 581 579 520
523 646 581 580
580 647 648 649
138 650 306 139
85 651 80 652
653 654 655 80
653 655 656 651
533 586 528 526
578 588 532 587
578 577 23 285
405 283 657 298
258 170 336 257
331 189 258 257
144 143 257 142
170 336 257 333
333 170 658 172
170 171 172 257
169 171 170 180
182 172 658 170
170 659 336 658
170 182 659 658
660 659 658 661
660 662 663 664
540 660 659 536
36 38 594 57
292 117 665 36
36 117 665 666
594 117 36 666
547 667 549 598
547 667 599 549
600 668 669 670
440 619 620 671
309 551 310 308
620 439 440 621
551 441 605 308
621 438 439 440
553 611 554 672
553 612 673 672
553 612 672 613
674 675 676 61
624 357 354 264
623 325 309 354
441 438 551 440
356 355 195 201
621 439 674 620
323 134 343 346
677 374 678 604
343 348 679 164
565 160 453 162
320 305 166 323
348 680 346 679
348 160 680 679
163 164 166 162
569 681 680 564
682 564 681 683
681 680 679 345
679 681 564 680
681 684 685 682
485 544 118 487
292 37 36 628
594 595 117 666
574 576 631 686
574 686 632 576
633 316 315 687
528 585 244 243
585 586 528 533
527 530 638 303
533 688 585 586
526 528 530 586
656 689 648 655
690 691 259 173
580 692 647 693
580 647 692 648
652 80 85 83
651 80 652 653
688 694 695 696
660 663 661 664
182 536 540 659
660 664 560 662
540 561 660 560
663 662 697 664
663 697 698 699
37 630 274 39
668 700 701 702
600 599 667 703
600 703 670 599
668 701 704 702
51 55 394 393
366 394 393 51
361 362 395 396
674 675 620 705
690 706 707 691
440 605 441 708
612 709 673 672
710 711 613 712
34 713 40 41
350 382 386 383
602 603 34 70
603 34 70 40
713 714 34 70
70 713 715 72
41 35 34 46
713 72 716 715
674 61 620 675
354 325 357 623
307 324 309 308
620 717 671 619
160 569 680 564
690 691 718 706
681 345 679 682
681 682 683 684
685 684 719 682
30 44 27 414
685 720 721 719
118 597 57 119
633 317 316 632
633 632 686 317
315 722 723 724
251 411 253 6
138 130 129 2
380 411 253 251
375 378 412 413
688 585 694 696
528 241 244 638
647 654 725 726
653 651 80 655
647 654 726 655
269 273 727 272
99 416 44 30
635 269 84 272
636 635 269 84
272 84 728 727
272 728 84 83
273 270 269 275
729 730 731 732
694 695 733 734
695 696 733 735
688 586 736 585
695 733 737 735
284 280 21 65
295 298 301 283
657 283 301 298
698 147 271 738
698 738 697 739
698 738 271 740
534 340 741 359
534 191 742 743
534 744 743 745
292 274 37 630
510 572 509 630
668 701 700 746
701 43 747 415
701 748 749 746
701 700 746 749
668 702 670 700
668 750 746 700
51 394 55 60
19 22 18 16
366 393 20 19
751 502 111 752
751 753 754 755
751 754 756 755
751 502 752 757
746 758 700 482
483 520 482 750
369 481 483 521
483 758 746 482
483 522 746 758
522 748 759 435
283 405 280 281
295 297 302 296
588 587 578 285
42 100 44 414
65 282 59 291
291 297 314 294
58 291 59 313
676 61 760 761
674 705 676 675
440 671 605 708
676 675 760 61
67 74 75 90
75 762 712 763
75 712 762 71
764 90 75 74
612 709 613 712
729 765 766 767
768 769 770 766
771 772 773 774
41 714 34 713
620 63 717 675
61 761 64 760
193 195 197 201
720 53 175 52
720 775 175 719
720 53 178 175
776 374 677 604
776 777 138 650
776 778 779 777
467 469 487 486
485 118 594 596
594 57 118 597
485 544 543 597
315 722 318 780
315 318 722 724
722 781 782 783
722 784 785 780
722 318 780 785
315 724 316 318
251 7 411 6
4 6 5 10
380 252 253 381
786 787 788 789
786 789 788 790
786 791 792 793
387 504 472 794
383 421 422 452
774 245 773 795
387 780 794 472
780 784 785 451
386 784 452 422
9 13 11 202
577 23 285 286
199 201 9 95
367 483 369 522
4 9 13 11
13 11 202 796
4 12 7 8
585 242 244 243
737 797 798 799
688 694 585 736
585 694 242 243
76 81 80 85
80 81 655 85
654 726 655 81
653 654 689 655
84 728 800 83
774 773 801 802
803 804 805 806
807 803 804 805
730 808 731 809
737 810 798 797
737 797 735 733
688 736 695 694
261 31 25 645
65 283 284 280
271 147 53 738
271 53 811 738
271 29 53 147
465 174 179 812
465 539 517 537
465 813 517 812
183 186 534 191
534 359 741 186
517 113 108 518
517 814 813 519
517 518 814 519
536 172 658 182
465 812 517 539
517 539 108 537
517 518 108 539
108 109 110 518
107 109 108 113
108 537 539 815
108 537 815 816
114 110 815 108
701 43 415 749
42 415 44 43
390 392 425 449
751 752 111 754
502 206 442 205
502 442 111 752
502 206 205 817
373 369 758 522
748 435 818 759
373 759 522 758
435 818 434 436
16 51 59 15
65 291 58 314
65 284 294 314
291 297 819 312
65 66 284 314
762 75 716 763
820 313 821 822
313 822 820 312
58 59 60 313
313 822 312 819
58 313 319 823
61 62 64 761
264 624 356 355
62 824 825 64
62 826 827 761
761 828 827 829
830 761 829 828
61 760 64 675
620 63 675 61
67 75 71 90
73 89 87 91
67 73 74 90
67 71 75 72
714 70 713 715
72 70 71 715
603 72 70 68
68 72 70 67
40 603 34 35
35 602 603 34
35 602 327 603
33 34 35 46
35 33 831 32
46 41 50 34
832 829 833 828
830 834 832 829
830 761 760 829
307 622 102 104
280 285 587 405
357 354 264 103
355 195 201 197
193 196 198 194
193 198 203 194
103 260 353 96
720 52 54 53
453 565 162 835
453 566 836 567
453 836 835 837
130 131 604 776
776 677 778 131
836 250 248 772
836 771 837 774
836 772 771 774
160 162 564 164
453 835 836 566
836 566 248 567
248 567 566 838
836 772 248 566
248 245 249 772
237 245 248 250
248 567 838 839
248 839 838 247
467 545 484 840
722 781 783 785
781 100 45 42
409 408 430 463
786 788 792 238
791 124 480 123
791 480 239 238
791 124 123 841
420 436 422 421
382 386 383 422
784 842 452 422
780 472 451 318
420 434 422 436
422 436 842 452
9 5 14 94
4 13 14 12
9 236 202 11
843 4 12 11
95 9 199 235
844 12 845 846
847 844 846 12
848 847 12 13
4 14 7 12
4 12 8 843
849 850 851 852
696 735 849 853
849 854 851 855
695 694 736 734
798 856 857 858
859 706 860 861
696 735 853 733
585 243 736 694
76 82 81 85
78 156 159 154
78 156 81 82
79 83 84 76
272 83 84 635
652 651 800 85
862 768 805 769
806 498 803 804
279 270 268 863
272 635 269 270
636 270 288 267
270 269 267 636
268 269 270 275
270 268 863 267
275 273 276 269
864 807 769 805
864 803 807 805
864 862 805 769
865 798 797 856
695 734 737 733
335 332 188 187
388 143 259 254
142 150 192 146
184 188 185 187
185 183 360 188
53 178 175 177
271 53 177 811
175 719 176 721
720 52 175 775
517 518 539 812
537 541 866 867
191 743 868 742
191 150 153 868
145 215 151 152
191 742 868 153
255 191 192 184
771 801 774 773
771 869 870 167
443 816 871 548
399 444 114 437
493 443 494 548
397 154 156 155
872 590 486 589
872 486 596 542
467 469 484 545
485 486 542 596
594 117 595 118
873 874 875 876
873 782 874 99
473 877 878 879
510 511 571 629
475 880 477 881
459 474 478 473
43 818 42 882
43 45 42 818
43 748 882 749
818 842 434 436
818 759 434 882
43 415 749 882
426 450 883 466
426 450 466 449
390 428 391 449
204 206 209 207
206 209 398 208
502 817 205 752
361 395 389 396
313 821 60 319
60 884 885 319
16 65 66 22
821 886 887 820
16 51 60 59
60 884 319 821
821 884 888 889
130 776 138 131
826 890 824 891
761 828 826 827
62 826 890 824
307 309 354 102
826 753 891 892
826 892 828 753
676 893 830 760
832 828 833 894
830 760 893 834
70 68 69 603
70 713 40 34
805 56 895 807
804 895 500 807
21 280 286 282
896 897 898 501
899 900 491 901
765 770 766 767
275 279 270 268
902 903 860 859
635 636 270 288
327 602 32 329
832 833 904 894
832 905 904 833
103 96 97 102
685 906 720 775
271 738 811 740
836 772 566 835
567 570 907 908
129 140 347 132
320 348 323 166
304 129 139 134
231 304 0 1
138 909 306 650
131 130 129 138
517 814 812 813
814 519 910 718
814 690 173 691
454 418 417 458
247 839 838 457
454 456 247 457
246 240 480 455
237 247 248 249
247 839 457 456
456 839 911 575
513 456 514 575
912 880 511 571
912 913 511 880
459 473 476 475
476 473 879 507
914 915 28 747
914 747 28 414
426 883 447 466
447 484 883 840
447 484 840 467
469 468 589 486
447 883 484 466
467 468 469 486
467 840 543 545
469 589 468 607
722 781 785 784
45 842 42 818
42 414 44 415
781 784 916 785
781 842 45 916
818 434 842 882
781 783 785 916
431 433 463 474
431 433 460 432
409 410 433 432
124 121 418 122
120 124 121 125
791 792 123 480
786 791 238 792
386 452 784 451
842 436 916 452
382 383 385 421
400 373 759 435
411 917 918 7
307 310 309 102
12 845 7 8
7 917 918 8
5 10 6 252
7 917 8 845
845 919 844 846
845 920 917 8
850 787 921 922
735 799 850 852
849 852 851 853
850 922 799 787
798 797 856 799
737 733 734 810
735 799 852 797
733 735 853 852
56 769 311 923
924 925 926 927
873 928 875 929
768 770 930 766
804 896 806 498
803 498 500 804
35 34 32 602
327 329 32 931
453 835 162 161
727 84 728 800
267 932 288 290
267 863 288 932
635 210 636 288
401 436 420 421
401 372 419 402
873 929 875 723
387 780 451 386
350 384 349 933
401 372 934 419
422 436 452 421
420 419 421 385
729 767 766 732
729 767 732 731
935 936 937 938
857 858 856 935
857 935 936 939
170 333 257 172
144 142 257 189
184 255 187 190
331 333 185 189
145 146 152 150
336 333 170 658
536 660 560 540
719 345 682 341
465 539 464 812
182 536 174 464
540 541 561 538
735 733 797 852
465 812 179 813
850 851 921 855
388 141 222 143
145 153 151 142
150 153 868 940
331 190 187 336
870 941 429 942
771 870 801 943
836 771 835 837
443 871 816 444
537 867 815 816
815 114 816 444
816 548 867 871
547 548 549 601
537 867 866 815
443 494 548 871
470 445 494 443
872 944 542 596
872 944 778 779
944 337 358 666
921 945 855 851
36 628 666 665
872 777 589 542
874 99 30 876
946 928 947 684
948 946 949 950
946 950 948 951
946 952 929 951
929 951 687 316
873 723 875 782
873 724 929 723
431 462 478 474
433 432 953 460
433 410 954 432
459 478 879 473
462 955 463 956
43 882 42 415
415 44 43 416
45 818 916 842
781 916 45 783
421 420 385 382
818 916 842 436
484 957 883 840
447 446 466 484
209 154 398 208
206 205 208 398
115 442 502 206
5 251 6 7
9 236 11 10
12 11 847 843
435 434 818 759
780 451 785 318
401 419 421 420
884 958 959 888
821 888 884 319
657 405 285 283
319 820 313 821
393 19 51 55
585 960 242 694
295 298 281 299
889 488 490 961
889 962 887 886
889 490 958 888
905 832 829 833
828 753 892 894
826 892 891 827
753 757 754 963
753 754 891 892
753 963 894 757
126 329 327 328
126 328 127 128
327 328 329 964
765 769 770 864
126 328 128 330
328 329 965 330
326 329 327 126
92 69 603 91
826 827 828 892
674 439 705 620
893 676 675 760
564 681 683 569
746 758 749 700
346 344 135 345
133 134 322 346
348 164 323 166
663 739 697 662
697 966 699 334
850 789 855 921
160 565 564 162
569 949 568 570
137 304 305 323
304 305 231 137
406 231 234 305
1 306 225 304
138 3 139 306
348 346 323 343
322 323 348 346
690 967 706 718
814 690 718 967
839 575 908 911
247 240 457 249
567 568 907 570
295 283 302 294
567 908 838 839
103 102 354 96
565 563 566 453
248 566 772 249
454 458 479 456
455 454 418 246
456 514 457 458
456 514 575 911
968 337 665 358
912 968 571 629
422 434 842 436
912 880 743 913
877 969 499 970
559 971 972 662
973 559 561 562
559 974 562 973
559 975 974 976
914 704 915 747
890 824 977 860
975 669 704 670
975 976 915 704
975 669 974 976
426 448 428 446
426 428 449 466
428 427 391 978
446 428 608 448
484 979 840 545
45 100 783 99
45 100 44 42
701 43 749 748
99 100 44 45
781 783 45 100
431 459 461 474
462 474 463 955
246 480 791 124
246 418 455 480
124 123 122 418
417 89 121 87
371 401 435 400
522 759 748 758
701 702 749 415
917 980 956 920
845 981 917 920
367 369 483 521
4 843 10 11
756 982 910 983
981 984 845 919
984 985 986 981
981 987 988 985
917 980 920 981
981 980 988 987
798 858 799 856
799 858 787 922
850 852 922 921
787 793 788 989
787 788 921 922
787 989 858 793
799 858 922 856
936 937 990 939
850 852 799 922
288 213 290 212
930 732 767 991
769 770 766 765
862 769 770 768
897 992 993 994
270 636 635 269
212 287 213 290
289 290 995 287
204 210 212 213
400 434 435 759
401 400 420 434
996 349 350 351
420 385 382 423
382 420 422 421
806 803 862 805
770 930 766 767
798 865 857 856
184 189 185 192
188 997 998 999
183 186 360 359
332 331 187 335
342 176 344 1000
341 345 343 135
176 178 721 1000
698 149 271 147
175 721 176 178
176 341 344 721
685 345 719 721
345 679 682 341
681 949 947 683
682 679 681 564
561 538 562 560
664 536 660 560
658 660 536 659
941 639 1001 640
870 639 941 942
870 639 942 641
941 234 429 406
541 561 562 973
539 537 538 866
541 866 562 538
541 867 973 866
108 815 539 110
108 539 518 110
816 871 867 815
548 549 871 494
431 474 461 433
867 1002 601 973
744 337 968 339
358 1003 338 337
358 944 1003 337
944 596 595 542
872 779 778 777
872 486 542 589
952 948 946 949
950 949 568 683
950 951 1004 948
751 754 753 757
929 316 687 723
929 723 724 316
378 217 954 221
35 327 32 831
120 91 92 127
73 91 87 69
121 122 89 418
603 327 127 602
417 88 89 87
409 413 410 432
378 954 410 413
407 410 412 408
431 433 461 460
409 463 410 408
433 432 954 953
462 955 478 474
431 462 474 463
722 785 724 318
929 875 952 928
873 783 724 782
784 452 916 785
783 782 99 100
781 783 100 782
883 466 1005 957
840 1006 979 1007
840 979 543 545
204 207 209 213
204 158 210 159
1008 643 854 642
1008 1009 854 960
9 202 236 201
95 235 260 353
200 202 424 13
349 506 351 996
780 318 794 472
352 351 349 471
450 883 466 1005
389 392 395 393
394 884 885 60
425 958 450 959
900 491 901 488
889 961 962 488
958 1010 490 488
488 491 901 489
488 1010 489 901
502 817 752 757
757 817 752 1011
894 1012 757 963
753 963 754 892
757 1011 1012 817
904 1013 1014 1015
120 121 326 125
756 755 982 983
877 970 499 1016
877 879 970 1017
877 879 509 970
877 509 969 970
499 1016 970 994
499 500 501 1018
499 994 898 1016
896 501 498 804
267 290 288 636
267 863 932 268
272 727 269 84
128 1019 990 937
388 259 927 707
937 939 1019 990
828 829 833 892
1015 1014 1020 1021
130 132 604 131
342 344 347 1000
342 132 347 140
347 1022 1023 1000
331 661 335 334
966 740 699 999
661 334 697 699
738 966 740 699
966 699 334 335
738 699 697 966
334 333 331 661
660 972 560 561
663 699 661 697
683 947 946 949
679 160 680 564
223 1 231 229
569 564 568 683
569 949 681 683
151 940 218 220
839 911 908 838
1004 575 908 634
570 908 948 907
908 634 948 1004
457 247 249 838
248 249 838 566
908 907 911 1004
456 911 457 514
575 911 514 576
968 629 628 571
872 650 777 778
337 968 339 358
337 339 744 340
358 779 374 1003
968 628 337 744
292 629 628 665
292 38 37 274
912 744 745 743
912 968 745 744
541 973 562 866
559 973 976 974
562 973 974 1002
362 391 395 396
362 227 978 228
204 159 210 213
635 636 82 84
209 154 159 156
397 154 209 156
158 154 209 208
78 155 154 77
362 978 391 396
389 395 392 391
390 449 391 392
883 1010 1007 957
425 959 449 392
701 749 702 700
914 415 702 747
43 748 818 882
371 522 373 435
748 749 758 759
473 879 507 877
476 509 507 879
603 91 69 602
902 1024 825 63
902 825 859 860
16 65 22 15
65 291 314 294
16 59 65 15
296 293 297 291
746 758 522 748
722 724 785 783
415 747 414 416
430 917 956 918
407 408 412 253
4 5 7 14
980 1025 955 988
980 987 1025 988
981 986 987 985
380 412 381 253
858 939 793 989
787 989 788 922
791 841 792 793
786 238 790 788
793 939 1019 989
799 922 852 797
979 991 1006 1026
840 1007 979 957
979 1026 543 545
930 732 1027 766
900 488 962 961
930 766 767 732
49 35 33 831
931 327 964 831
46 48 47 49
1020 287 1028 211
1012 1015 1014 1020
220 953 460 1029
369 522 483 758
620 675 619 705
382 423 384 933
371 368 934 372
182 174 536 172
933 384 382 350
781 45 842 42
506 556 505 1030
471 349 506 351
899 809 901 808
936 1031 937 938
328 1032 937 330
128 1019 841 990
332 966 334 335
71 715 762 716
661 697 334 664
698 1033 149 739
591 616 617 593
231 234 305 230
941 234 1034 1035
569 949 683 568
939 1019 989 935
570 949 950 948
1035 1001 593 1036
951 948 634 1004
480 238 240 239
663 698 697 739
979 1006 991 1037
20 26 18 19
663 662 1033 739
217 1038 219 627
16 22 18 15
295 301 404 302
295 302 297 294
459 473 879 476
597 119 1039 923
376 377 378 625
215 217 214 219
378 1038 217 627
288 932 1040 290
941 1035 1034 1001
1035 1036 1041 1034
1035 1036 1034 1001
1014 1020 1028 1012
867 871 866 815
973 974 669 976
114 116 112 107
676 760 830 761
537 815 866 539
601 974 1002 599
559 972 976 561
601 1002 549 599
548 549 1002 871
944 666 358 595
21 65 282 15
18 21 23 286
1008 851 853 854
534 745 340 744
365 616 495 363
350 384 383 352
546 725 693 492
914 148 915 971
597 1039 544 1027
594 38 118 57
908 1004 948 907
567 566 838 907
950 948 1004 907
378 217 221 627
407 253 412 380
75 90 712 71
295 296 302 299
375 381 377 379
380 251 252 98
120 127 92 122
814 812 813 173
417 88 87 86
16 19 51 17
768 805 769 311
128 1019 123 841
503 504 505 554
639 640 1042 1001
73 88 89 74
124 123 418 480
417 88 479 458
407 430 408 411
409 462 463 430
709 672 573 673
951 687 316 632
929 723 687 952
405 285 588 657
315 316 724 723
318 472 317 794
614 555 557 1043
873 723 782 724
485 118 542 487
543 1027 1026 1006
817 1011 205 752
840 543 979 1006
376 625 378 627
620 675 717 619
447 446 469 468
288 1040 289 290
242 1009 960 244
76 81 78 77
583 649 582 584
753 892 894 963
845 919 984 844
430 956 462 463
204 208 206 205
204 210 208 211
1008 960 854 853
625 1044 515 1045
1008 1009 242 1046
1046 241 244 242
360 186 741 359
630 39 1047 895
440 619 441 439
102 106 101 97
353 96 97 103
307 325 103 354
510 571 37 629
201 356 260 199
201 9 95 236
506 351 996 1030
145 215 141 216
472 504 552 794
471 472 504 552
787 922 858 989
951 632 634 687
382 385 384 423
389 425 392 394
823 314 58 313
389 391 396 395
901 1007 1037 809
1010 901 1007 489
889 488 958 490
1012 1028 817 1011
975 976 704 669
776 138 131 650
904 894 833 1015
611 1048 554 672
817 205 1011 211
817 1028 211 1011
78 157 155 77
751 757 752 754
898 994 993 1016
206 205 817 207
502 752 205 442
459 460 461 477
39 274 311 895
793 1019 939 841
456 911 839 457
662 560 972 559
124 841 125 123
525 583 524 1049
633 315 316 317
946 949 947 952
123 1019 792 841
58 55 66 823
462 478 955 1025
1046 1050 1051 1009
478 878 955 1025
909 589 607 590
498 501 898 499
311 805 56 895
1016 1052 1053 1017
499 501 994 970
1016 993 1052 994
115 399 114 437
896 501 898 498
897 994 898 501
499 501 898 994
275 268 269 276
600 1054 703 667
654 655 80 81
76 85 84 82
939 935 936 937
401 434 420 436
128 990 125 330
330 1032 965 328
965 931 329 964
857 1055 935 856
817 211 1028 207
855 945 643 851
289 1040 995 290
1012 1015 1020 1011
289 1056 1020 287
685 775 720 719
345 344 341 721
530 528 241 243
433 461 460 953
346 343 348 679
345 344 135 341
597 1027 923 1039
719 341 721 345
342 1000 1023 176
635 82 636 159
1045 1057 1058 1059
968 665 337 628
176 721 344 1000
399 470 443 445
176 1000 1023 178
818 42 882 842
348 343 323 164
552 504 554 1060
342 344 176 341
345 679 341 343
24 26 18 20
941 640 942 639
256 181 180 171
222 1061 1062 927
928 876 875 906
535 541 538 537
30 54 29 27
143 259 222 388
432 954 220 221
18 22 19 26
972 971 1033 662
976 973 559 561
31 26 25 496
997 1063 998 1064
541 562 561 538
179 174 182 169
169 182 179 180
660 664 661 658
540 560 536 538
295 301 298 404
972 1033 971 915
660 662 560 972
719 721 341 176
227 224 228 592
361 396 363 362
223 224 227 232
362 592 1041 227
1061 214 1062 1038
21 286 280 285
222 1061 214 1062
222 214 1061 219
681 947 685 684
193 197 194 203
570 950 949 568
839 838 457 911
633 687 632 316
570 950 568 907
633 687 634 632
944 595 358 779
917 920 918 8
877 1017 878 879
424 203 202 198
4 8 6 843
337 665 358 666
605 308 441 610
666 358 595 665
776 374 779 778
193 195 198 196
36 292 38 37
912 743 742 913
944 779 542 595
476 477 475 511
540 536 535 538
562 1002 866 973
600 669 601 599
867 1002 866 871
67 71 69 90
366 17 51 19
366 19 51 393
18 22 21 15
204 209 159 213
857 858 935 939
399 398 445 437
168 167 166 429
443 494 444 445
78 154 79 77
204 158 209 208
394 55 60 885
361 20 366 395
361 395 364 20
425 885 959 392
46 49 35 33
425 884 959 885
92 68 603 69
668 670 702 704
647 726 693 692
600 670 669 599
746 482 700 750
371 368 1065 934
700 482 703 750
914 704 747 702
580 648 692 582
649 582 584 1066
508 571 511 880
877 969 509 507
473 474 478 878
417 89 88 418
120 128 123 125
73 86 74 90
648 649 689 1066
73 89 68 74
1067 903 1059 1058
275 276 273 277
1067 1068 671 708
902 1024 717 1067
1067 717 708 671
25 26 23 18
23 31 25 577
817 211 207 205
830 829 832 828
605 441 708 610
859 860 706 926
587 578 285 577
578 31 23 577
668 750 700 703
369 758 483 482
1065 368 371 367
481 370 525 521
270 288 267 863
1061 1062 925 1057
620 619 439 705
367 371 522 373
1025 1052 1017 1053
478 1017 879 878
676 893 675 705
987 1053 1025 988
987 1069 1070 985
906 775 684 928
1025 955 988 1053
987 1069 1052 1070
981 988 980 920
1052 1069 992 1070
858 989 856 935
857 1055 936 935
793 792 788 989
246 239 791 480
791 841 123 792
1 304 139 306
936 937 1031 990
936 935 1055 938
553 555 614 613
1071 1021 1056 1020
712 710 763 762
1012 1011 963 1015
782 874 99 100
366 20 24 17
547 1054 667 1072
957 1037 489 1007
979 1037 1007 1006
991 809 1006 732
883 840 957 1007
930 1027 923 766
930 1027 991 1026
1039 930 923 768
864 769 770 862
394 425 392 885
40 713 70 72
320 429 168 166
1020 1011 211 1028
757 963 1011 752
904 833 905 1013
1012 1011 1020 1028
904 1013 1015 833
930 1027 1039 923
313 319 823 820
1014 1015 1013 1021
314 312 313 823
757 963 1012 1011
1028 207 211 287
556 614 555 557
471 505 351 506
1016 1017 994 1052
981 984 919 986
987 1053 988 1070
897 994 993 898
884 889 958 888
329 931 327 964
519 109 518 910
1038 627 625 626
939 841 1019 990
126 330 326 329
328 128 330 937
690 259 707 927
1031 330 937 1032
328 964 965 329
383 451 452 386
369 521 370 481
659 336 658 661
188 998 997 360
997 1063 1073 403
685 719 684 775
685 684 947 906
506 351 1030 505
342 132 1023 347
601 974 973 1002
135 342 140 343
223 224 230 225
1 304 225 230
497 495 616 618
295 300 302 404
406 305 429 321
65 294 284 283
227 592 1041 224
281 405 298 283
65 281 294 283
295 302 300 299
1035 224 1041 592
321 305 429 320
951 687 634 948
681 947 684 683
264 357 356 624
94 97 96 93
890 982 977 755
147 148 739 149
560 972 559 561
215 217 219 221
13 11 796 847
671 708 440 619
1061 1038 219 214
217 214 219 1038
1038 626 625 1057
1061 1038 626 627
222 1062 214 388
991 1037 1006 809
821 887 888 319
60 319 885 55
58 319 55 823
215 217 221 218
394 885 393 55
696 849 960 853
63 64 717 675
362 591 1041 592
389 395 366 393
1035 232 1034 1041
61 675 64 63
902 63 717 1024
902 824 64 825
234 1035 224 232
363 495 591 616
363 592 591 362
612 764 712 711
72 716 715 71
479 86 573 512
394 425 885 884
867 973 866 1002
975 915 976 971
454 458 455 418
975 670 704 702
71 762 75 716
746 748 749 758
914 747 414 415
600 750 668 703
790 795 789 802
991 731 1037 809
559 976 971 975
807 56 769 805
883 957 1005 1010
743 868 742 913
191 150 192 153
1016 1052 993 1053
291 312 314 297
186 183 184 191
1047 969 1018 500
499 1018 970 969
968 744 571 628
37 571 628 629
872 777 542 779
969 572 1018 509
459 477 461 475
53 177 811 178
545 487 543 467
807 895 1047 56
601 669 973 974
570 907 948 950
493 494 492 598
648 689 656 1066
908 838 911 907
574 575 576 634
951 948 952 687
873 782 99 783
633 794 315 317
378 627 221 413
375 412 378 377
647 654 655 689
81 77 725 157
155 725 77 157
1045 1074 1075 1068
492 155 157 725
1045 1058 1057 626
213 210 288 636
625 1057 626 1045
120 91 127 326
261 31 577 25
943 802 644 801
1031 330 1032 965
132 677 604 131
1046 241 1050 244
1031 990 937 330
271 740 811 177
1008 854 1009 642
327 326 127 602
407 412 410 413
410 413 954 432
462 956 980 955
947 906 928 875
981 920 984 985
432 220 953 460
376 515 625 1044
622 106 104 105
4 6 10 843
7 6 8 918
193 195 199 198
317 1060 552 686
946 928 929 952
487 542 486 589
193 203 202 201
485 597 118 544
544 1027 543 597
646 693 598 1072
615 617 1076 1050
411 918 253 6
615 1050 638 618
252 381 98 101
1046 615 1050 241
615 241 638 1050
97 96 93 101
552 611 1060 554
317 794 552 1060
503 552 554 611
780 451 386 784
611 672 673 1048
73 90 69 87
563 567 570 568
503 556 505 506
387 451 780 472
315 318 317 794
884 885 888 959
510 508 37 571
1034 1036 640 1001
471 504 387 351
450 1005 466 449
958 490 959 888
979 1006 543 1026
428 978 608 427
1010 489 957 1005
450 959 958 1005
450 1005 449 959
991 809 732 731
597 1039 119 544
909 609 306 590
912 629 571 511
1037 1007 1006 809
886 822 820 821
559 976 972 971
204 205 207 211
399 397 445 398
470 546 492 157
546 492 157 725
1067 671 1024 717
206 205 398 442
825 860 824 890
470 492 155 157
894 963 892 833
1014 1020 1021 1071
1046 1009 242 244
615 618 637 497
793 792 1019 841
1046 1051 1050 1076
390 450 449 425
128 990 841 125
638 303 263 527
473 879 878 478
878 1025 1017 1053
645 263 637 303
878 1053 955 1025
497 618 496 495
591 495 617 616
617 1051 1076 1050
484 957 840 979
1016 1017 970 994
363 593 616 591
645 496 25 24
877 1017 970 1016
726 546 693 692
444 110 114 112
485 542 118 596
726 546 157 725
987 986 1069 985
498 501 500 804
62 64 827 824
857 1055 856 865
902 860 824 825
890 977 891 755
328 1032 965 964
1031 1032 937 938
995 932 290 1040
967 982 910 977
289 1020 211 287
289 1040 1056 995
118 38 119 57
119 311 923 56
894 833 1015 963
347 1023 1022 132
129 132 131 140
1022 1073 1063 678
250 239 238 795
331 333 332 185
799 797 856 922
795 250 245 238
664 658 660 536
528 241 243 244
661 333 331 336
126 125 326 330
585 244 242 960
219 215 216 214
119 1039 923 311
215 152 218 151
1061 1038 1062 1057
556 1030 557 505
871 1002 548 867
169 182 170 172
516 515 1075 106
906 54 876 874
902 903 1024 1067
902 63 64 717
12 844 843 847
947 928 906 684
685 775 684 906
223 231 232 229
1045 626 1044 1058
223 226 225 233
967 861 860 706
227 1041 232 224
362 228 978 396
1061 1038 627 219
380 251 253 252
378 413 221 954
217 627 219 221
946 952 947 928
222 388 927 1062
774 802 795 773
430 918 956 408
1057 626 1058 925
1067 1024 1059 903
625 1045 626 1044
379 381 105 380
633 317 686 1060
929 723 952 875
315 780 318 794
1036 1076 1001 593
315 687 316 723
350 349 996 933
639 642 1042 640
352 451 387 472
138 909 650 777
872 589 777 590
854 851 855 643
777 909 650 590
53 29 54 147
167 869 161 837
943 644 641 801
944 779 1003 778
779 358 944 1003
601 599 669 974
107 116 113 114
62 890 825 824
814 691 173 813
443 816 114 444
756 910 109 983
108 518 113 109
107 110 112 114
816 815 444 871
519 113 518 109
1002 548 867 601
181 707 691 259
547 600 599 667
493 547 549 598
1051 1001 1076 1042
168 869 167 429
450 1010 883 1005
548 601 1002 549
537 538 866 541
362 396 592 228
889 962 961 887
396 228 978 427
394 393 885 392
958 1010 1005 490
607 609 590 468
888 889 887 821
1035 592 1041 593
617 1076 1036 593
591 1036 593 617
453 565 835 566
115 116 502 442
204 207 212 211
757 963 752 754
523 579 581 646
362 227 228 592
600 750 703 1054
669 974 599 670
547 1054 600 667
914 702 975 704
346 345 343 679
367 1065 370 1077
722 783 782 724
906 876 54 775
27 28 414 148
28 915 148 1033
698 740 699 738
574 634 576 632
703 579 667 1054
698 697 738 699
992 1070 993 1052
511 913 477 880
600 668 670 703
482 703 750 579
748 818 882 759
117 594 38 118
940 218 220 953
572 1018 509 630
1027 544 1026 1039
510 630 37 572
868 940 1029 881
968 339 745 744
508 507 509 572
454 458 457 455
503 505 555 554
870 641 869 801
943 801 773 802
771 837 774 801
870 869 641 942
771 869 837 801
1074 516 1044 1075
1074 1068 605 1075
574 1060 633 686
1074 1068 708 605
1067 1074 1058 1068
18 23 25 286
18 23 22 26
168 869 429 942
663 661 664 697
934 372 401 371
1033 149 148 28
481 521 525 524
27 147 29 148
703 1054 750 579
914 414 28 148
1033 739 148 149
481 482 520 579
462 980 1025 955
980 956 988 955
878 1017 1016 1053
478 878 1025 1017
920 981 984 845
86 573 512 1078
128 841 123 125
86 88 74 1078
858 989 922 856
432 953 220 954
761 829 827 760
331 190 336 258
904 1015 1014 1012
768 923 1039 311
537 539 535 465
901 489 1037 1007
390 391 428 427
1010 1007 957 489
690 967 926 706
901 808 489 491
660 972 663 662
144 146 190 258
709 673 573 1078
73 88 74 86
465 179 174 182
86 709 573 1078
738 811 740 966
899 808 901 491
534 186 745 742
868 913 881 1029
767 732 731 991
781 784 842 916
367 373 369 368
503 555 556 553
534 745 186 741
987 1070 1052 1053
331 257 258 336
987 985 1070 988
447 448 446 468
291 819 297 296
730 809 731 732
776 650 131 778
930 991 1027 732
3 306 909 606
226 609 606 608
779 1003 778 374
889 961 490 888
292 628 36 665
118 119 544 597
127 326 91 602
32 831 931 33
602 329 327 326
997 1063 1064 1073
997 360 998 1063
776 778 677 374
188 332 999 998
966 740 998 811
966 699 335 999
999 1064 998 740
339 340 338 403
403 678 741 1063
271 53 175 177
1073 403 1063 678
698 149 147 739
191 186 742 192
360 1063 359 741
188 185 332 360
966 999 998 740
663 739 1033 698
881 1029 913 477
868 881 913 880
184 185 186 192
256 171 259 181
663 662 972 1033
137 323 134 304
135 344 346 136
332 966 999 998
187 332 188 185
134 343 346 135
160 164 679 348
223 233 228 226
188 999 332 335
178 1079 177 811
229 606 233 225
225 609 306 606
567 908 907 838
911 1004 575 908
215 151 218 220
52 149 29 271
1033 148 739 971
332 999 966 335
1022 1000 1079 1023
152 151 940 218
145 141 215 152
1061 1057 626 1038
690 707 926 927
378 410 412 413
210 213 159 636
580 649 648 582
227 233 978 228
1035 593 1041 1036
78 82 159 156
450 1010 1005 958
428 608 448 427
212 210 288 213
427 226 608 448
272 728 273 727
914 28 915 148
1033 739 662 971
265 527 303 526
914 975 915 704
786 791 239 238
915 148 1033 971
849 850 852 735
914 915 975 971
668 670 703 700
108 114 816 815
784 451 452 785
479 514 458 512
189 184 187 190
1008 643 851 854
743 880 868 913
534 742 191 186
528 586 243 530
647 649 689 648
648 1066 582 649
150 152 151 940
868 940 153 1029
510 37 292 629
508 475 880 511
946 952 951 948
523 520 524 581
479 458 514 456
481 524 520 521
513 631 574 576
237 247 249 240
575 634 1004 576
845 8 844 984
417 458 418 88
105 104 97 106
574 1060 686 1048
409 463 433 410
97 98 94 353
1045 1074 1068 1058
378 1038 627 625
1059 924 925 903
1057 1059 924 925
796 424 203 202
1045 1059 1058 1068
1059 859 903 1024
771 801 870 869
309 325 623 550
97 98 353 104
96 94 95 353
12 8 843 844
13 848 796 424
943 945 644 802
943 802 773 945
62 64 825 63
241 530 637 638
241 638 1050 244
532 266 262 578
528 530 241 638
902 825 1024 859
902 859 1024 903
853 694 242 960
791 238 792 480
786 790 238 795
238 790 245 795
787 921 788 789
786 238 239 795
786 790 795 789
585 586 736 243
238 250 245 237
585 696 960 694
252 98 93 101
573 631 673 1048
380 381 98 252
1077 370 367 521
493 1072 547 598
523 524 525 583
95 96 264 236
174 179 812 173
9 236 10 93
199 201 356 195
583 524 1049 584
633 1060 794 317
352 387 451 386
525 521 1077 1049
579 646 1054 581
951 1004 634 632
686 1048 611 631
552 686 1060 611
39 57 38 36
525 1049 524 521
872 944 779 542
337 666 628 665
597 57 119 923
376 1044 625 626
9 200 199 235
95 94 235 353
39 311 38 56
647 692 648 726
546 693 1072 598
726 693 546 725
493 546 1072 598
470 494 445 492
615 618 617 1050
263 645 618 496
645 618 496 497
615 618 497 616
497 24 495 496
365 616 497 495
497 618 637 645
18 25 17 286
812 179 813 173
617 593 616 1076
263 637 638 618
307 103 102 354
481 482 483 520
701 415 747 702
31 25 645 496
310 622 308 610
102 310 106 622
97 103 104 353
220 218 221 954
324 308 438 551
574 686 631 1048
845 8 984 920
471 472 387 504
553 614 555 556
620 63 671 717
901 1037 808 809
991 1026 1027 1006
889 887 821 886
397 157 155 156
1045 1058 1044 1074
774 772 245 250
1008 960 242 1009
1071 287 1056 995
636 213 290 288
855 945 802 644
870 639 641 943
212 287 289 211
696 694 695 733
115 437 114 112
76 79 80 77
726 725 157 81
654 81 80 77
863 288 932 1040
1071 1028 1020 287
877 1016 878 1017
275 279 268 278
980 956 920 988
411 430 408 918
654 81 77 725
652 83 800 728
370 367 521 369
652 83 85 800
981 985 988 920
546 1072 693 692
78 77 81 157
654 81 725 726
397 155 470 445
8 844 12 845
276 269 273 727
992 993 994 1052
57 119 923 56
653 656 655 689
744 340 339 745
647 648 655 726
39 895 56 1047
80 651 85 655
102 104 622 106
246 239 480 240
858 935 939 989
937 1019 939 935
731 1037 809 808
809 899 730 808
769 56 311 805
768 923 769 766
786 793 792 788
972 971 976 915
465 812 464 174
630 1047 39 572
769 311 923 768
228 978 226 233
594 666 596 595
39 274 38 311
158 159 82 635
771 167 837 869
635 83 84 79
764 1078 90 74
1014 1071 1028 1020
176 178 1023 177
720 775 906 54
947 928 952 875
685 719 345 682
868 913 153 742
838 247 249 248
564 164 679 160
471 505 504 351
50 41 714 34
75 71 716 72
513 574 631 1048
344 347 136 135
1022 1073 132 1023
552 504 1060 794
86 1078 74 90
720 175 178 721
764 709 90 1078
121 87 89 91
178 177 1079 1023
735 853 852 849
940 953 220 1029
310 622 610 1075
86 90 709 1078
331 257 333 189
661 334 658 664
256 180 258 170
661 333 658 334
1067 671 1068 1024
256 180 170 171
215 216 151 219
761 64 827 62
151 940 1029 153
150 940 151 153
1024 717 671 63
169 172 171 174
535 539 538 464
220 954 953 218
1074 1075 610 516
519 982 983 910
444 110 815 114
720 719 175 721
54 52 775 876
900 961 491 488
1035 1041 224 232
313 823 312 820
21 284 65 22
285 280 21 284
1041 593 591 1036
1 0 229 3
18 15 21 286
215 152 214 218
941 942 406 429
224 223 230 232
366 393 395 20
234 1035 232 1034
18 17 15 286
16 66 55 19
380 381 105 98
579 750 520 1054
873 782 875 874
747 414 416 28
873 876 875 928
579 646 667 1054
374 1003 338 358
397 206 209 398
563 565 566 568
681 682 685 345
880 881 913 477
912 571 743 880
453 837 835 161
475 880 511 477
509 969 970 1018
876 875 906 874
873 99 874 876
43 747 415 416
509 969 572 507
748 759 882 749
575 911 576 1004
881 1029 460 953
720 775 54 52
138 3 306 909
868 1029 153 913
117 666 595 665
776 650 778 777
944 596 666 595
469 446 607 468
30 27 28 414
589 607 590 468
444 437 112 114
1008 853 242 960
876 30 874 54
788 790 789 921
774 245 772 773
854 855 644 643
854 642 643 644
375 412 377 381
1074 605 708 610
1074 1075 605 610
605 308 310 551
1061 1062 927 925
399 437 445 444
442 111 112 116
397 445 398 155
617 1036 1076 1051
1036 1051 1001 1076
941 1001 1034 640
941 640 1034 942
5 252 251 98
1051 1042 640 1001
516 622 1075 610
1036 640 1001 1051
430 463 408 956
516 1075 515 1044
615 1076 617 616
1045 515 1075 1044
381 101 105 98
223 224 226 228
1046 1042 1051 1076
814 910 967 718
967 861 718 982
237 247 239 250
967 718 910 982
1008 1042 1009 1046
943 643 644 945
849 851 854 853
1008 1042 642 1009
111 983 756 109
751 111 502 116
751 116 983 111
751 755 756 983
107 112 111 116
753 891 754 755
366 19 20 17
870 869 429 167
921 855 945 789
16 19 22 66
855 802 945 789
855 643 945 644
870 801 943 641
84 79 82 635
21 285 284 23
518 517 814 812
756 910 982 977
547 598 1072 667
751 756 111 983
513 631 573 1048
86 1078 512 88
120 326 121 91
634 632 1004 576
479 458 88 512
756 891 977 755
1045 1075 1074 1044
756 977 982 755
1067 1068 1059 1024
828 894 892 833
924 926 859 706
516 106 622 105
967 706 718 861
967 982 977 861
904 894 1015 1012
226 233 978 608
476 475 508 511
365 24 366 20
379 1044 516 515
310 605 1075 610
487 469 589 486
516 106 105 515
24 20 496 26
39 56 895 311
527 528 638 530
31 496 645 263
523 583 580 582
1051 642 1042 1009
580 583 649 582
617 618 616 495
305 429 234 406
692 1072 693 646
917 918 920 956
987 1025 1053 1052
115 398 437 442
983 113 109 111
993 1053 1052 1070
474 478 878 955
499 970 1018 501
107 108 114 113
519 910 983 109
113 116 111 983
92 89 121 122
181 259 691 173
339 340 403 741
790 945 773 802
793 989 1019 792
941 406 942 1034
754 756 755 891
828 829 892 827
331 190 258 189
690 707 259 691
179 813 173 691
339 403 678 741
426 428 448 427
967 977 860 861
890 861 977 982
967 706 860 926
958 959 490 1005
890 891 977 824
814 813 718 691
825 859 860 861
488 490 961 491
361 395 362 364
686 1060 611 1048
553 555 613 672
573 673 512 1078
612 672 613 709
612 709 764 1078
774 795 250 245
790 945 789 921
488 489 1010 490
58 66 314 823
850 852 921 851
946 949 950 683
836 772 774 250
446 448 607 468
819 313 291 312
941 1034 234 406
835 837 167 161
901 808 1037 489
943 643 641 644
881 461 953 460
881 477 460 1029
1010 1005 490 489
924 903 859 926
764 711 763 712
764 75 712 763
430 980 956 917
411 6 7 918
375 381 380 412
388 707 181 259
411 253 918 408
1062 707 927 924
712 710 711 763
764 75 90 712
830 834 829 760
912 742 743 745
215 221 220 218
217 218 954 221
145 142 151 216
144 189 192 142
1057 1059 925 1058
997 359 360 1063
482 520 579 750
222 927 388 259
940 1029 881 953
472 317 794 552
483 746 750 482
52 54 29 30
367 370 1065 368
370 1077 525 521
30 874 54 27
874 27 30 99
614 711 613 1043
784 842 916 452
12 847 848 846
874 100 27 99
979 957 1007 1037
889 888 887 961
27 148 29 28
148 29 28 149
416 414 30 28
27 44 100 414
46 50 41 48
740 1064 998 811
566 567 568 907
342 1000 347 1023
129 2 136 133
680 346 679 345
487 545 543 544
163 165 348 160
306 229 225 606
909 607 609 590
484 883 957 466
337 1003 338 340
448 608 607 609
135 133 136 346
429 321 168 406
446 607 448 608
1022 1073 1079 1063
225 226 606 233
574 633 632 686
129 347 140 136
678 403 374 677
145 153 150 151
814 718 813 519
181 171 259 173
118 595 596 542
814 690 691 718
1003 403 374 338
510 572 37 508
707 924 926 927
975 670 974 669
547 601 549 599
56 38 57 119
169 180 179 173
661 334 699 335
443 871 444 494
909 606 306 609
135 343 140 134
772 836 771 835
162 161 835 167
304 2 1 139
906 876 775 928
771 835 837 167
722 724 782 723
929 951 952 687
27 54 29 147
271 52 175 53
54 52 876 30
698 738 739 147
347 132 1022 604
1022 678 604 1073
256 143 171 257
173 180 179 181
234 406 1034 232
141 214 222 216
592 1041 593 591
181 179 173 691
690 926 707 706
1062 925 1057 924
163 165 161 167
167 165 161 168
388 1062 707 927
168 161 167 869
771 943 801 773
872 590 777 650
1061 626 1057 925
223 227 228 233
406 168 429 942
475 881 477 461
1064 998 1079 1063
225 606 226 609
912 743 571 744
226 608 606 233
339 340 741 745
188 359 360 997
909 606 609 607
777 909 590 589
427 608 226 978
223 229 233 225
390 396 391 427
448 609 607 468
909 650 590 306
226 448 609 608
138 131 650 139
391 978 427 396
99 30 44 27
658 182 659 536
373 522 759 435
188 998 360 332
776 131 604 677
968 629 665 628
151 1029 940 220
259 254 181 388
153 150 192 142
191 153 192 742
881 460 477 461
534 741 340 745
339 403 374 678
1073 678 677 403
417 418 124 121
513 576 575 514
534 745 743 742
403 340 359 741
403 359 1063 741
247 457 240 455
1003 374 677 778
52 271 29 53
403 340 338 1003
1073 604 677 678
403 374 677 1003
2 138 139 129
237 249 245 240
237 239 238 250
997 403 359 1063
1064 1079 998 811
1059 859 924 903
347 342 135 344
707 926 924 706
1062 924 927 925
859 926 903 860
132 1073 604 677
1059 903 925 1058
924 926 925 903
639 942 641 640
870 942 429 869
943 643 639 641
129 130 136 2
639 1042 642 643
684 683 947 946
186 183 360 185
1 229 225 306
606 3 306 229
1064 177 1023 1079
346 134 322 323
814 518 910 519
1022 1023 1079 1073
1022 132 1073 604
519 113 109 983
519 910 718 982
1051 640 1042 642
1000 178 1079 1023
1064 1079 1023 1073
639 643 642 641
740 177 1064 811
997 999 1064 998
1008 642 1042 643
1064 811 177 1079
1064 1073 1063 1079
1046 1051 1042 1009
890 861 860 977
526 303 530 527
46 41 35 49
120 127 122 128
826 891 755 890
825 861 860 890
790 945 802 789
786 788 787 793
790 802 773 795
737 733 810 797
790 245 795 773
246 454 247 455
379 515 376 1044
40 72 70 603
413 221 954 432
46 33 34 50
381 101 106 105
46 48 49 33
327 32 831 931
5 93 10 252
5 98 94 93
425 958 959 884
97 105 98 104
307 310 622 308
105 515 381 379
21 15 282 286
248 772 250 245
430 462 956 980
513 631 514 512
553 555 672 554
401 402 420 400
13 848 847 796
611 673 631 1048
311 38 56 119
912 968 744 571
630 274 39 895
1047 1018 969 572
638 637 303 530
614 1043 613 555
711 613 712 612
895 500 807 1047
807 805 804 895
1047 500 1018 895
647 693 726 725
668 670 704 669
493 494 549 548
612 614 711 613
646 581 1072 1054
711 710 613 1043
645 263 618 637
24 25 26 496
580 646 692 693
646 1054 1072 667
228 226 978 427
287 1056 995 289
23 286 577 25
18 25 24 17
1071 287 1020 1056
894 1012 963 1015
261 263 31 645
1067 1058 1059 1068
106 104 97 102
612 712 764 709
553 611 672 673
573 673 631 512
764 90 709 712
701 702 747 704
543 1026 544 545
991 732 1006 1027
1026 544 1027 543
930 923 768 766
821 319 820 887
930 1027 1026 1039
16 58 60 55
864 805 862 803
397 155 398 154
615 637 618 638
76 80 83 85
83 84 85 800
497 24 496 645
850 787 789 921
708 440 619 441
1068 708 605 671
902 825 64 63
1067 708 1074 1068
708 619 671 717
849 854 960 853
611 1048 1060 554
573 673 672 1048
612 1078 673 709
696 694 733 853
425 450 449 959
877 509 879 507
501 1018 500 804
375 412 407 413
411 430 918 917
13 11 847 12
546 598 492 693
884 885 319 888
832 905 829 834
523 582 581 524
62 826 824 827
760 761 64 827
826 891 753 755
751 754 111 756
826 827 891 824
615 638 241 637
1046 244 1050 1009
67 70 69 71
1046 1050 615 1076
603 602 69 70
120 122 124 123
1075 622 106 310
516 1075 622 106
13 424 796 202
4 10 9 11
353 97 96 94
696 853 960 694
128 330 937 990
32 35 602 327
689 648 655 647
737 735 797 799
798 865 797 810
849 855 851 850
275 273 270 279
807 804 803 500
499 1018 969 500
630 1018 1047 572
37 39 572 630
630 895 1047 1018
1018 500 804 895
275 279 278 277
256 143 259 171
579 520 581 1054
580 581 692 646
336 661 335 331
646 598 667 1072
580 582 692 581
336 661 333 658
692 646 581 1072
262 527 263 303
