3 3
954
0.00490393 0.000975452 0
0.0046194 0.00191342 0
0.00415735 0.00277785 0
0.00353553 0.00353553 0
0.00277785 0.00415735 0
0.000975452 0.00490393 0
0 0.005 0
-0.000975452 0.00490393 0
-0.00191342 0.0046194 0
-0.00277785 0.00415735 0
-0.00415735 0.00277785 0
-0.0046194 0.00191342 0
-0.00490393 0.000975452 0
-0.005 0 0
-0.005 0 0.001
-0.005 0 0.003
-0.005 0 0.004
-0.005 0 0.006
-0.005 0 0.008
-0.005 0 0.009
-0.005 0 0.01
-0.005 0 0.011
-0.005 0 0.012
-0.005 0 0.014
-0.00490393 0.000975452 0.015
-0.00415735 0.00277785 0.015
-0.00191342 0.0046194 0.015
-0.000975452 0.00490393 0.015
0.000975452 0.00490393 0.015
0.00353553 0.00353553 0.015
0.00415735 0.00277785 0.015
0.0046194 0.00191342 0.015
0.00490393 0.000975452 0.015
0.005 0 0.014
0.005 0 0.013
0.005 0 0.012
0.005 0 0.01
0.005 0 0.009
0.005 0 0.008
0.005 0 0.007
0.005 0 0.005
0.005 0 0.003
0.005 0 0.002
0.00490393 0.000975452 0.001
0.0046194 0.00191342 0.001
0.00415735 0.00277785 0.001
0.00353553 0.00353553 0.001
0.00277785 0.00415735 0.001
0.00191342 0.0046194 0.001
0.000975452 0.00490393 0.001
0 0.005 0.001
-0.000975452 0.00490393 0.001
-0.00191342 0.0046194 0.001
-0.00277785 0.00415735 0.001
-0.00353553 0.00353553 0.001
-0.00415735 0.00277785 0.001
-0.0046194 0.00191342 0.001
-0.00490393 0.000975452 0.001
0.00490393 0.000975452 0.002
0.0046194 0.00191342 0.002
0.00415735 0.00277785 0.002
0.00353553 0.00353553 0.002
0.00277785 0.00415735 0.002
0.00191342 0.0046194 0.002
0.000975452 0.00490393 0.002
0 0.005 0.002
-0.000975452 0.00490393 0.002
-0.00191342 0.0046194 0.002
-0.00277785 0.00415735 0.002
-0.00353553 0.00353553 0.002
-0.00415735 0.00277785 0.002
-0.0046194 0.00191342 0.002
-0.00490393 0.000975452 0.002
0.00490393 0.000975452 0.003
0.0046194 0.00191342 0.003
0.00415735 0.00277785 0.003
0.00353553 0.00353553 0.003
0.00277785 0.00415735 0.003
0.00191342 0.0046194 0.003
0.000975452 0.00490393 0.003
0 0.005 0.003
-0.000975452 0.00490393 0.003
-0.00191342 0.0046194 0.003
-0.00277785 0.00415735 0.003
-0.00353553 0.00353553 0.003
-0.00415735 0.00277785 0.003
-0.0046194 0.00191342 0.003
-0.00490393 0.000975452 0.003
0.00490393 0.000975452 0.004
0.0046194 0.00191342 0.004
0.00415735 0.00277785 0.004
0.00353553 0.00353553 0.004
0.00277785 0.00415735 0.004
0.00191342 0.0046194 0.004
0.000975452 0.00490393 0.004
0 0.005 0.004
-0.000975452 0.00490393 0.004
-0.00191342 0.0046194 0.004
-0.00277785 0.00415735 0.004
-0.00353553 0.00353553 0.004
-0.00415735 0.00277785 0.004
-0.0046194 0.00191342 0.004
-0.00490393 0.000975452 0.004
0.00490393 0.000975452 0.005
0.0046194 0.00191342 0.005
0.00415735 0.00277785 0.005
0.00353553 0.00353553 0.005
0.00277785 0.00415735 0.005
0.00191342 0.0046194 0.005
0.000975452 0.00490393 0.005
0 0.005 0.005
-0.000975452 0.00490393 0.005
-0.00191342 0.0046194 0.005
-0.00277785 0.00415735 0.005
-0.00353553 0.00353553 0.005
-0.00415735 0.00277785 0.005
-0.0046194 0.00191342 0.005
-0.00490393 0.000975452 0.005
0.00490393 0.000975452 0.006
0.0046194 0.00191342 0.006
0.00415735 0.00277785 0.006
0.00353553 0.00353553 0.006
0.00277785 0.00415735 0.006
0.00191342 0.0046194 0.006
0.000975452 0.00490393 0.006
0 0.005 0.006
-0.000975452 0.00490393 0.006
-0.00191342 0.0046194 0.006
-0.00277785 0.00415735 0.006
-0.00353553 0.00353553 0.006
-0.00415735 0.00277785 0.006
-0.0046194 0.00191342 0.006
-0.00490393 0.000975452 0.006
0.00490393 0.000975452 0.007
0.0046194 0.00191342 0.007
0.00415735 0.00277785 0.007
0.00353553 0.00353553 0.007
0.00277785 0.00415735 0.007
0.00191342 0.0046194 0.007
0.000975452 0.00490393 0.007
0 0.005 0.007
-0.000975452 0.00490393 0.007
-0.00191342 0.0046194 0.007
-0.00277785 0.00415735 0.007
-0.00353553 0.00353553 0.007
-0.00415735 0.00277785 0.007
-0.0046194 0.00191342 0.007
-0.00490393 0.000975452 0.007
0.00490393 0.000975452 0.008
0.0046194 0.00191342 0.008
0.00415735 0.00277785 0.008
0.00353553 0.00353553 0.008
0.00277785 0.00415735 0.008
0.00191342 0.0046194 0.008
0.000975452 0.00490393 0.008
0 0.005 0.008
-0.000975452 0.00490393 0.008
-0.00191342 0.0046194 0.008
-0.00277785 0.00415735 0.008
-0.00353553 0.00353553 0.008
-0.00415735 0.00277785 0.008
-0.0046194 0.00191342 0.008
-0.00490393 0.000975452 0.008
0.00490393 0.000975452 0.009
0.0046194 0.00191342 0.009
0.00415735 0.00277785 0.009
0.00353553 0.00353553 0.009
0.00277785 0.00415735 0.009
0.00191342 0.0046194 0.009
0.000975452 0.00490393 0.009
0 0.005 0.009
-0.000975452 0.00490393 0.009
-0.00191342 0.0046194 0.009
-0.00277785 0.00415735 0.009
-0.00353553 0.00353553 0.009
-0.00415735 0.00277785 0.009
-0.0046194 0.00191342 0.009
-0.00490393 0.000975452 0.009
0.00490393 0.000975452 0.01
0.0046194 0.00191342 0.01
0.00415735 0.00277785 0.01
0.00353553 0.00353553 0.01
0.00277785 0.00415735 0.01
0.00191342 0.0046194 0.01
0.000975452 0.00490393 0.01
0 0.005 0.01
-0.000975452 0.00490393 0.01
-0.00191342 0.0046194 0.01
-0.00277785 0.00415735 0.01
-0.00353553 0.00353553 0.01
-0.00415735 0.00277785 0.01
-0.0046194 0.00191342 0.01
-0.00490393 0.000975452 0.01
0.00490393 0.000975452 0.011
0.0046194 0.00191342 0.011
0.00415735 0.00277785 0.011
0.00353553 0.00353553 0.011
0.00277785 0.00415735 0.011
0.00191342 0.0046194 0.011
0.000975452 0.00490393 0.011
0 0.005 0.011
-0.000975452 0.00490393 0.011
-0.00191342 0.0046194 0.011
-0.00277785 0.00415735 0.011
-0.00353553 0.00353553 0.011
-0.00415735 0.00277785 0.011
-0.0046194 0.00191342 0.011
-0.00490393 0.000975452 0.011
0.00490393 0.000975452 0.012
0.0046194 0.00191342 0.012
0.00415735 0.00277785 0.012
0.00353553 0.00353553 0.012
0.00277785 0.00415735 0.012
0.00191342 0.0046194 0.012
0.000975452 0.00490393 0.012
0 0.005 0.012
-0.000975452 0.00490393 0.012
-0.00191342 0.0046194 0.012
-0.00277785 0.00415735 0.012
-0.00353553 0.00353553 0.012
-0.00415735 0.00277785 0.012
-0.0046194 0.00191342 0.012
-0.00490393 0.000975452 0.012
0.00490393 0.000975452 0.013
0.0046194 0.00191342 0.013
0.00415735 0.00277785 0.013
0.00353553 0.00353553 0.013
0.00277785 0.00415735 0.013
0.00191342 0.0046194 0.013
0.000975452 0.00490393 0.013
0 0.005 0.013
-0.000975452 0.00490393 0.013
-0.00191342 0.0046194 0.013
-0.00277785 0.00415735 0.013
-0.00353553 0.00353553 0.013
-0.00415735 0.00277785 0.013
-0.0046194 0.00191342 0.013
-0.00490393 0.000975452 0.013
0.00490393 0.000975452 0.014
0.0046194 0.00191342 0.014
0.00415735 0.00277785 0.014
0.00353553 0.00353553 0.014
0.00277785 0.00415735 0.014
0.00191342 0.0046194 0.014
0.000975452 0.00490393 0.014
0 0.005 0.014
-0.000975452 0.00490393 0.014
-0.00191342 0.0046194 0.014
-0.00277785 0.00415735 0.014
-0.00353553 0.00353553 0.014
-0.00415735 0.00277785 0.014
-0.0046194 0.00191342 0.014
-0.00490393 0.000975452 0.014
-0.0046194 -0.00191342 0.015
-0.00415735 -0.00277785 0.015
-0.00353553 -0.00353553 0.015
-0.000975452 -0.00490393 0.015
0.000975452 -0.00490393 0.015
0.00191342 -0.0046194 0.015
0.00277785 -0.00415735 0.015
0.00353553 -0.00353553 0.015
0.00490393 -0.000975452 0.015
0.005 0 0.015
0.00277785 0.00415735 0.015
0.00191342 0.0046194 0.015
0 0.005 0.015
-0.00277785 0.00415735 0.015
-0.00353553 0.00353553 0.015
-0.0046194 0.00191342 0.015
0.00403894 0.000806471 0.015
0.00292038 0.000588591 0.015
0.00195585 0.000393658 0.015
0.000980785 0.00019509 0.015
0 0 0.015
-0.000980785 -0.00019509 0.015
-0.00195585 -0.000393658 0.015
-0.00292038 -0.000588591 0.015
-0.00403894 -0.000806471 0.015
-0.00129859 -0.00110548 0.015
-0.000641319 -0.00181731 0.015
6.89134e-06 -0.00252715 0.015
0.000646045 -0.003235 0.015
0.00126934 -0.00394981 0.015
0.00155496 -0.00303546 0.015
0.00189131 -0.00214988 0.015
0.00224833 -0.00125021 0.015
0.00259293 -0.000336027 0.015
0.000956709 -0.0023097 0.015
0.000310877 -0.00160483 0.015
-0.000334954 -0.00089996 0.015
0.00129166 -0.00140974 0.015
0.000645831 -0.00070487 0.015
0.00162662 -0.000509779 0.015
0.00278454 -0.00201821 0.015
0.00367278 -0.00194591 0.015
0.00317427 -0.00112664 0.015
0.00361965 -0.000182358 0.015
0.00416723 -0.00102276 0.015
0.00332856 -0.00264889 0.015
0.00254062 -0.0028775 0.015
0.00224832 -0.00369074 0.015
-0.000898898 -0.00274766 0.015
-0.00175732 -0.00296974 0.015
-0.00262664 -0.00322202 0.015
-0.000257779 -0.00343985 0.015
0.000342993 -0.00413807 0.015
-0.00203802 -0.00374456 0.015
-0.0012081 -0.00367035 0.015
-0.000646123 -0.00430629 0.015
-0.00225078 -0.00131796 0.015
-0.00157064 -0.0020437 0.015
-0.00326119 -0.00156489 0.015
-0.00246938 -0.00228307 0.015
-0.00344548 -0.00255086 0.015
-0.00126934 0.00394981 0.015
-0.000646045 0.003235 0.015
-6.89134e-06 0.00252715 0.015
0.000641319 0.00181731 0.015
0.00129859 0.00110548 0.015
0.000898898 0.00274766 0.015
0.00175732 0.00296974 0.015
0.00262664 0.00322202 0.015
0.000257779 0.00343985 0.015
-0.000342993 0.00413807 0.015
0.00203802 0.00374456 0.015
0.0012081 0.00367035 0.015
0.000646123 0.00430629 0.015
0.00157064 0.0020437 0.015
0.00225078 0.00131796 0.015
0.00246938 0.00228307 0.015
0.00326119 0.00156489 0.015
0.00344548 0.00255086 0.015
-0.00155496 0.00303546 0.015
-0.00189131 0.00214988 0.015
-0.00224833 0.00125021 0.015
-0.00259293 0.000336027 0.015
-0.00129166 0.00140974 0.015
-0.000645831 0.00070487 0.015
-0.000310877 0.00160483 0.015
-0.000956709 0.0023097 0.015
0.000334954 0.00089996 0.015
-0.00162662 0.000509779 0.015
-0.00367278 0.00194591 0.015
-0.00278454 0.00201821 0.015
-0.00332856 0.00264889 0.015
-0.00254062 0.0028775 0.015
-0.00224832 0.00369074 0.015
-0.00317427 0.00112664 0.015
-0.00361965 0.000182358 0.015
-0.00416723 0.00102276 0.015
-0.00353553 0.00353553 0
0.00191342 0.0046194 0
0.005 0 0
0.00490393 -0.000975452 0
0.00191342 -0.0046194 0
-0.00191342 -0.0046194 0
-0.00277785 -0.00415735 0
-0.00353553 -0.00353553 0
-0.00415735 -0.00277785 0
-0.00490393 -0.000975452 0
0.00403894 -0.000806471 0
0.00292038 -0.000588591 0
0.00195585 -0.000393658 0
0.000980785 -0.00019509 0
0 0 0
-0.000980785 0.00019509 0
-0.00195585 0.000393658 0
-0.00292038 0.000588591 0
-0.00403894 0.000806471 0
-0.00129859 0.00110548 0
-0.000641319 0.00181731 0
6.89134e-06 0.00252715 0
0.000646045 0.003235 0
0.00126934 0.00394981 0
0.00155496 0.00303546 0
0.00189131 0.00214988 0
0.00224833 0.00125021 0
0.00259293 0.000336027 0
0.000956709 0.0023097 0
0.000310877 0.00160483 0
-0.000334954 0.00089996 0
0.00129166 0.00140974 0
0.000645831 0.00070487 0
0.00162662 0.000509779 0
0.00278454 0.00201821 0
0.00367278 0.00194591 0
0.00317427 0.00112664 0
0.00361965 0.000182358 0
0.00416723 0.00102276 0
0.00332856 0.00264889 0
0.00254062 0.0028775 0
0.00224832 0.00369074 0
-0.000898898 0.00274766 0
-0.00175732 0.00296974 0
-0.00262664 0.00322202 0
-0.000257779 0.00343985 0
0.000342993 0.00413807 0
-0.00203802 0.00374456 0
-0.0012081 0.00367035 0
-0.000646123 0.00430629 0
-0.00225078 0.00131796 0
-0.00157064 0.0020437 0
-0.00326119 0.00156489 0
-0.00246938 0.00228307 0
-0.00344548 0.00255086 0
-0.00126934 -0.00394981 0
-0.000646045 -0.003235 0
-6.89134e-06 -0.00252715 0
0.000641319 -0.00181731 0
0.00129859 -0.00110548 0
0.000898898 -0.00274766 0
0.00175732 -0.00296974 0
0.00262664 -0.00322202 0
0.000257779 -0.00343985 0
-0.000342993 -0.00413807 0
0.00203802 -0.00374456 0
0.0012081 -0.00367035 0
0.000646123 -0.00430629 0
0.00157064 -0.0020437 0
0.00225078 -0.00131796 0
0.00246938 -0.00228307 0
0.00326119 -0.00156489 0
0.00344548 -0.00255086 0
-0.00155496 -0.00303546 0
-0.00189131 -0.00214988 0
-0.00224833 -0.00125021 0
-0.00259293 -0.000336027 0
-0.00129166 -0.00140974 0
-0.000645831 -0.00070487 0
-0.000310877 -0.00160483 0
-0.000956709 -0.0023097 0
0.000334954 -0.00089996 0
-0.00162662 -0.000509779 0
-0.00367278 -0.00194591 0
-0.00278454 -0.00201821 0
-0.00332856 -0.00264889 0
-0.00254062 -0.0028775 0
-0.00224832 -0.00369074 0
-0.00317427 -0.00112664 0
-0.00361965 -0.000182358 0
-0.00416723 -0.00102276 0
-0.005 0 0.015
-0.005 0 0.013
-0.005 0 0.007
-0.005 0 0.005
-0.005 0 0.002
-0.0046194 -0.00191342 0
-0.000975452 -0.00490393 0
0 -0.005 0
0.000975452 -0.00490393 0
0.00277785 -0.00415735 0
0.00353553 -0.00353553 0
0.00415735 -0.00277785 0
0.0046194 -0.00191342 0
0.005 0 0.001
0.005 0 0.004
0.005 0 0.006
0.005 0 0.011
0.0046194 -0.00191342 0.015
0.00415735 -0.00277785 0.015
0 -0.005 0.015
-0.00191342 -0.0046194 0.015
-0.00277785 -0.00415735 0.015
-0.00490393 -0.000975452 0.015
-0.00490393 -0.000975452 0.014
-0.00490393 -0.000975452 0.013
-0.00490393 -0.000975452 0.012
-0.00490393 -0.000975452 0.011
-0.00490393 -0.000975452 0.01
-0.00490393 -0.000975452 0.009
-0.00490393 -0.000975452 0.008
-0.00490393 -0.000975452 0.007
-0.00490393 -0.000975452 0.006
-0.00490393 -0.000975452 0.005
-0.00490393 -0.000975452 0.004
-0.00490393 -0.000975452 0.003
-0.00490393 -0.000975452 0.002
-0.00490393 -0.000975452 0.001
-0.0046194 -0.00191342 0.014
-0.0046194 -0.00191342 0.013
-0.0046194 -0.00191342 0.012
-0.0046194 -0.00191342 0.011
-0.0046194 -0.00191342 0.01
-0.0046194 -0.00191342 0.009
-0.0046194 -0.00191342 0.008
-0.0046194 -0.00191342 0.007
-0.0046194 -0.00191342 0.006
-0.0046194 -0.00191342 0.005
-0.0046194 -0.00191342 0.004
-0.0046194 -0.00191342 0.003
-0.0046194 -0.00191342 0.002
-0.0046194 -0.00191342 0.001
-0.00415735 -0.00277785 0.014
-0.00415735 -0.00277785 0.013
-0.00415735 -0.00277785 0.012
-0.00415735 -0.00277785 0.011
-0.00415735 -0.00277785 0.01
-0.00415735 -0.00277785 0.009
-0.00415735 -0.00277785 0.008
-0.00415735 -0.00277785 0.007
-0.00415735 -0.00277785 0.006
-0.00415735 -0.00277785 0.005
-0.00415735 -0.00277785 0.004
-0.00415735 -0.00277785 0.003
-0.00415735 -0.00277785 0.002
-0.00415735 -0.00277785 0.001
-0.00353553 -0.00353553 0.014
-0.00353553 -0.00353553 0.013
-0.00353553 -0.00353553 0.012
-0.00353553 -0.00353553 0.011
-0.00353553 -0.00353553 0.01
-0.00353553 -0.00353553 0.009
-0.00353553 -0.00353553 0.008
-0.00353553 -0.00353553 0.007
-0.00353553 -0.00353553 0.006
-0.00353553 -0.00353553 0.005
-0.00353553 -0.00353553 0.004
-0.00353553 -0.00353553 0.003
-0.00353553 -0.00353553 0.002
-0.00353553 -0.00353553 0.001
-0.00277785 -0.00415735 0.014
-0.00277785 -0.00415735 0.013
-0.00277785 -0.00415735 0.012
-0.00277785 -0.00415735 0.011
-0.00277785 -0.00415735 0.01
-0.00277785 -0.00415735 0.009
-0.00277785 -0.00415735 0.008
-0.00277785 -0.00415735 0.007
-0.00277785 -0.00415735 0.006
-0.00277785 -0.00415735 0.005
-0.00277785 -0.00415735 0.004
-0.00277785 -0.00415735 0.003
-0.00277785 -0.00415735 0.002
-0.00277785 -0.00415735 0.001
-0.00191342 -0.0046194 0.014
-0.00191342 -0.0046194 0.013
-0.00191342 -0.0046194 0.012
-0.00191342 -0.0046194 0.011
-0.00191342 -0.0046194 0.01
-0.00191342 -0.0046194 0.009
-0.00191342 -0.0046194 0.008
-0.00191342 -0.0046194 0.007
-0.00191342 -0.0046194 0.006
-0.00191342 -0.0046194 0.005
-0.00191342 -0.0046194 0.004
-0.00191342 -0.0046194 0.003
-0.00191342 -0.0046194 0.002
-0.00191342 -0.0046194 0.001
-0.000975452 -0.00490393 0.014
-0.000975452 -0.00490393 0.013
-0.000975452 -0.00490393 0.012
-0.000975452 -0.00490393 0.011
-0.000975452 -0.00490393 0.01
-0.000975452 -0.00490393 0.009
-0.000975452 -0.00490393 0.008
-0.000975452 -0.00490393 0.007
-0.000975452 -0.00490393 0.006
-0.000975452 -0.00490393 0.005
-0.000975452 -0.00490393 0.004
-0.000975452 -0.00490393 0.003
-0.000975452 -0.00490393 0.002
-0.000975452 -0.00490393 0.001
0 -0.005 0.014
0 -0.005 0.013
0 -0.005 0.012
0 -0.005 0.011
0 -0.005 0.01
0 -0.005 0.009
0 -0.005 0.008
0 -0.005 0.007
0 -0.005 0.006
0 -0.005 0.005
0 -0.005 0.004
0 -0.005 0.003
0 -0.005 0.002
0 -0.005 0.001
0.000975452 -0.00490393 0.014
0.000975452 -0.00490393 0.013
0.000975452 -0.00490393 0.012
0.000975452 -0.00490393 0.011
0.000975452 -0.00490393 0.01
0.000975452 -0.00490393 0.009
0.000975452 -0.00490393 0.008
0.000975452 -0.00490393 0.007
0.000975452 -0.00490393 0.006
0.000975452 -0.00490393 0.005
0.000975452 -0.00490393 0.004
0.000975452 -0.00490393 0.003
0.000975452 -0.00490393 0.002
0.000975452 -0.00490393 0.001
0.00191342 -0.0046194 0.014
0.00191342 -0.0046194 0.013
0.00191342 -0.0046194 0.012
0.00191342 -0.0046194 0.011
0.00191342 -0.0046194 0.01
0.00191342 -0.0046194 0.009
0.00191342 -0.0046194 0.008
0.00191342 -0.0046194 0.007
0.00191342 -0.0046194 0.006
0.00191342 -0.0046194 0.005
0.00191342 -0.0046194 0.004
0.00191342 -0.0046194 0.003
0.00191342 -0.0046194 0.002
0.00191342 -0.0046194 0.001
0.00277785 -0.00415735 0.014
0.00277785 -0.00415735 0.013
0.00277785 -0.00415735 0.012
0.00277785 -0.00415735 0.011
0.00277785 -0.00415735 0.01
0.00277785 -0.00415735 0.009
0.00277785 -0.00415735 0.008
0.00277785 -0.00415735 0.007
0.00277785 -0.00415735 0.006
0.00277785 -0.00415735 0.005
0.00277785 -0.00415735 0.004
0.00277785 -0.00415735 0.003
0.00277785 -0.00415735 0.002
0.00277785 -0.00415735 0.001
0.00353553 -0.00353553 0.014
0.00353553 -0.00353553 0.013
0.00353553 -0.00353553 0.012
0.00353553 -0.00353553 0.011
0.00353553 -0.00353553 0.01
0.00353553 -0.00353553 0.009
0.00353553 -0.00353553 0.008
0.00353553 -0.00353553 0.007
0.00353553 -0.00353553 0.006
0.00353553 -0.00353553 0.005
0.00353553 -0.00353553 0.004
0.00353553 -0.00353553 0.003
0.00353553 -0.00353553 0.002
0.00353553 -0.00353553 0.001
0.00415735 -0.00277785 0.014
0.00415735 -0.00277785 0.013
0.00415735 -0.00277785 0.012
0.00415735 -0.00277785 0.011
0.00415735 -0.00277785 0.01
0.00415735 -0.00277785 0.009
0.00415735 -0.00277785 0.008
0.00415735 -0.00277785 0.007
0.00415735 -0.00277785 0.006
0.00415735 -0.00277785 0.005
0.00415735 -0.00277785 0.004
0.00415735 -0.00277785 0.003
0.00415735 -0.00277785 0.002
0.00415735 -0.00277785 0.001
0.0046194 -0.00191342 0.014
0.0046194 -0.00191342 0.013
0.0046194 -0.00191342 0.012
0.0046194 -0.00191342 0.011
0.0046194 -0.00191342 0.01
0.0046194 -0.00191342 0.009
0.0046194 -0.00191342 0.008
0.0046194 -0.00191342 0.007
0.0046194 -0.00191342 0.006
0.0046194 -0.00191342 0.005
0.0046194 -0.00191342 0.004
0.0046194 -0.00191342 0.003
0.0046194 -0.00191342 0.002
0.0046194 -0.00191342 0.001
0.00490393 -0.000975452 0.014
0.00490393 -0.000975452 0.013
0.00490393 -0.000975452 0.012
0.00490393 -0.000975452 0.011
0.00490393 -0.000975452 0.01
0.00490393 -0.000975452 0.009
0.00490393 -0.000975452 0.008
0.00490393 -0.000975452 0.007
0.00490393 -0.000975452 0.006
0.00490393 -0.000975452 0.005
0.00490393 -0.000975452 0.004
0.00490393 -0.000975452 0.003
0.00490393 -0.000975452 0.002
0.00490393 -0.000975452 0.001
-0.00233374 0.000432858 0.0114404
-0.00350501 0.00142687 0.0102051
-0.00375265 0.000300911 0.0110426
-0.00370442 0.00138354 0.0120056
-0.00102619 0.00155737 0.0114681
-0.0010024 0.000313901 0.0121221
-0.000677084 0.000211938 0.0106223
-0.00176029 -0.000698959 0.0114385
-0.00239757 0.000852965 0.00937955
0.00201298 0.00138608 0.00564087
-0.000377021 0.00117622 0.00503953
0.00244445 0.00151512 0.00418547
0.000677084 0.000211938 0.00437774
-0.00285253 -0.000833773 0.0108026
-0.00341528 -0.00067257 0.0116209
0.000154159 -0.00129518 0.00503953
0.00207291 -0.000260572 0.00464158
0.00240955 -0.000975829 0.00569721
0.0013842 -0.0013871 0.00368
0.00375949 0.000718854 0.00492881
0.00244254 0.000506178 0.00573496
0.00270051 -0.00107707 0.00333705
0.00191217 0.000377277 0.00350708
0.00347114 7.51523e-05 0.00385844
0.000358159 0.000132086 0.00589601
-0.0018718 0.00311751 0.0135775
-0.00275221 0.00242234 0.0141047
-0.000750395 0.00297724 0.0139812
-0.000905724 0.00377875 0.0129579
-0.00207344 0.00213762 0.0130289
-0.00143969 0.00145958 0.0140202
0.000168239 0.00294164 0.0130077
-0.00155154 -0.00252213 0.0130077
0.00151658 -0.00368403 0.00299395
8.4241e-05 -0.00396904 0.00299395
0.000958367 -0.00366089 0.00414075
-4.66677e-05 -0.0038722 0.00490611
0.00269598 -0.00264594 0.00482417
0.00119997 -0.00226372 0.00298743
-7.026e-05 -0.00285268 0.00417233
-0.003494 -0.0018654 0.00153024
-0.00270475 -0.00240022 0.000977991
-0.00176393 -0.0018383 0.00567939
-0.0010915 -0.00166982 0.00358921
-0.00230856 -0.000965039 0.0056305
-0.000714969 -0.00022464 0.00441222
-0.00280946 -0.000856033 0.00197805
-0.00369381 -0.00138066 0.00302666
0.00289308 0.00269596 0.0120056
0.0025159 -0.00306551 0.00148878
0.00225314 -0.00185889 0.00199229
0.00153973 -0.00326904 0.000923549
0.00289308 -0.00269596 0.00299444
0.000771279 0.00155737 0.0114681
0.000154159 0.00129518 0.00996047
-6.38484e-05 0.00286784 0.0108145
0.00105289 0.000896062 0.0135802
0.000669801 0.00234782 0.0120638
-0.000191545 0.000989286 0.0121231
0.00187782 0.00213419 0.0120444
0.00173168 0.00212399 0.0108145
0.00197299 -0.00238958 0.0140084
0.00287415 -0.00220508 0.0140303
0.00151901 -0.0012204 0.0140055
0.00247458 -0.00171058 0.01299
-0.00113021 0.002452 0.00800565
-0.00234254 0.00300792 0.00809717
-0.00180507 0.00292547 0.00643462
-0.00192653 0.00158368 0.00812472
-0.00181859 0.00181859 0.00930014
-0.00175594 -0.00240326 0.0108889
-0.00218068 -0.00315456 0.0101071
-0.000807209 -0.00230315 0.0120624
-0.000901055 -0.00387286 0.0119657
-0.00258039 -0.00155741 0.0130737
-0.00219237 -0.00147547 0.00938579
-0.000377021 -0.0011767 0.00996047
-0.0014287 -0.00213856 0.00930014
-0.000742147 -0.00373064 0.0101625
-0.000431402 -0.0028188 0.0108145
-0.000120171 -0.00190501 0.0114681
-0.00304676 -0.00120133 0.00431853
-0.00107717 -0.000402624 0.00280996
-0.00281542 0.00041913 0.00418647
-0.0019069 -0.00219722 0.00405379
-0.00154257 -0.00365227 0.00302629
-0.000216832 -0.00105864 0.00288004
-0.00131919 -0.00271655 0.00192351
-0.000124542 -0.00193365 0.00348123
-0.00205442 -0.00212094 0.00201308
-0.000499377 0.00120438 0.00841257
-0.00100615 0.00245045 0.00930871
0.000176105 0.00254747 0.00813952
0.000479686 0.00372297 0.00816226
-0.00251592 0.000222297 0.00688144
-0.00204355 0.00158837 0.00692434
-0.00127915 0.00025418 0.00658694
-0.00252262 -0.000167268 0.00809988
-0.00127915 -0.000254665 0.00841257
-0.00361702 0.000979575 0.00817077
-0.00327763 0.0018919 0.00864223
-0.00346614 0.00180089 0.0135124
-0.00277958 0.000849007 0.0130998
-0.0037686 -0.000735751 0.0101243
0.000998024 -0.0036776 0.00635601
0.000867455 -0.00172979 0.0113329
-0.000193973 -0.00316984 0.0120701
0.00164752 -0.00182081 0.0120604
0.0007135 -0.00359323 0.012006
0.00224198 -0.00328928 0.0120056
0.000362455 -0.00250854 0.0130077
0.000767455 -0.0037474 0.0100988
0.00209102 -0.00310285 0.010242
0.000589202 -0.00372918 0.0130038
0.00381203 -0.0010398 0.0029368
0.00391806 -0.000292537 0.00149704
0.00105289 -0.000896062 0.00141984
0.00312875 -0.00206495 0.0101687
0.0027835 -0.00063596 0.0108448
0.000191545 -0.000989286 0.0121231
0.00101805 -0.000307443 0.0121214
0.000501805 -0.00252262 0.00930014
0.00141037 -0.00209188 0.00925591
-0.000252238 0.00130149 0.0135821
-0.00180111 -0.00314994 0.0140307
-0.000195222 -0.00357443 0.0140221
-0.00335232 0.0021005 0.00303637
-0.00170962 0.00214113 0.00320927
-0.00143636 0.00245517 0.00422007
-0.00151675 0.000673124 0.00396072
-0.00213856 0.0014287 0.00569938
-0.000374066 0.00276607 0.00411581
-0.00057852 0.00171517 0.00353145
-0.00083894 0.00385451 0.0030128
-0.0014287 0.00213807 0.00569938
-0.000775078 0.00378225 0.00492232
-0.00280909 0.00282414 0.0120056
-0.00157014 0.00359938 0.0120035
8.4241e-05 0.00396904 0.012006
-0.0025117 -0.000486395 0.00933258
-0.00381023 -0.000263651 0.0081381
-0.00339416 0.0016739 0.00635777
-0.00376431 0.000250883 0.00689561
-0.00047589 -0.00365012 0.00685942
0.000296059 -0.00375724 0.00807319
0.000199989 -0.00260436 0.00688487
-2.4277e-07 -0.00257214 0.00569938
0.000334294 0.00253864 0.00689963
0.000239466 0.00379465 0.00630048
-0.000254665 0.00127867 0.00658694
0.00208963 0.00307738 0.00754941
0.000921796 0.000921796 0.00841257
0.00101031 0.00240747 0.00926691
-0.00268964 0.00268964 0.0101625
-0.00191327 0.0015797 0.0120633
0.00117282 -0.00325287 0.0140118
0.000154159 -0.00260079 0.0140074
0.00247282 -0.000494302 0.0120638
0.00130385 0.000526812 0.0113774
0.002879 0.00165884 0.0115958
0.00293484 -0.000388189 0.0130077
0.00279306 0.00105095 0.0130077
0.00131897 -0.000413437 0.0135816
0.00327472 -0.00225654 0.0120056
0.000501805 0.00252213 0.00569938
0.00107931 0.000713289 0.00664696
0.00137383 0.00126604 0.00353242
0.00240123 0.00240123 0.00851939
0.0024567 0.00107537 0.00809644
0.00242825 0.000932842 0.00932109
0.00181859 0.00181859 0.00930014
0.00212651 0.0013547 0.00690566
0.00280334 0.00249302 0.00634205
0.00252213 0.000167268 0.00689963
0.00340548 0.00166891 0.00636593
-0.0022177 -0.00128061 0.00809988
-0.00358352 -0.00121603 0.00864223
-0.00168846 -0.00192541 0.00689963
-0.00155882 -0.00203174 0.00809988
-0.00237899 -0.00109746 0.00692339
-0.00282414 -0.0024629 0.00817077
0.00249439 -0.00286633 0.00822581
0.00287574 -0.00185263 0.00846185
0.00247309 -0.0023683 0.00649378
0.00165336 -0.00343054 0.00867795
0.00117245 -0.00235685 0.00694009
0.00156071 -0.00194754 0.00804161
-0.00129955 -0.00313731 0.00648012
-0.00166661 -0.00335629 0.00817077
0.00170788 0.00242454 0.00199277
0.000252238 0.00130149 0.00141789
0.00102716 0.000332016 0.00278286
0.000191545 0.000989286 0.00287645
0.000327107 -0.00255014 0.00809365
0.000983945 -0.00237599 0.00569938
0.000758177 -0.000725517 0.00293872
0.00114475 -0.00277484 0.00199828
0.000124763 -0.00295414 0.00186854
-0.000253433 -0.00130541 0.00140998
0.00025418 -0.00127915 0.00841257
0.00130555 -0.00028197 0.00837261
0.000921796 -0.000922282 0.00658694
-2.4277e-07 -2.4277e-07 0.00749976
-0.00131897 0.000413437 0.0135816
-0.000975037 -0.00241023 0.00559722
-0.00300185 -0.00230413 0.00635777
-0.000499377 -0.00120487 0.00658694
-0.003627 -0.000928432 0.00635211
-0.00373064 0.000742147 0.00483706
-0.00368398 -0.000989215 0.00528516
-0.00247794 0.000483026 0.0056966
0.00376126 0.000269584 0.00685036
0.00251601 -0.000287713 0.0080915
0.00243739 -0.00113 0.00692357
0.00377437 -0.000274874 0.00815492
-0.00267461 -0.00273755 0.00483917
-0.00381077 -0.0002736 0.00388191
5.07806e-05 0.00255337 0.00924679
0.00145446 0.00353458 0.0101485
-2.4277e-07 0.00380396 0.0101625
0.000853821 0.00247601 0.000992076
0.00148793 0.00318926 0.000993533
-0.000184751 0.0035279 0.00102344
0.000161197 0.00398195 0.00196046
0.00134227 0.00366218 0.00199617
0.000483438 0.00319559 0.00254497
0.00224198 0.00328928 0.00299444
0.00371704 0.000379934 0.0110903
0.00391757 -0.000680969 0.0120056
0.0039028 0.000255439 0.0135211
0.00351409 0.0014554 0.0101625
-0.00280909 -0.00282414 0.00299444
0.00121313 0.00364177 0.00629514
-0.000579506 0.00289192 0.00192687
-0.00158118 0.00247195 0.00200007
-0.00194823 0.000929565 0.00276964
0.00373064 -0.000742147 0.0101625
0.00131897 0.000413437 0.00141838
0.00239492 0.0017375 0.00199277
-0.0028455 0.00249494 0.00635777
0.00181859 -0.00181859 0.00569938
-0.00220367 0.00311961 0.00487382
0.00250805 -0.000502561 0.00931998
0.00209219 -0.00136311 0.00934648
-0.00335872 -0.00212836 0.0120056
-0.00146773 0.00355822 0.0102046
-0.00297335 -0.000594715 0.0130921
-2.4277e-07 -2.4277e-07 0.00141887
-0.00131897 -0.000413437 0.00141838
0.000252238 -0.00130149 0.0135821
-0.00138325 -0.00141918 0.00099956
0.000366191 -0.000125051 0.00913361
0.000690493 -0.000237119 0.0106175
0.00287415 0.00220508 0.000969742
0.00268964 0.00268964 0.0101625
0.0015637 0.00326422 0.0140596
-0.00183253 0.00319518 0.00100409
0.00251485 0.00300622 0.013503
0.00225314 0.00185889 0.0130077
-0.000245926 -0.00372773 0.00914816
0.00279306 -0.00105095 0.00199229
-0.00216332 0.00333832 0.00299395
0.000742147 0.00373064 0.00483706
0.00391757 0.000680969 0.00299444
-0.000653778 -0.00289406 0.0130077
-0.000799926 -0.000680969 0.0121201
0.00327472 0.00225654 0.00299444
-2.4277e-07 -2.4277e-07 0.0121216
-0.00299134 0.000554785 0.00197739
0.00217137 0.0031903 0.00493186
0.00151658 0.00368403 0.012006
0.00293484 0.000388189 0.00199229
0.00113601 0.00266586 0.0131033
-0.00105289 0.000896062 0.00141984
-0.00259048 0.00156348 0.00188036
0.00316256 0.00211331 0.00483706
0.00151901 0.0012204 0.000994504
-0.00105289 -0.000896062 0.0135802
-2.4277e-07 -2.4277e-07 0.0135811
-2.4277e-07 -2.4277e-07 0.0028784
3508
674 675 676 677
674 678 679 680
674 680 681 682
683 684 685 686
674 676 687 688
689 690 691 692
690 693 685 694
685 694 686 690
683 685 694 686
690 695 696 697
690 697 693 691
690 698 689 691
690 698 691 694
249 699 346 700
699 247 314 701
699 247 702 232
699 700 703 704
701 702 703 699
705 701 702 703
699 332 700 333
522 706 508 507
586 707 708 709
572 710 586 708
710 586 708 709
709 710 586 585
709 614 707 711
709 712 708 713
714 440 433 491
714 715 505 433
716 717 718 719
438 715 720 714
714 519 504 505
714 476 720 477
714 721 720 476
722 212 227 211
723 724 421 420
723 631 412 422
723 617 725 412
418 725 420 724
725 420 724 723
617 603 616 723
723 644 724 726
723 724 644 645
709 600 599 586
727 728 680 678
727 729 728 678
727 730 731 732
727 733 731 730
727 734 728 729
727 731 733 734
299 604 735 736
736 735 737 738
736 619 735 738
736 735 299 293
736 294 298 632
739 740 142 741
739 742 743 740
744 745 509 495
744 746 706 747
744 681 748 706
744 749 750 751
744 749 687 681
744 752 753 747
744 750 681 754
681 746 706 744
744 753 752 751
744 746 753 754
755 719 756 757
717 758 759 713
717 689 760 719
717 720 755 756
717 758 761 759
762 717 689 760
717 763 758 720
717 760 762 761
764 739 765 766
739 767 171 765
742 768 769 770
742 682 771 772
739 765 740 743
742 773 769 768
742 769 774 740
742 774 773 682
699 314 247 346
775 704 776 703
343 700 347 342
777 19 468 20
700 250 775 342
775 249 235 250
700 346 332 699
345 700 346 332
234 249 235 775
699 703 700 234
778 599 598 584
754 779 780 753
781 782 783 784
782 565 753 785
782 783 592 593
782 783 593 786
782 784 780 787
782 779 781 786
788 697 695 656
788 658 789 672
753 779 750 754
790 431 409 408
786 782 783 781
779 781 791 792
782 784 779 780
779 781 786 791
779 781 793 784
779 793 781 794
779 795 750 796
750 779 793 754
247 702 701 699
699 700 249 234
316 797 339 701
798 302 307 301
701 702 245 705
701 316 705 322
799 549 563 548
800 801 802 757
802 803 804 757
802 805 684 806
802 805 801 807
802 808 805 809
699 701 314 332
699 703 810 811
699 700 704 333
702 705 230 245
699 702 703 811
702 230 705 812
702 216 812 811
702 811 217 216
702 811 232 217
773 813 814 771
742 682 773 771
146 147 815 773
773 176 774 161
773 147 816 162
778 817 570 569
778 817 710 570
778 569 818 817
583 778 569 818
778 817 819 820
821 767 739 766
739 141 741 142
739 767 822 141
739 766 823 821
766 824 825 821
766 823 821 825
766 767 826 824
676 207 675 192
674 676 675 687
674 827 678 743
743 674 680 678
674 776 828 677
693 40 455 103
222 677 22 207
677 22 207 676
676 22 688 677
748 492 478 479
207 675 677 676
829 735 300 604
829 590 300 282
707 602 601 588
829 830 281 287
829 784 783 787
829 830 287 735
787 784 799 829
775 703 677 810
700 775 234 703
775 347 342 349
700 343 344 342
775 776 252 237
775 776 237 677
831 832 833 792
831 834 835 836
33 32 269 262
831 837 781 792
831 836 781 738
684 686 683 698
823 838 839 698
684 698 823 770
684 806 719 803
802 808 684 805
684 686 806 840
717 761 763 760
841 842 843 844
845 839 821 838
845 824 841 846
845 847 839 694
845 848 846 841
849 850 813 771
849 851 772 852
785 580 595 594
771 850 853 849
849 854 851 852
855 856 637 638
855 791 623 637
855 856 639 857
855 796 858 786
855 859 858 860
818 582 583 597
857 856 860 855
855 858 796 860
817 861 710 556
817 861 541 862
817 862 554 818
818 569 554 817
863 864 865 866
568 818 569 554
817 852 862 867
817 818 819 867
858 597 818 778
778 819 817 818
709 585 778 710
709 713 868 692
695 712 711 692
695 712 869 724
712 708 713 762
709 708 712 707
712 870 871 872
798 303 302 312
675 687 682 674
873 874 875 876
703 828 678 877
857 625 611 612
827 810 675 674
817 556 570 569
732 678 679 797
703 810 811 678
678 810 811 827
828 877 776 679
773 177 814 777
773 814 816 771
816 853 768 771
814 771 850 853
814 777 468 850
814 816 443 18
814 470 850 469
849 853 851 854
851 861 878 819
851 716 861 879
851 878 861 716
851 819 852 861
849 772 851 853
851 852 880 772
881 882 883 17
816 882 815 884
773 816 768 771
816 884 815 768
785 580 567 581
689 713 762 692
689 716 880 719
689 880 875 698
849 853 771 772
851 879 861 854
862 852 861 854
852 751 873 772
851 880 852 819
785 581 595 580
852 867 873 751
885 886 887 888
885 888 842 886
847 885 886 887
885 888 38 148
885 38 888 39
851 853 880 716
861 527 862 854
861 852 862 817
852 819 817 861
758 718 717 755
716 889 718 758
758 755 721 889
757 890 721 755
755 883 757 890
879 499 854 485
883 755 488 474
767 891 892 893
725 408 410 871
739 769 770 742
765 767 893 891
767 139 822 140
894 895 896 897
898 895 48 47
78 899 79 898
47 863 62 898
898 863 62 900
863 898 895 899
901 902 792 663
901 457 902 663
831 901 833 835
209 901 835 833
901 35 903 902
901 833 194 904
178 904 36 193
904 36 193 901
901 35 902 457
758 544 889 530
716 758 718 717
889 718 758 755
755 720 758 721
758 763 721 720
717 762 759 761
758 889 905 530
717 716 758 878
717 689 878 713
717 758 763 761
824 841 167 168
845 838 821 846
824 825 826 766
604 618 736 299
767 824 821 906
824 846 135 841
824 846 136 135
167 824 151 841
767 824 138 153
824 906 138 137
715 434 436 435
730 836 794 835
137 906 846 824
899 806 866 840
899 863 866 864
894 897 907 899
837 634 633 619
899 898 895 897
899 864 894 863
899 807 897 907
899 805 806 840
908 806 866 907
806 803 866 719
756 803 866 909
803 866 909 806
899 806 805 907
802 806 803 801
910 888 843 37
848 133 149 885
888 886 843 842
843 904 36 163
861 879 716 889
898 49 63 48
852 861 854 851
853 881 854 850
814 881 853 850
911 912 863 865
851 879 853 716
816 132 815 882
815 913 769 804
815 913 145 774
815 913 130 145
859 819 818 867
778 859 855 857
855 857 611 597
859 857 868 914
859 819 867 873
859 914 887 857
859 819 873 875
859 887 860 857
736 298 618 632
913 741 128 143
913 143 740 741
114 915 129 115
915 129 115 913
913 769 741 740
804 741 915 913
759 761 546 532
913 741 915 128
815 804 769 884
831 794 781 836
781 794 792 779
779 780 784 754
781 735 737 784
781 784 783 735
905 517 518 532
740 159 174 173
831 738 781 837
831 901 902 792
758 716 889 878
886 860 887 856
886 856 916 917
888 886 856 916
767 154 139 155
885 847 886 842
886 842 874 843
556 861 541 817
867 819 817 852
859 873 867 860
778 858 855 859
873 819 852 880
859 867 818 858
767 824 906 138
150 841 151 135
766 825 764 823
767 826 168 892
744 687 918 681
687 481 688 777
687 749 813 681
676 687 688 777
790 409 418 408
712 713 692 762
712 724 870 790
712 762 871 708
713 544 759 558
889 878 543 544
713 759 708 558
689 820 713 868
878 758 544 889
717 713 759 762
689 878 713 820
682 743 674 680
728 764 743 765
728 764 891 825
678 729 919 811
681 682 687 674
674 681 679 920
674 678 828 679
845 821 839 825
739 141 822 741
822 808 741 809
821 808 822 838
921 872 922 428
822 906 124 139
739 740 172 157
824 846 821 906
773 815 774 769
773 815 769 768
773 816 814 162
773 176 191 774
816 768 881 884
815 769 768 884
853 768 771 770
849 771 813 772
771 814 816 853
252 251 24 349
853 881 718 879
742 768 770 771
885 842 888 148
886 847 887 874
847 887 874 875
847 887 875 691
885 668 887 691
845 842 825 847
845 683 848 694
830 288 923 279
502 883 889 755
784 799 829 830
830 799 281 304
830 279 706 798
830 301 799 304
715 423 533 437
715 761 424 924
715 425 924 424
715 763 518 532
715 761 763 532
715 433 435 505
761 533 547 532
866 756 719 803
684 805 838 840
684 803 719 884
719 757 884 803
862 540 541 554
519 358 505 435
802 805 806 801
803 804 757 884
802 915 809 97
803 909 756 757
851 880 819 878
859 867 858 860
861 878 819 820
867 860 873 796
852 862 867 751
859 860 875 873
883 890 444 882
883 757 884 718
889 755 721 502
721 890 474 755
755 890 474 883
883 879 501 889
474 883 444 473
883 881 718 884
883 890 882 757
681 749 813 750
750 751 772 873
750 796 873 925
926 750 779 793
744 750 754 753
795 753 779 750
313 492 254 253
778 585 599 584
711 641 655 640
881 443 814 816
147 815 773 816
881 850 485 854
881 879 500 883
485 879 500 881
816 881 443 17
849 853 854 850
898 900 78 899
897 66 807 65
771 682 813 772
897 807 80 65
899 79 897 80
899 907 805 807
896 894 897 907
927 912 59 60
927 912 60 61
927 45 385 389
745 523 524 537
725 589 603 588
883 881 17 472
792 833 904 832
832 833 904 734
833 928 195 904
929 244 705 322
901 193 904 194
833 734 722 928
745 523 509 524
920 776 23 348
816 132 882 17
835 733 722 833
903 330 835 270
910 664 650 651
903 835 330 239
706 522 521 507
903 834 835 901
903 835 239 224
903 209 835 224
903 661 834 902
903 902 35 34
903 660 834 661
930 392 896 907
930 908 67 68
930 394 53 397
930 398 397 52
931 932 330 329
931 331 321 329
931 929 321 242
327 929 329 932
929 329 932 931
242 243 227 931
931 932 225 240
931 932 722 225
474 755 488 721
890 757 102 882
890 882 16 444
721 15 474 890
475 721 15 474
723 725 602 870
723 726 707 616
723 603 616 602
418 408 410 725
798 312 748 506
725 415 416 411
725 412 617 415
894 895 374 372
898 899 79 897
894 864 371 379
894 372 896 895
894 907 896 371
850 854 497 498
883 881 486 500
688 466 465 442
850 498 485 854
853 881 879 854
849 850 854 749
862 854 527 526
837 649 634 635
862 854 745 751
862 854 526 525
867 933 862 818
555 541 554 817
933 867 858 818
855 859 860 857
858 581 818 582
795 933 867 858
726 630 644 629
788 644 934 658
883 879 889 718
17 816 881 882
853 771 772 770
861 879 889 528
851 854 853 879
817 710 861 820
852 854 751 749
862 745 854 525
850 854 749 497
710 558 571 557
749 745 511 854
853 879 718 716
851 853 772 880
674 688 687 681
442 688 677 920
688 920 442 465
688 920 479 918
687 918 688 481
467 21 688 777
920 674 677 776
688 677 674 676
798 507 521 520
748 918 920 681
687 681 688 918
674 810 675 677
684 884 770 804
802 97 809 807
802 807 801 935
807 801 908 805
805 809 95 807
805 809 936 95
879 514 528 513
885 39 888 667
888 856 652 651
500 881 486 485
885 691 694 693
885 842 148 149
723 631 616 617
885 848 693 694
885 847 691 887
848 846 135 120
845 848 683 846
901 194 209 193
937 455 41 73
639 653 857 856
887 654 857 691
888 886 887 856
887 857 914 691
859 875 887 914
845 842 885 848
847 839 691 875
784 746 793 754
784 938 746 780
801 800 935 908
829 783 784 735
631 422 451 412
830 735 784 737
829 281 799 305
782 578 787 564
829 784 830 735
829 799 576 305
782 783 591 592
779 780 753 782
781 738 735 783
746 780 938 747
706 939 923 746
453 659 353 360
744 681 918 748
523 747 537 745
940 89 74 75
939 746 706 681
913 740 144 145
769 808 741 823
767 140 155 139
913 741 769 804
768 884 769 770
769 741 808 804
433 358 491 446
778 859 868 819
778 859 819 818
867 933 795 751
861 528 543 542
867 751 862 933
817 861 819 820
766 739 765 767
173 740 765 827
913 769 740 774
926 793 794 941
742 771 770 772
942 890 721 757
740 827 774 743
740 774 174 159
436 519 437 715
822 821 767 739
134 848 133 149
653 857 856 887
855 857 625 611
886 874 860 917
778 859 857 868
721 490 504 489
855 858 610 609
859 819 875 868
782 579 593 578
857 711 655 640
855 609 608 858
858 610 597 855
859 860 887 875
781 792 837 791
750 795 753 751
779 792 926 794
779 753 795 785
388 44 1 385
830 784 799 938
750 939 754 793
784 746 754 780
746 753 780 747
565 747 782 753
539 933 554 862
902 662 648 649
912 685 900 840
840 685 900 943
46 389 390 3
840 865 696 686
840 696 865 912
799 798 301 830
563 799 576 787
799 562 305 308
829 830 799 281
210 209 722 195
829 282 305 576
731 797 732 730
731 729 944 734
832 728 680 727
731 797 678 732
727 731 678 732
811 729 812 678
737 284 287 735
736 737 735 285
735 737 284 285
736 738 834 647
827 205 204 189
841 892 928 167
831 781 794 792
767 168 824 153
841 824 825 826
845 885 694 848
824 846 137 136
766 767 824 821
841 842 844 825
841 846 135 848
697 695 711 691
919 172 187 171
689 691 698 875
692 695 712 869
692 696 695 869
742 769 773 774
808 804 741 915
131 882 115 815
739 767 141 156
842 841 845 825
159 774 145 740
727 729 731 734
728 729 734 826
729 734 826 892
893 811 201 919
731 678 705 812
729 734 892 944
705 731 797 678
812 811 201 893
792 832 843 926
781 783 837 738
792 791 910 649
831 792 902 837
831 901 792 833
904 832 843 792
831 835 833 832
901 792 904 910
649 663 910 792
943 685 838 840
683 943 685 838
840 936 943 900
840 685 696 912
940 685 912 937
912 696 945 685
927 47 61 46
929 228 946 229
931 243 227 228
695 934 724 869
929 317 946 327
929 324 325 320
929 324 320 321
758 761 905 763
726 695 712 711
689 713 692 868
690 692 696 695
689 692 914 868
712 707 871 870
762 761 760 871
689 719 686 760
122 137 906 846
767 821 822 906
822 906 838 936
845 885 842 847
841 845 825 824
767 138 906 139
739 821 741 822
909 757 800 942
909 720 757 942
866 908 947 909
909 806 866 908
909 801 908 948
803 909 757 801
909 757 801 800
909 800 801 948
501 502 883 889
883 486 881 472
883 884 757 882
909 720 942 922
544 878 543 710
894 374 375 378
721 757 720 942
909 756 757 720
567 818 554 933
933 752 552 566
933 752 566 785
858 933 785 795
867 795 858 796
862 751 745 752
817 867 862 818
552 933 539 752
862 539 933 752
779 754 784 793
782 784 787 783
753 752 565 747
753 785 752 795
746 747 938 706
744 746 754 681
782 785 779 786
728 678 743 680
832 941 732 680
901 834 835 831
831 832 794 835
901 904 36 910
792 926 843 916
794 941 730 832
833 832 733 734
46 45 389 3
843 734 728 832
779 792 791 917
855 856 638 639
886 874 887 860
855 856 860 796
888 856 651 910
888 856 910 916
874 917 796 860
692 690 691 695
685 696 945 697
51 896 66 67
697 945 934 696
695 690 691 697
692 696 869 686
869 934 865 696
707 601 600 586
685 683 949 943
840 696 685 686
930 51 896 398
896 399 395 398
894 375 950 381
896 907 392 371
896 895 373 49
896 895 372 373
896 50 396 399
149 841 848 842
841 135 149 848
888 886 916 843
885 848 118 693
739 769 741 823
848 949 104 693
886 847 874 842
821 906 846 838
874 847 839 825
847 845 885 694
845 825 824 821
690 685 696 686
857 639 625 640
697 693 40 455
788 695 726 642
455 937 788 697
690 696 692 686
697 88 693 455
88 89 937 697
945 685 937 912
931 241 227 242
685 949 693 89
714 439 440 477
696 934 865 945
391 374 390 927
898 900 63 78
898 49 897 64
890 16 15 474
67 896 66 907
927 374 390 375
894 950 375 863
897 895 896 49
895 48 391 373
896 396 49 373
789 934 361 421
388 43 386 789
788 789 42 672
642 788 657 726
788 934 644 726
789 659 934 421
789 945 58 43
789 937 58 945
788 937 41 42
789 934 659 658
788 934 789 658
731 733 734 944
927 46 45 389
946 733 730 731
882 102 117 101
833 733 832 835
833 733 722 734
733 734 944 722
915 99 800 100
823 769 770 739
841 168 826 892
841 151 135 824
841 904 843 164
829 591 576 787
798 706 521 507
310 798 748 706
799 798 548 307
798 706 535 521
798 303 520 306
798 534 307 306
742 764 772 770
769 739 740 742
739 823 766 764
773 814 813 777
853 880 770 772
881 853 768 816
765 173 919 172
769 770 884 804
742 743 740 774
739 142 740 157
774 190 675 827
190 191 175 774
740 174 774 827
773 814 177 162
773 774 675 682
744 751 752 745
706 681 748 939
744 753 746 747
918 920 681 688
799 308 307 548
688 920 674 677
674 920 679 776
750 680 681 939
927 385 45 44
21 688 777 676
687 676 675 777
415 603 416 354
900 61 77 76
690 691 693 694
691 695 711 692
711 697 691 655
788 695 934 726
934 697 695 788
788 945 934 697
788 42 789 937
697 669 691 655
927 390 389 384
897 51 66 65
697 655 711 695
788 945 697 937
697 691 669 693
932 835 733 722
734 928 892 197
727 680 832 732
734 832 843 904
844 843 734 728
728 825 844 843
727 732 832 730
805 801 908 806
908 805 907 807
909 922 942 947
802 804 684 808
909 947 948 908
935 801 802 800
829 735 605 783
938 787 563 747
774 682 743 675
675 827 190 205
206 207 675 677
782 787 591 783
950 382 379 381
781 738 836 737
779 792 917 926
783 786 837 621
783 738 619 837
830 923 938 706
783 593 786 607
857 914 691 711
786 791 855 796
887 653 857 654
690 692 689 686
885 691 693 668
929 322 705 319
734 928 197 722
930 394 403 54
705 946 317 797
701 705 316 797
731 946 705 797
805 95 899 807
809 936 95 110
731 944 729 812
734 722 197 944
928 892 182 167
928 904 180 195
519 437 357 436
833 195 928 722
928 892 197 182
786 791 622 623
786 785 594 593
786 791 837 621
786 791 621 622
846 106 943 121
120 105 119 848
655 656 695 697
848 949 693 694
691 693 668 669
885 668 693 456
885 456 693 118
935 99 915 98
846 943 949 683
848 118 693 119
920 277 348 23
920 776 348 335
920 776 442 23
920 748 478 479
920 748 479 918
846 943 122 121
906 943 838 936
943 936 108 93
805 840 936 838
943 93 900 936
943 900 92 91
713 710 558 708
759 708 558 559
951 952 274 289
951 923 289 279
951 748 309 275
951 877 275 274
920 679 951 939
731 730 946 797
730 946 317 327
730 797 340 317
730 272 836 271
730 835 328 271
802 800 915 935
947 365 366 369
782 779 785 753
777 687 495 749
747 938 549 563
744 747 522 523
787 563 747 564
744 918 687 495
747 549 938 535
747 535 938 706
747 522 535 706
933 785 566 567
953 921 865 869
864 382 380 379
866 756 921 953
953 686 869 865
953 866 756 719
953 686 866 719
792 916 791 917
926 916 917 925
888 887 667 653
916 917 925 874
888 916 910 843
793 680 939 941
744 750 753 751
781 794 793 923
781 784 737 923
782 785 593 579
746 754 939 793
727 678 731 729
728 729 826 891
553 552 933 539
728 826 734 844
832 941 926 794
824 826 168 767
845 846 683 838
767 891 826 892
841 826 844 892
932 328 835 330
841 904 164 165
904 163 843 164
936 109 108 93
835 209 903 901
775 703 776 677
748 277 311 276
828 677 776 703
920 877 335 275
776 877 704 335
920 776 677 442
937 940 89 74
789 58 937 42
714 721 905 763
788 697 656 670
696 912 945 865
685 89 937 940
942 720 439 426
942 57 368 14
942 14 720 445
942 71 948 56
942 948 71 800
700 704 333 334
699 333 701 332
701 705 797 703
776 704 877 703
704 700 775 334
341 335 334 704
704 338 797 339
704 877 337 341
704 337 797 338
689 691 875 914
690 694 686 698
690 686 689 698
885 847 694 691
691 839 694 698
789 945 377 361
927 59 945 44
927 44 945 386
388 789 454 43
789 386 388 387
707 614 600 601
789 945 361 934
684 806 686 719
953 686 719 760
838 685 684 840
840 863 912 865
19 777 468 814
814 19 777 177
688 481 918 480
676 21 688 22
495 749 496 777
674 828 776 679
469 468 483 850
687 749 744 495
942 445 57 14
674 828 678 827
723 870 707 726
707 614 726 711
707 726 614 615
766 891 764 825
764 876 825 925
764 823 876 770
831 902 901 834
932 835 722 225
931 722 227 226
678 877 797 703
728 765 678 729
900 78 93 77
722 944 227 212
722 944 212 197
734 944 197 892
823 770 698 876
821 822 808 741
684 840 806 805
823 839 825 876
738 781 735 737
738 834 647 902
831 738 834 836
831 834 738 902
781 923 737 836
802 807 935 97
935 807 908 67
935 807 82 97
806 803 801 909
802 809 805 807
295 834 903 660
834 737 285 286
736 295 834 285
738 834 836 737
810 218 203 219
834 902 901 903
903 834 270 835
834 835 271 270
831 832 792 794
834 836 271 835
788 789 945 937
778 584 710 585
783 606 592 593
710 543 556 861
709 707 712 711
689 875 868 914
691 711 655 857
596 597 582 858
778 868 857 711
778 868 710 820
919 827 188 173
919 893 186 201
919 729 893 811
919 203 811 202
919 827 203 188
312 310 798 748
681 920 939 679
951 748 706 310
920 748 951 275
478 277 311 748
947 864 907 866
947 908 370 401
947 400 948 401
947 922 366 365
947 948 400 366
518 519 504 714
841 826 825 844
825 847 839 845
739 742 764 743
842 825 874 843
765 766 891 764
728 764 765 891
814 816 18 162
825 925 874 843
761 924 430 424
715 761 924 763
759 531 905 532
762 759 761 708
761 423 405 547
890 444 16 474
425 438 715 720
714 477 720 439
761 561 871 560
715 761 532 533
734 844 826 892
733 835 730 832
705 317 946 929
931 946 228 944
929 946 705 229
705 797 317 316
209 722 195 833
932 946 733 730
730 946 797 317
732 952 730 797
853 718 768 770
815 913 774 769
773 768 816 815
773 675 777 682
816 815 132 147
815 882 132 131
884 718 719 770
725 415 617 603
413 589 417 725
725 871 410 413
725 602 870 588
723 616 707 602
725 588 871 589
707 871 588 708
725 870 724 418
723 725 870 724
779 796 786 785
750 873 796 795
856 860 796 917
858 786 785 594
856 796 791 917
858 796 795 785
860 874 873 796
885 667 888 887
867 873 819 852
818 933 567 581
819 875 868 820
867 796 873 795
862 539 745 525
915 97 113 112
925 917 796 874
854 745 751 749
894 950 864 379
911 865 921 790
927 950 945 912
927 386 945 376
927 945 59 912
927 47 391 895
950 864 379 382
911 865 863 864
921 922 365 428
947 864 380 370
921 380 864 382
921 872 790 869
921 760 872 869
921 864 866 865
921 872 756 922
947 866 756 921
952 877 274 337
952 340 797 337
952 923 794 836
730 952 794 836
951 877 952 679
951 952 923 939
952 797 679 877
756 763 924 872
921 790 431 363
947 922 921 756
761 763 872 924
712 872 869 790
880 876 875 698
849 813 850 749
853 880 716 718
793 952 939 923
822 125 140 139
736 647 834 646
829 283 735 287
923 836 291 737
784 780 787 938
735 783 738 619
830 951 279 923
830 735 737 287
840 912 863 900
712 762 692 869
894 371 896 372
894 371 864 907
911 790 363 362
872 429 408 407
863 61 900 912
901 910 36 457
208 901 35 903
902 837 649 648
831 794 836 835
792 649 902 837
901 663 910 457
779 926 917 796
709 710 713 708
689 869 692 762
845 848 841 842
911 950 382 864
911 864 921 865
712 790 869 724
706 923 938 746
687 749 777 813
952 923 836 291
744 751 745 749
750 681 680 813
681 679 939 680
920 951 679 877
887 857 856 860
887 691 914 875
880 718 719 716
819 878 880 820
847 691 839 694
735 283 300 299
778 858 859 818
859 914 868 875
691 698 875 839
819 880 875 820
689 719 880 698
684 719 686 698
887 691 668 654
684 838 805 808
805 809 808 838
890 757 87 102
878 689 717 716
684 808 804 770
880 698 719 770
932 327 730 328
753 751 795 752
750 926 796 925
829 787 576 799
781 923 836 794
799 787 563 938
736 619 738 633
736 293 299 298
714 504 491 505
870 408 872 790
712 870 724 726
761 871 872 760
871 870 725 408
872 430 924 429
682 680 681 813
731 812 705 944
777 687 682 675
877 828 678 679
744 706 748 918
746 793 939 923
831 738 837 902
836 291 737 292
836 737 286 292
730 836 835 271
927 863 912 61
899 864 866 907
895 373 49 48
897 896 907 66
894 895 375 374
934 658 644 659
894 381 950 379
889 905 516 502
851 716 880 878
755 718 883 889
758 759 530 905
778 710 817 820
849 852 749 854
501 502 487 883
861 527 879 528
879 515 500 501
861 889 716 878
879 889 718 716
822 809 125 110
767 892 168 169
729 893 812 892
906 108 943 936
728 925 926 680
613 711 599 612
821 839 823 838
861 878 710 543
711 599 612 778
778 570 710 584
599 709 778 711
817 556 710 570
758 761 759 905
713 868 820 710
758 759 713 544
822 126 141 125
742 743 774 682
742 739 764 770
718 719 757 884
739 743 764 765
698 838 839 683
684 770 823 808
741 809 808 915
684 770 719 698
689 760 686 869
880 698 770 876
853 770 880 718
921 865 869 790
761 561 405 406
723 707 870 602
924 432 922 428
715 924 425 720
715 423 437 436
720 426 922 924
924 756 922 720
924 426 922 432
715 424 761 423
759 761 560 546
857 711 640 626
857 612 711 626
847 875 874 839
691 692 914 689
712 707 708 871
875 839 698 876
689 868 875 820
689 686 692 869
744 509 745 523
750 925 772 680
750 925 873 772
849 852 772 749
496 745 511 749
744 747 706 522
714 721 476 490
943 91 92 107
769 804 808 770
883 879 500 501
714 720 721 763
721 905 502 503
871 575 588 574
717 720 756 763
890 16 882 102
502 889 905 721
911 790 934 865
940 912 61 60
940 912 60 59
940 61 900 76
685 949 940 900
900 949 940 91
940 900 91 76
773 145 815 146
861 710 878 820
809 97 111 96
880 770 719 718
717 718 719 755
713 759 762 708
710 878 713 544
742 773 768 771
880 876 770 772
853 768 718 881
936 805 95 899
741 809 127 126
757 915 800 882
774 145 740 913
767 822 139 906
742 682 764 743
809 915 112 97
689 686 719 698
899 900 93 936
764 823 825 876
838 684 698 823
823 876 698 839
752 785 565 566
779 796 785 795
781 784 923 793
727 832 734 733
778 597 855 858
709 868 713 710
858 594 785 595
781 783 786 837
791 855 796 856
858 855 786 608
933 581 785 567
858 595 785 581
739 765 171 172
674 675 827 743
773 771 682 813
743 675 827 774
773 777 675 177
623 609 608 855
858 786 796 785
856 910 791 651
792 917 926 916
792 791 649 837
791 910 649 650
637 856 855 791
694 683 686 698
717 755 719 756
885 149 848 842
953 869 686 760
810 828 678 703
732 679 952 797
677 828 674 810
699 703 234 810
701 702 246 245
774 161 145 773
806 840 686 866
848 119 693 104
684 803 884 804
741 809 915 127
822 809 936 838
802 97 935 915
822 125 809 126
809 915 127 112
802 809 915 808
741 127 915 128
426 425 924 720
942 922 720 426
942 948 947 366
450 354 603 415
951 679 952 939
45 2 389 3
798 535 548 534
920 776 335 877
774 827 174 175
728 743 764 680
741 769 739 740
678 729 812 731
777 675 192 676
884 882 883 881
904 180 195 179
786 791 623 855
885 848 133 118
858 818 581 933
793 952 923 794
888 842 843 163
792 910 916 843
784 779 781 782
727 728 734 832
755 757 718 719
802 804 808 915
791 651 910 650
782 564 747 565
712 760 762 869
856 651 791 637
796 874 873 925
916 874 925 843
791 837 635 649
779 796 917 791
663 902 792 649
834 286 836 737
862 818 933 554
862 752 933 751
886 917 916 874
739 141 157 156
926 916 925 843
825 874 876 839
842 825 843 844
767 766 891 765
893 184 892 169
893 892 184 199
767 171 893 170
729 919 893 765
893 199 812 892
893 812 200 201
728 843 832 926
714 477 491 476
720 477 14 439
714 518 763 905
759 905 531 530
56 368 402 948
942 366 922 426
888 910 665 37
781 786 791 837
910 904 36 843
522 509 508 744
792 916 910 791
728 926 925 843
845 821 824 846
846 949 943 106
931 944 733 946
821 823 808 838
766 826 891 825
940 60 61 75
841 928 166 167
49 373 396 5
728 680 764 925
928 904 843 841
728 764 825 925
833 734 928 904
728 825 826 844
150 841 135 149
697 455 937 88
105 846 848 120
937 58 945 59
840 686 866 865
940 912 685 900
690 685 697 696
696 697 695 934
840 943 936 838
906 109 123 108
935 69 908 800
897 907 807 66
949 943 900 685
935 915 99 800
807 908 67 907
807 907 67 66
802 803 757 801
806 805 907 908
805 809 838 936
911 382 950 383
937 912 940 59
945 950 376 377
911 865 945 912
911 934 790 362
685 949 683 694
739 157 172 171
692 914 868 711
683 838 685 684
728 826 825 891
934 724 869 790
934 695 696 869
695 724 934 726
810 811 203 218
699 811 810 233
810 828 674 827
775 810 677 235
810 220 677 235
810 811 218 233
721 905 503 504
755 757 720 721
761 407 871 406
709 692 712 713
871 589 575 413
872 790 408 431
720 763 924 756
872 756 922 924
872 871 407 408
675 810 205 677
674 681 680 679
687 777 495 481
416 603 417 354
775 349 348 347
177 675 192 777
675 206 677 205
828 703 776 877
740 157 173 172
861 889 878 543
577 578 787 591
548 460 562 308
689 878 880 716
898 899 863 900
940 912 900 61
949 90 940 91
899 900 78 93
936 899 94 93
899 840 866 863
863 895 47 927
863 62 900 61
943 92 900 93
919 893 765 171
731 733 944 946
172 740 765 173
919 893 171 186
682 680 813 772
931 330 932 240
784 793 746 923
792 904 910 843
729 944 892 812
728 743 678 765
317 319 929 705
930 948 54 403
759 532 545 531
935 800 84 69
935 800 99 84
930 907 908 392
908 948 930 401
930 908 68 69
907 930 67 896
896 930 67 51
930 908 69 948
935 807 67 82
930 908 907 67
930 948 69 54
814 850 771 813
849 749 772 813
484 850 498 485
850 496 777 482
813 682 687 681
773 682 777 813
681 920 748 939
776 335 347 348
509 508 744 918
675 682 743 674
939 679 941 680
951 706 279 310
720 439 426 438
813 682 777 687
883 474 487 473
899 840 863 900
791 837 621 635
845 838 683 839
144 913 143 740
822 109 125 124
846 943 683 838
906 846 838 943
886 856 917 860
906 943 123 122
320 329 929 321
124 109 123 906
935 915 97 98
852 749 751 772
814 881 485 471
890 757 942 87
762 761 871 708
470 850 485 814
709 778 711 868
889 528 543 861
758 721 763 905
757 800 102 882
717 758 755 720
717 756 719 760
716 689 717 719
822 126 741 141
909 947 942 948
947 948 908 401
897 896 66 51
894 895 863 375
806 909 801 908
821 822 906 838
923 951 706 830
815 913 115 130
883 17 882 444
744 918 495 509
674 920 688 681
768 718 881 884
740 142 741 143
774 191 175 176
739 172 740 765
764 680 772 925
897 899 894 895
909 922 756 720
947 908 907 370
921 872 431 790
761 872 430 924
56 402 368 11
947 866 921 864
947 864 370 907
907 908 947 866
927 386 384 385
945 386 44 43
937 940 74 59
788 945 789 934
57 368 12 11
934 419 790 362
697 693 669 40
41 455 937 788
920 276 335 348
920 939 951 748
775 776 347 348
827 173 919 765
812 811 216 201
931 929 228 946
944 812 229 214
736 646 294 632
944 892 199 198
893 200 812 199
679 877 797 678
812 678 705 811
729 892 826 891
713 710 820 878
871 575 561 414
761 872 871 407
871 413 407 410
689 869 762 760
759 560 761 708
871 575 414 413
919 173 188 187
599 711 614 709
707 587 708 588
420 725 412 723
878 713 544 758
736 285 834 737
706 938 830 798
923 288 737 291
747 782 753 780
932 733 835 730
835 240 330 239
827 189 204 203
736 834 295 646
736 738 737 834
834 271 836 286
830 737 784 923
919 171 765 172
729 892 891 893
701 245 323 322
845 683 694 839
690 697 685 693
709 600 707 614
711 692 914 691
707 726 615 616
759 708 559 560
712 711 707 726
894 379 371 378
726 628 711 614
695 655 711 642
726 711 628 642
829 287 281 283
829 735 604 605
951 952 877 274
928 181 180 165
736 646 295 294
926 796 925 917
779 791 786 796
578 787 591 782
783 620 837 619
933 752 785 795
737 830 288 923
735 293 284 299
888 665 910 651
596 858 610 597
729 891 765 893
841 842 164 843
822 125 139 124
705 944 812 229
942 57 56 368
769 823 770 808
821 825 823 839
809 95 807 96
757 102 800 87
800 882 101 102
909 756 947 866
110 109 125 822
948 368 402 367
800 882 100 101
915 882 115 100
858 933 581 785
934 724 419 421
934 659 645 421
822 809 741 126
712 869 872 760
709 586 707 600
723 724 645 421
724 418 790 419
953 760 719 756
872 924 428 429
717 762 689 713
694 683 698 839
707 870 588 871
587 586 707 708
714 504 721 490
841 928 904 165
789 659 360 673
948 70 800 69
789 454 360 387
761 423 547 533
712 762 760 871
723 726 630 644
788 672 42 41
684 823 838 808
934 361 421 419
725 870 871 588
810 677 220 205
739 157 171 156
740 827 173 174
675 205 810 827
814 777 850 813
774 160 161 175
764 680 682 772
841 928 844 843
702 705 811 812
952 797 877 337
732 730 952 941
740 173 157 158
774 159 160 175
883 444 472 17
177 176 191 773
700 345 249 344
740 159 173 158
689 875 880 820
711 612 627 626
857 626 640 625
804 915 882 115
931 240 331 330
816 162 147 18
326 244 245 28
906 943 108 123
710 584 570 571
858 608 786 594
712 790 870 872
940 74 59 75
953 686 865 866
778 711 857 612
947 921 922 365
809 126 125 111
940 90 75 91
710 570 556 571
934 724 421 645
715 519 435 436
935 98 97 83
935 68 83 67
388 0 43 352
899 907 894 864
800 69 85 84
723 422 420 421
755 720 757 756
854 511 512 526
822 809 110 936
684 685 686 840
89 693 697 88
683 684 698 838
901 457 36 193
931 241 240 225
949 940 90 89
834 286 285 295
902 662 34 661
834 902 661 647
689 820 880 878
879 513 854 499
854 749 497 511
701 322 315 316
787 780 747 938
677 221 220 205
740 143 144 159
290 737 284 287
857 711 868 914
541 554 817 862
883 487 500 486
778 818 583 597
709 599 778 585
818 583 582 569
783 786 621 607
792 832 926 794
897 896 51 50
728 729 891 765
855 625 857 639
903 238 269 33
846 105 949 106
926 793 941 680
937 89 88 73
927 895 375 863
930 67 51 52
700 347 775 334
830 951 706 279
903 660 34 33
798 534 306 520
788 658 672 657
713 558 710 544
388 454 352 43
224 223 903 209
738 902 647 837
903 34 35 223
903 270 834 286
699 247 233 248
730 340 952 272
852 854 862 751
951 923 952 289
728 825 843 925
793 952 794 941
879 854 513 527
399 8 398 51
896 51 50 399
928 722 195 196
822 809 838 808
750 751 749 772
810 827 205 204
764 743 682 680
209 903 901 208
899 805 840 936
740 145 159 144
789 42 454 43
827 828 678 810
782 786 593 785
952 291 836 272
764 925 772 876
881 879 854 485
895 374 372 373
773 162 161 147
818 569 582 568
715 438 433 714
800 71 87 86
905 516 502 517
919 827 811 203
947 380 365 369
930 908 401 392
702 247 246 231
951 310 278 309
935 67 908 68
948 930 401 403
861 541 862 527
398 8 397 52
951 278 310 279
699 249 248 233
711 627 640 626
918 493 479 494
928 195 180 181
750 813 680 772
846 120 121 135
877 335 275 341
841 149 150 165
335 877 704 341
948 367 366 942
847 842 825 874
697 655 670 669
922 428 432 365
394 397 9 53
773 774 815 145
721 475 489 474
807 66 67 81
815 146 131 147
746 754 681 939
881 472 486 485
788 657 671 670
711 614 627 613
948 403 404 54
897 65 64 49
109 822 906 124
921 364 365 380
848 119 134 133
739 171 767 156
862 540 554 539
710 557 543 558
940 89 75 90
890 87 15 16
909 948 942 800
815 146 145 131
949 105 90 91
717 758 713 878
815 145 130 131
913 130 129 115
930 392 393 398
915 114 113 99
889 502 515 501
935 83 84 99
725 418 420 411
13 368 57 14
915 98 113 97
753 565 752 785
935 97 82 83
897 49 896 50
883 502 487 488
899 936 94 95
899 79 80 95
712 695 726 724
915 127 112 113
51 7 399 8
815 130 115 131
906 124 139 123
789 454 42 672
897 50 65 49
50 399 6 396
936 93 94 109
788 671 41 670
901 457 193 35
850 497 496 483
287 737 830 288
800 69 70 85
943 121 106 107
766 826 767 891
910 457 664 36
856 638 639 653
800 85 100 99
514 515 500 879
857 653 639 640
774 773 675 191
786 607 608 621
448 575 449 417
710 543 544 558
759 558 544 545
882 117 131 116
915 100 115 99
854 512 513 526
841 824 826 168
951 274 275 278
915 115 114 99
943 108 123 107
846 121 136 135
752 747 537 551
951 275 309 278
943 122 107 123
423 437 405 547
394 404 403 54
842 843 163 164
920 275 335 276
737 290 291 288
767 139 153 138
704 877 703 797
741 128 143 127
882 101 116 115
928 166 181 165
704 877 797 337
248 249 699 346
240 331 239 30
730 952 836 272
700 347 342 775
116 131 882 115
699 232 702 811
773 146 161 145
903 295 296 286
734 928 844 892
854 498 511 497
835 239 224 225
109 936 822 110
906 137 122 123
704 339 336 338
930 52 397 53
904 195 194 179
918 494 480 481
901 208 35 193
842 149 163 148
892 169 184 183
893 185 201 200
824 137 152 151
906 138 123 139
778 583 569 584
903 33 269 296
811 202 217 201
893 185 169 170
825 874 925 876
767 153 139 154
846 137 121 122
777 468 481 467
906 137 123 138
882 117 132 131
879 485 500 499
815 147 131 132
106 121 846 105
943 121 107 122
739 142 157 141
949 89 105 104
806 686 719 866
928 182 197 181
904 164 179 163
710 585 571 586
817 541 556 555
883 881 879 718
949 105 89 90
824 153 168 167
899 806 907 866
767 170 893 169
937 88 455 73
893 185 170 171
788 41 455 670
937 74 89 73
788 41 671 672
945 362 377 361
646 458 297 294
816 17 147 132
816 18 147 443
767 893 892 169
882 101 115 100
726 615 616 629
814 470 18 443
461 308 256 548
827 175 190 189
778 597 583 584
889 905 530 516
830 280 304 281
752 565 551 552
913 145 144 129
488 755 883 502
721 502 488 489
757 882 884 804
905 531 517 532
924 424 427 430
841 844 928 892
730 317 340 318
529 889 528 543
714 905 504 518
740 743 765 827
767 171 170 155
761 871 708 560
904 36 163 178
829 605 604 591
904 179 178 163
309 748 276 275
612 778 597 857
776 335 334 347
675 205 190 191
908 948 800 69
688 480 466 481
152 167 824 151
928 197 196 181
858 595 596 610
841 892 167 168
811 233 217 218
873 880 772 876
888 653 667 666
163 843 37 36
773 161 162 177
919 188 203 187
811 217 203 218
919 202 201 187
701 332 333 339
700 344 343 345
699 701 704 703
702 216 217 231
944 213 198 199
702 217 232 231
903 269 239 330
893 185 200 199
904 193 178 179
919 187 186 171
225 209 835 722
812 201 216 215
793 939 952 941
827 174 175 189
618 298 299 260
735 283 299 284
855 639 638 625
678 729 765 919
730 794 952 941
699 811 233 232
810 219 203 204
812 201 215 200
893 185 199 184
893 186 185 171
904 193 179 194
893 201 185 186
892 168 169 183
879 514 513 500
675 177 192 191
824 152 153 167
824 153 137 138
773 161 146 147
688 777 481 467
824 136 137 151
801 908 948 800
919 202 187 203
815 804 882 115
701 322 323 315
928 167 182 181
104 949 848 105
949 105 846 848
904 165 179 164
915 113 98 99
941 730 832 732
191 773 675 177
947 370 380 369
816 147 17 443
722 225 211 226
105 121 846 120
722 210 195 211
693 103 88 89
902 663 662 649
209 835 722 833
872 924 922 428
915 113 114 129
807 81 97 96
827 173 174 189
908 370 401 392
809 111 110 95
590 829 591 576
702 705 703 811
693 88 103 455
819 873 875 880
937 73 59 74
807 96 95 81
676 22 207 21
701 315 332 339
810 235 219 220
803 757 756 719
807 65 81 80
931 932 733 722
935 82 67 83
898 48 895 49
896 50 49 396
243 326 929 325
705 319 322 316
722 210 211 225
814 881 850 485
919 201 186 187
897 65 80 79
929 321 242 324
801 935 807 908
896 399 396 395
895 899 894 863
898 63 49 64
836 272 292 271
877 341 274 337
887 654 668 653
691 654 655 668
730 328 327 318
631 412 451 450
791 622 623 636
709 614 599 600
240 330 239 331
590 258 604 300
775 349 342 251
829 590 282 576
840 866 863 865
708 559 560 573
708 558 559 573
747 535 550 549
22 442 688 677
862 526 527 541
348 23 349 252
861 527 528 541
714 504 490 491
505 715 714 519
918 494 495 509
745 509 495 496
811 217 233 232
244 326 243 28
705 319 316 317
13 14 359 440
843 928 844 734
13 57 368 12
953 921 866 865
61 863 47 927
946 228 944 229
896 373 372 396
944 213 212 197
192 777 20 177
814 177 162 18
944 198 213 197
676 192 20 207
239 32 269 238
764 772 770 876
774 161 176 175
321 263 241 242
913 129 143 128
342 25 344 250
810 219 233 218
814 19 177 18
913 129 144 143
702 231 812 216
913 130 145 129
700 342 344 250
809 96 807 97
915 128 127 113
856 638 652 651
745 752 537 538
752 744 745 747
894 950 863 864
854 525 745 511
909 947 756 922
942 57 445 72
702 231 232 247
324 242 243 263
911 921 864 382
705 229 245 244
895 48 47 391
896 372 395 396
48 351 47 391
927 950 375 376
902 662 661 647
30 241 331 29
792 663 910 901
903 661 34 660
856 637 638 651
855 638 637 623
723 645 644 631
631 422 645 452
783 607 621 606
324 263 243 264
734 904 843 928
782 564 787 747
744 681 750 749
811 203 217 202
930 394 54 53
833 209 194 195
928 722 196 197
735 783 619 605
349 24 268 251
770 739 764 823
778 597 598 612
575 589 417 413
870 790 418 408
722 225 209 210
871 575 574 560
785 565 566 580
952 273 289 291
785 567 580 566
677 207 221 206
697 89 937 685
889 544 543 530
798 312 302 310
810 219 204 205
342 250 251 25
841 151 165 150
782 578 565 579
798 302 306 307
798 307 534 548
706 522 535 521
924 432 427 425
714 715 720 763
748 312 310 309
923 291 289 288
721 504 503 489
748 918 493 479
748 506 492 507
883 472 487 486
814 470 471 485
294 298 632 459
810 234 219 235
631 452 451 422
422 452 453 659
929 324 242 243
422 452 659 645
351 4 47 391
334 704 776 775
931 241 225 226
29 241 321 263
238 32 269 33
49 373 5 351
49 351 48 373
767 169 154 155
721 889 905 758
388 387 352 454
387 388 789 454
388 386 43 44
462 303 306 520
782 565 578 564
736 285 735 293
646 297 458 660
736 294 295 293
902 662 647 648
928 904 165 180
590 300 282 258
738 633 837 647
903 286 296 270
837 620 634 619
618 260 632 298
459 260 298 632
902 35 34 662
747 550 536 537
747 523 537 522
783 591 606 605
798 303 506 520
748 492 493 507
750 772 749 813
239 269 31 330
736 298 294 293
239 31 331 330
239 31 269 32
835 240 239 225
752 552 538 539
260 618 604 299
903 223 239 238
732 941 679 680
951 748 939 706
562 563 799 576
903 223 33 34
835 270 328 271
775 250 235 251
931 722 944 227
209 223 903 208
810 827 204 203
903 208 223 35
257 305 576 460
942 72 445 87
441 464 23 277
952 274 289 273
745 524 538 537
404 56 402 948
748 492 313 478
700 334 343 347
927 950 863 375
942 57 72 71
277 920 748 478
56 55 404 11
11 56 402 404
441 349 23 24
10 55 404 350
741 141 127 142
693 669 40 668
920 479 464 465
723 420 422 412
276 920 748 277
422 645 659 421
310 301 798 279
791 636 637 651
707 615 614 601
873 880 876 875
462 520 306 461
943 93 108 107
313 478 311 748
775 234 703 810
342 268 25 251
249 700 775 234
937 59 945 912
938 798 535 799
326 265 245 323
858 582 595 581
346 700 345 249
326 323 245 322
832 680 926 941
871 406 407 413
708 573 574 588
700 332 345 333
923 279 288 289
747 550 551 565
931 227 241 226
619 618 736 604
929 329 320 327
944 213 227 212
243 929 931 242
929 244 243 229
747 550 535 536
701 704 339 333
522 744 508 706
931 944 228 227
325 264 324 243
830 279 280 288
850 468 483 482
660 296 262 33
321 242 324 263
678 743 827 765
705 812 230 229
929 243 325 324
730 318 327 317
722 211 227 226
928 196 195 181
542 556 861 541
715 519 532 518
519 435 357 358
745 511 510 496
927 46 389 390
883 488 487 474
853 814 816 881
730 272 318 340
944 812 199 892
901 833 209 194
782 578 593 592
906 122 846 943
327 319 929 317
952 273 272 340
478 492 313 253
755 488 721 502
678 703 705 811
478 253 277 464
722 197 211 196
478 253 311 277
918 508 494 509
730 952 340 797
919 173 187 172
722 195 196 211
678 705 703 797
821 741 808 823
920 479 478 464
748 493 492 479
814 19 18 470
944 197 892 198
249 248 266 346
773 161 177 176
777 177 19 20
342 349 268 251
249 250 344 25
437 355 405 547
437 356 533 519
775 251 252 349
757 942 87 800
930 403 394 393
677 236 221 237
775 237 251 236
931 329 330 331
775 235 236 251
748 276 275 920
775 251 342 250
812 216 231 215
776 23 237 442
240 30 241 331
326 322 245 244
915 100 800 882
935 98 83 99
929 322 326 244
721 488 474 489
313 312 303 506
253 478 311 313
881 17 472 443
945 58 43 59
701 246 314 323
930 53 69 68
737 286 292 285
398 52 51 8
699 234 249 233
800 84 85 99
247 246 27 314
812 215 214 199
250 700 775 249
887 875 860 874
45 1 44 385
732 952 679 941
360 352 454 353
892 183 198 197
49 898 897 895
949 104 693 89
945 386 789 377
797 338 340 317
950 376 383 381
893 169 185 184
892 167 168 183
841 167 166 151
767 153 169 168
900 76 77 91
824 137 153 152
846 121 137 136
940 59 60 75
927 386 376 384
824 135 136 151
693 119 118 103
745 752 538 539
940 75 76 91
927 945 950 376
945 43 44 59
388 1 44 43
685 693 949 694
749 744 495 745
693 104 103 89
857 640 654 653
45 385 2 1
723 422 421 645
742 772 764 682
927 45 60 59
858 582 596 595
759 559 558 545
927 45 59 44
721 720 476 445
747 564 563 550
854 527 526 513
709 711 692 868
715 532 519 533
897 50 51 65
311 312 313 748
927 375 390 384
45 385 389 2
789 42 43 58
783 606 619 605
883 472 473 487
848 949 694 683
368 942 948 56
950 381 375 376
720 14 476 445
676 20 21 207
789 454 672 673
715 761 533 423
50 49 396 6
356 357 519 437
898 78 63 79
709 778 868 710
937 42 73 41
750 793 680 939
399 51 6 7
862 752 745 539
707 588 870 602
800 85 86 101
934 724 644 726
870 872 408 871
934 362 361 419
921 363 364 382
725 871 413 589
947 401 369 400
950 383 376 377
397 53 52 8
947 366 400 369
515 879 528 889
950 383 382 381
937 42 58 73
890 87 942 15
800 70 71 85
54 948 55 404
911 377 362 383
723 631 422 645
405 447 414 561
930 52 53 67
405 561 414 406
4 47 391 3
935 68 69 83
930 392 401 393
942 14 368 439
944 229 228 213
895 374 373 391
927 61 60 45
391 927 390 46
391 3 47 46
921 364 428 365
705 244 245 322
394 350 53 9
921 364 363 431
246 702 701 247
810 219 234 233
926 832 728 680
677 22 442 237
799 281 304 305
889 516 530 515
918 507 493 494
746 754 780 753
817 556 569 555
877 341 275 274
702 231 246 245
767 156 171 155
338 316 797 339
244 243 326 929
767 140 822 141
715 424 434 425
704 338 336 337
761 406 423 430
725 416 415 603
817 555 569 554
761 871 561 406
797 338 337 340
903 238 239 269
867 751 795 873
422 421 659 453
903 224 239 223
903 270 269 330
506 748 492 313
462 520 255 303
778 584 569 570
885 667 887 668
724 419 420 418
798 535 534 520
313 303 255 506
798 303 306 302
834 660 646 647
736 633 738 647
471 881 443 814
738 837 633 619
736 618 298 299
815 804 884 882
685 949 89 940
830 279 301 280
798 938 830 799
799 798 307 301
246 245 27 323
720 438 426 425
678 811 919 827
701 339 316 315
714 439 720 438
701 332 315 314
888 842 163 148
745 511 525 524
701 704 703 797
721 15 476 475
812 230 229 215
921 872 428 431
702 231 245 230
872 763 760 756
812 229 214 215
889 543 529 530
782 747 787 780
701 322 705 245
894 381 378 375
881 472 471 443
423 533 437 547
905 530 516 517
888 666 38 37
675 207 206 191
892 183 182 167
815 115 913 804
160 159 774 145
942 439 720 14
709 599 585 586
913 915 804 115
871 406 413 414
928 167 181 166
802 684 803 806
693 103 118 456
922 432 426 366
715 434 438 425
693 40 456 668
715 434 435 433
778 599 612 598
867 796 858 860
809 95 96 111
899 95 94 79
809 127 126 111
511 749 497 496
896 371 392 395
777 21 20 468
949 943 106 91
952 939 679 941
798 748 507 506
933 751 752 795
898 63 62 47
920 348 277 276
726 788 657 644
951 309 748 310
23 252 24 349
775 348 349 252
688 918 479 480
927 950 912 863
890 474 883 444
391 46 390 3
894 372 378 371
883 444 473 472
897 65 79 64
905 503 504 517
48 391 373 351
297 296 660 295
814 471 470 443
714 438 440 439
854 512 498 513
864 907 371 370
646 297 660 295
297 660 296 262
646 458 294 632
882 17 117 444
677 207 222 221
726 642 629 643
790 409 419 418
937 59 73 58
929 325 319 320
723 870 726 724
797 338 317 316
727 732 678 680
777 482 496 481
931 733 944 722
778 598 597 584
688 466 467 481
448 414 447 575
725 589 417 603
827 189 188 173
810 219 205 220
873 772 925 876
752 566 565 552
902 662 457 35
699 232 233 247
752 565 747 551
777 495 481 496
761 423 424 430
752 552 537 538
951 278 279 289
788 670 656 657
905 503 517 502
935 908 69 68
850 470 483 469
440 491 359 446
761 547 546 532
714 477 440 491
942 721 445 720
432 425 924 426
942 367 439 368
14 359 440 477
519 437 715 533
790 431 363 409
871 588 575 589
948 403 400 402
575 414 413 417
575 447 561 414
761 547 405 561
948 400 367 402
721 490 489 476
721 476 489 475
440 359 491 477
367 942 948 368
942 426 367 366
920 464 442 465
850 484 498 483
775 347 776 334
171 765 767 893
814 469 19 470
920 23 464 277
348 441 349 23
850 498 497 483
775 677 237 236
855 623 610 624
944 199 812 214
688 466 479 465
850 482 483 496
482 777 850 468
688 467 466 21
748 918 507 493
677 205 206 221
748 312 313 506
704 334 341 336
714 491 490 476
678 919 765 827
700 334 333 343
704 339 333 336
699 346 332 314
722 211 197 212
852 772 873 880
731 705 946 944
931 733 932 946
879 500 513 499
239 31 30 331
951 706 939 923
799 301 307 304
798 521 535 520
534 548 307 461
924 427 424 425
799 798 535 548
944 214 229 213
830 280 287 288
782 592 591 578
433 358 505 491
913 128 915 129
759 761 532 905
776 348 252 23
750 754 939 681
704 336 341 337
677 221 222 237
675 191 192 207
911 945 865 934
675 206 205 191
788 695 642 656
676 777 21 20
872 429 407 430
854 485 499 498
710 558 572 571
695 726 642 711
740 157 143 158
854 499 513 498
741 143 142 127
930 403 393 401
744 509 523 522
809 112 127 111
807 95 80 81
883 487 501 500
688 480 479 466
811 729 893 812
253 277 464 463
885 456 39 668
767 155 141 156
784 787 799 938
706 508 507 918
688 479 920 465
945 361 934 362
93 899 94 79
745 510 509 496
809 125 110 111
744 508 706 918
861 854 879 527
889 502 516 515
915 129 128 113
759 545 530 531
553 539 933 554
759 546 560 545
774 175 174 159
936 95 109 94
890 102 87 16
603 417 354 449
800 87 102 101
889 528 515 529
72 71 87 942
411 420 725 412
924 428 427 432
911 912 945 950
894 379 378 381
724 421 420 419
911 362 945 934
898 900 62 63
514 515 879 528
894 378 372 374
49 396 6 5
93 899 79 78
745 511 524 510
57 11 56 368
850 749 496 497
548 799 549 535
799 304 308 305
747 551 550 537
942 56 57 71
62 61 863 47
911 377 945 362
948 71 70 55
10 404 55 11
562 460 305 308
374 895 927 391
747 537 536 522
900 63 78 77
788 697 670 455
37 888 843 163
951 278 289 274
898 47 48 63
887 653 668 667
745 747 537 752
453 360 421 659
723 631 630 616
747 563 549 550
721 489 503 502
790 362 419 409
519 715 714 518
696 686 865 869
763 905 518 532
791 650 649 636
791 637 636 623
160 774 161 145
911 950 863 912
435 433 358 505
590 282 576 258
736 604 735 619
829 283 282 300
735 604 605 619
71 87 942 800
708 573 586 572
953 921 760 756
246 314 323 27
871 414 561 406
745 524 539 538
888 887 653 856
861 542 541 528
687 918 481 495
714 715 763 518
879 528 527 513
715 424 423 436
745 509 510 524
787 577 591 576
13 439 368 14
448 417 414 575
740 159 158 143
468 814 469 19
850 470 484 483
708 572 558 573
761 560 547 561
761 406 430 407
711 655 641 642
761 405 423 406
761 546 547 560
870 724 418 790
871 574 708 560
50 6 399 51
405 561 547 447
896 399 398 51
807 66 81 65
776 23 252 237
949 105 91 106
710 557 571 556
942 445 721 15
575 589 449 417
613 599 711 614
408 870 725 418
911 950 864 863
898 897 79 64
933 567 552 553
91 943 900 949
862 525 526 539
727 730 832 733
921 364 431 428
899 80 897 807
832 835 730 794
563 938 549 799
933 554 567 553
952 923 291 289
798 279 706 310
952 337 274 273
931 225 722 226
243 326 264 28
888 148 163 38
325 243 326 264
798 301 310 302
534 306 461 307
782 785 579 565
279 301 798 830
303 255 506 520
902 837 648 647
798 748 706 507
799 548 562 308
737 287 290 288
799 562 548 563
810 203 811 827
329 929 321 931
785 579 565 580
829 591 787 783
576 562 460 305
536 747 522 535
767 169 155 170
737 292 290 285
857 778 597 855
717 760 763 756
932 946 730 327
830 280 281 287
735 287 283 284
837 649 648 634
829 590 604 300
829 282 283 281
759 560 559 545
710 572 586 571
829 300 735 283
747 744 745 523
936 109 95 110
710 585 584 571
920 464 23 442
282 576 258 257
943 106 91 107
855 625 638 624
752 551 537 552
326 245 265 28
608 855 786 623
800 86 87 101
759 544 530 545
709 712 692 711
882 102 16 117
400 948 367 366
948 55 404 56
14 477 440 439
841 928 165 166
948 800 70 71
872 431 429 428
736 632 618 619
929 932 327 946
800 71 86 85
809 97 112 111
948 403 401 400
911 950 945 377
829 604 590 591
930 394 397 393
394 54 350 404
394 350 54 53
911 921 382 363
55 404 350 54
948 70 69 55
750 751 873 795
930 53 54 69
860 875 873 874
9 53 397 8
885 668 39 667
888 652 653 666
707 588 601 587
594 595 858 608
747 564 550 565
723 644 630 631
947 921 365 380
855 625 624 610
711 628 642 627
708 573 587 586
818 567 568 582
864 370 379 380
707 616 615 601
779 794 926 793
736 646 632 647
783 607 606 593
830 304 280 301
854 511 526 525
568 567 818 554
862 540 526 541
783 621 837 620
854 512 511 498
855 611 625 610
786 608 593 594
905 504 518 517
811 217 216 201
850 777 496 749
720 476 14 477
942 366 947 922
745 749 496 495
818 581 567 582
603 725 723 617
788 642 657 656
707 616 601 602
13 440 439 14
715 424 436 434
708 587 573 588
725 588 603 602
725 410 411 416
437 356 547 533
437 547 356 355
693 103 456 40
602 725 723 603
603 725 416 417
872 431 408 429
931 240 241 331
921 382 364 380
871 408 410 407
715 924 720 763
789 421 360 659
910 650 664 649
360 353 673 659
360 387 454 352
791 650 636 651
557 710 543 556
789 673 360 454
789 360 361 387
930 398 896 392
888 39 38 666
788 671 657 672
791 635 621 636
934 724 790 419
725 412 415 411
837 634 621 635
631 450 617 412
873 925 874 876
910 665 664 651
855 609 610 623
725 413 410 416
871 561 575 560
871 708 574 588
712 760 872 871
725 410 418 411
761 872 407 430
896 392 398 395
896 371 395 372
911 383 950 377
886 916 843 874
691 669 668 655
856 638 653 652
789 360 421 361
708 574 573 560
802 684 804 803
864 379 370 371
597 857 611 612
875 876 874 839
249 346 266 267
807 82 97 81
711 627 614 628
300 260 259 604
730 271 328 318
932 330 329 328
798 506 303 312
736 647 632 633
249 25 344 267
932 835 240 330
700 344 249 250
837 648 647 634
835 270 330 328
931 321 331 241
903 902 34 661
918 495 494 481
307 548 308 461
932 835 225 240
901 792 833 904
850 814 469 468
786 608 607 593
837 633 634 647
836 292 272 291
903 33 296 660
33 262 269 296
908 392 907 370
726 629 642 628
934 724 645 644
707 586 587 601
535 799 549 938
748 309 311 312
308 256 548 460
723 726 616 630
711 613 627 612
282 257 305 576
604 258 259 300
834 647 661 660
911 383 363 382
726 615 629 614
788 644 658 657
657 726 643 642
642 656 695 655
458 660 297 261
888 856 653 652
660 262 297 261
784 923 746 938
697 455 40 670
856 791 916 917
750 793 926 680
888 666 37 665
841 164 842 149
791 649 635 636
736 293 295 285
265 27 245 323
767 154 169 153
786 623 622 608
735 293 285 284
286 834 903 295
902 457 662 663
888 651 652 666
850 777 749 813
834 270 271 286
676 777 20 192
737 290 284 285
688 466 22 21
791 621 622 636
910 457 663 664
829 783 605 591
660 295 296 903
910 663 649 664
799 307 308 304
799 576 305 562
834 646 660 295
830 923 784 938
783 606 591 592
348 23 277 441
247 346 314 26
723 412 631 617
247 26 314 27
911 383 362 363
247 266 346 26
855 624 638 623
701 339 704 797
812 199 200 215
944 214 213 199
43 386 789 945
899 936 840 900
892 183 199 198
714 905 721 504
944 213 228 227
833 904 195 194
892 184 199 183
892 183 197 182
699 233 810 234
685 693 697 89
910 37 36 664
841 151 166 165
640 857 654 655
904 165 180 179
848 135 134 119
841 149 165 164
848 119 120 135
842 149 164 163
885 133 148 38
848 119 133 118
888 667 39 666
888 651 666 665
856 916 791 910
848 135 149 134
885 39 133 38
888 37 38 163
910 665 37 664
885 456 133 39
931 929 946 932
930 397 398 393
697 670 655 656
885 133 149 148
885 118 133 456
789 387 361 377
930 68 67 53
360 353 454 673
726 616 630 629
644 726 643 657
726 629 644 643
388 0 1 43
388 44 385 386
927 384 376 375
927 389 385 384
927 386 385 44
711 641 627 642
711 641 640 627
736 633 632 619
786 622 621 608
375 895 927 374
36 843 37 910
898 895 47 863
929 326 322 325
783 619 606 620
597 582 858 818
881 472 485 471
757 882 804 915
655 857 654 691
935 69 84 83
940 61 76 75
898 64 79 63
857 626 625 612
855 597 611 610
822 141 140 125
699 248 346 247
900 77 92 91
934 644 645 659
911 921 363 790
900 93 92 77
858 609 595 610
608 595 858 609
882 101 117 116
589 417 603 449
889 515 530 529
800 101 100 85
785 593 579 580
785 594 593 580
933 567 566 552
943 92 93 107
108 936 906 109
882 117 17 132
705 230 245 229
882 117 16 444
922 365 432 366
721 15 445 476
936 109 822 906
740 143 157 142
787 563 578 577
787 563 577 576
768 884 770 718
953 921 869 760
697 670 40 669
739 821 823 741
519 357 435 436
907 392 371 370
405 447 547 355
767 141 155 140
678 732 679 680
761 760 872 763
759 532 546 545
745 525 539 524
693 103 104 119
861 543 556 542
905 531 530 517
501 889 879 515
710 708 572 558
741 127 141 126
778 820 819 868
534 306 520 461
255 506 492 313
919 811 201 202
748 706 507 918
920 478 277 464
774 827 175 190
827 188 189 203
775 252 776 348
827 190 205 189
748 309 276 311
777 21 468 467
313 255 254 492
901 209 208 193
463 441 277 464
484 470 850 485
191 675 774 190
777 482 481 468
677 237 222 22
932 328 730 835
900 61 62 77
952 337 273 340
402 403 404 948
812 215 231 230
755 757 883 718
929 229 243 228
837 621 634 620
702 812 231 230
802 915 757 804
434 715 438 433
440 446 433 491
947 864 921 380
948 56 71 55
882 816 881 884
924 428 429 427
775 237 252 251
761 905 763 532
714 433 505 491
924 427 429 430
776 677 442 237
900 63 77 62
952 272 273 291
688 22 466 442
715 519 505 435
789 658 659 672
779 750 926 796
783 620 606 621
750 926 925 680
704 333 334 336
677 235 220 221
920 679 776 877
412 415 450 617
934 790 869 865
417 725 416 413
903 296 269 270
646 295 294 297
458 294 632 459
415 450 617 603
903 223 238 33
948 55 69 54
714 433 440 438
942 426 439 367
942 445 15 87
890 942 721 15
947 401 370 369
386 789 377 387
807 82 81 67
899 807 95 80
604 299 300 260
735 299 300 604
927 46 61 45
787 564 578 563
46 47 391 927
829 305 282 281
697 685 937 945
930 398 52 51
726 614 629 628
918 508 507 494
798 507 520 506
789 659 673 672
918 480 494 479
945 377 376 386
790 362 409 363
701 323 314 315
249 344 345 267
757 800 915 802
921 756 872 760
828 703 810 677
775 810 235 234
705 229 946 944
684 770 884 719
677 236 235 221
931 242 321 241
929 320 319 327
775 677 236 235
929 229 705 244
701 247 314 246
920 275 951 877
932 328 329 327
712 707 870 726
703 700 775 704
700 333 345 343
836 292 286 271
730 271 318 272
248 247 266 346
862 526 540 539
224 225 209 835
704 335 334 776
331 29 241 321
228 929 931 243
798 706 938 535
929 319 325 322
848 846 949 683
249 345 346 267
699 701 333 704
848 105 119 104
758 530 759 544
701 245 246 323
737 290 292 291
