3 3
156
2.3606797749978983e-01 6.1803398874989501e-01 5.5511151231257827e-17 
-2.3606797749978983e-01 6.1803398874989457e-01 -2.0816681711721685e-17 
2.3606797749978978e-01 -6.1803398874989468e-01 -4.1633363423443370e-17 
-2.3606797749978978e-01 -6.1803398874989490e-01 -1.7347234759768071e-18 
6.1803398874989446e-01 -1.3877787807814457e-17 2.3606797749978975e-01 
3.8196601125010493e-01 3.8196601125010515e-01 3.8196601125010521e-01 
3.8196601125010515e-01 -3.8196601125010521e-01 3.8196601125010532e-01 
6.1803398874989501e-01 1.1102230246251565e-16 -2.3606797749978981e-01 
3.8196601125010499e-01 3.8196601125010510e-01 -3.8196601125010515e-01 
3.8196601125010515e-01 -3.8196601125010526e-01 -3.8196601125010521e-01 
-6.1803398874989479e-01 1.2490009027033011e-16 2.3606797749978983e-01 
-3.8196601125010526e-01 3.8196601125010510e-01 3.8196601125010521e-01 
-3.8196601125010532e-01 -3.8196601125010526e-01 3.8196601125010532e-01 
1.3877787807814457e-17 2.3606797749978981e-01 6.1803398874989479e-01 
-6.2450045135165055e-17 -2.3606797749978983e-01 6.1803398874989490e-01 
-6.1803398874989501e-01 1.1102230246251565e-16 -2.3606797749978986e-01 
-3.8196601125010543e-01 3.8196601125010510e-01 -3.8196601125010521e-01 
-3.8196601125010526e-01 -3.8196601125010521e-01 -3.8196601125010499e-01 
2.7755575615628914e-17 2.3606797749978983e-01 -6.1803398874989490e-01 
9.0205620750793969e-17 -2.3606797749978964e-01 -6.1803398874989468e-01 
4.7136290072214360e-01 2.3731880559582957e-01 -3.2671569506786785e-01 
3.2568488162618786e-01 4.7303079190684216e-01 -2.3462010096945066e-01 
3.2671569506786774e-01 4.7136290072214337e-01 2.3731880559582944e-01 
4.7136290072214354e-01 2.3731880559582960e-01 3.2671569506786780e-01 
6.1803398874989490e-01 9.7144514654701197e-17 1.8647590340294951e-03 
-4.7033208728046333e-01 2.3898669678052825e-01 3.2735277281088648e-01 
-3.2671569506786796e-01 4.7136290072214332e-01 2.3731880559582946e-01 
-3.2568488162618781e-01 4.7303079190684222e-01 -2.3462010096945068e-01 
-4.7033208728046327e-01 2.3898669678052822e-01 -3.2735277281088648e-01 
-6.1803398874989501e-01 5.5511151231257821e-17 1.8647590340294951e-03 
4.7303079190684233e-01 -2.3462010096945074e-01 3.2568488162618775e-01 
3.2735277281088659e-01 -4.7033208728046327e-01 2.3898669678052828e-01 
3.2632195936920633e-01 -4.7199997846516184e-01 -2.3628799215414928e-01 
4.7303079190684227e-01 -2.3462010096945068e-01 -3.2568488162618781e-01 
-4.7199997846516190e-01 -2.3628799215414931e-01 -3.2632195936920633e-01 
-3.2632195936920633e-01 -4.7199997846516195e-01 -2.3628799215414939e-01 
-3.2735277281088654e-01 -4.7033208728046333e-01 2.3898669678052820e-01 
-4.7199997846516201e-01 -2.3628799215414936e-01 3.2632195936920633e-01 
-2.3462010096945074e-01 3.2568488162618775e-01 4.7303079190684222e-01 
2.3731880559582957e-01 3.2671569506786774e-01 4.7136290072214354e-01 
1.8647590340294951e-03 6.1803398874989501e-01 9.3470366860959120e-35 
1.8647590340294951e-03 -6.1803398874989479e-01 3.9008351396910177e-34 
2.3731880559582952e-01 -3.2671569506786785e-01 4.7136290072214337e-01 
-2.3462010096945068e-01 -3.2568488162618764e-01 4.7303079190684216e-01 
2.3898669678052831e-01 3.2735277281088648e-01 -4.7033208728046338e-01 
-2.3628799215414939e-01 3.2632195936920638e-01 -4.7199997846516212e-01 
-2.3628799215414939e-01 -3.2632195936920638e-01 -4.7199997846516201e-01 
2.3898669678052825e-01 -3.2735277281088654e-01 -4.7033208728046327e-01 
4.1405968299146388e-19 1.8647590340294955e-03 6.1803398874989468e-01 
1.1143636214550712e-16 1.8647590340294955e-03 -6.1803398874989468e-01 
4.7136290072214337e-01 2.3731880559582957e-01 -2.2989798674718109e-01 
4.7136290072214337e-01 2.3731880559582957e-01 1.8647590340295124e-03 
4.7136290072214337e-01 2.3731880559582955e-01 2.3362750481524008e-01 
3.3040699584845740e-01 4.6539025059645067e-01 1.8647590340294881e-03 
-4.7033208728046355e-01 2.3898669678052842e-01 -2.2989798674718112e-01 
-4.7033208728046350e-01 2.3898669678052839e-01 1.8647590340294972e-03 
-4.7033208728046344e-01 2.3898669678052836e-01 2.3362750481524014e-01 
-3.3040699584845767e-01 4.6539025059645062e-01 1.8647590340295228e-03 
4.7303079190684222e-01 -2.3462010096945074e-01 -2.2989798674718104e-01 
4.7303079190684227e-01 -2.3462010096945074e-01 1.8647590340294899e-03 
4.7303079190684227e-01 -2.3462010096945077e-01 2.3362750481524006e-01 
3.3271196477617471e-01 -4.6166073252839163e-01 1.8647590340295228e-03 
-3.9718634865228336e-01 -3.5733898801313996e-01 1.8647590340294812e-03 
-4.7594921899496440e-01 -2.2989798674718104e-01 -2.2989798674718107e-01 
-4.7594921899496434e-01 -2.2989798674718109e-01 1.8647590340295020e-03 
-4.6166073252839168e-01 -2.5301724349788834e-01 -2.2989798674718109e-01 
-4.7594921899496423e-01 -2.2989798674718109e-01 2.3362750481524008e-01 
-4.6166073252839168e-01 -2.5301724349788823e-01 1.8647590340294812e-03 
-3.3271196477617504e-01 -4.6166073252839168e-01 1.8647590340294812e-03 
-4.6166073252839168e-01 -2.5301724349788812e-01 2.3362750481524003e-01 
-2.2989798674718107e-01 4.7136290072214354e-01 2.3731880559582963e-01 
1.8647590340294881e-03 4.7136290072214349e-01 2.3731880559582955e-01 
2.3362750481524006e-01 4.7136290072214337e-01 2.3731880559582949e-01 
1.8647590340295020e-03 3.3040699584845745e-01 4.6539025059645078e-01 
-2.2989798674718120e-01 -4.7033208728046327e-01 2.3898669678052825e-01 
1.8647590340294951e-03 -4.7033208728046327e-01 2.3898669678052822e-01 
2.3362750481524014e-01 -4.7033208728046327e-01 2.3898669678052825e-01 
1.8647590340294951e-03 -3.3040699584845762e-01 4.6539025059645073e-01 
-2.2989798674718107e-01 4.7303079190684227e-01 -2.3462010096945080e-01 
1.8647590340295055e-03 4.7303079190684222e-01 -2.3462010096945074e-01 
2.3362750481524008e-01 4.7303079190684227e-01 -2.3462010096945074e-01 
1.8647590340294118e-03 3.3271196477617465e-01 -4.6166073252839179e-01 
1.8647590340294812e-03 -3.9718634865228308e-01 -3.5733898801313979e-01 
-2.2989798674718112e-01 -4.7594921899496384e-01 -2.2989798674718109e-01 
1.8647590340295089e-03 -4.7594921899496384e-01 -2.2989798674718109e-01 
-2.2989798674718109e-01 -4.6166073252839179e-01 -2.5301724349788757e-01 
2.3362750481524008e-01 -4.7594921899496384e-01 -2.2989798674718109e-01 
1.8647590340294951e-03 -4.6166073252839168e-01 -2.5301724349788779e-01 
1.8647590340294673e-03 -3.3271196477617443e-01 -4.6166073252839174e-01 
2.3362750481524006e-01 -4.6166073252839168e-01 -2.5301724349788779e-01 
2.3731880559582946e-01 -2.2989798674718115e-01 4.7136290072214337e-01 
2.3731880559582952e-01 1.8647590340294742e-03 4.7136290072214343e-01 
2.3731880559582952e-01 2.3362750481524008e-01 4.7136290072214349e-01 
4.6539025059645067e-01 1.8647590340294951e-03 3.3040699584845762e-01 
2.3898669678052828e-01 -2.2989798674718109e-01 -4.7033208728046322e-01 
2.3898669678052831e-01 1.8647590340294985e-03 -4.7033208728046322e-01 
2.3898669678052833e-01 2.3362750481524014e-01 -4.7033208728046327e-01 
4.6539025059645056e-01 1.8647590340295506e-03 -3.3040699584845773e-01 
-2.3462010096945071e-01 -2.2989798674718109e-01 4.7303079190684233e-01 
-2.3462010096945074e-01 1.8647590340294955e-03 4.7303079190684227e-01 
-2.3462010096945074e-01 2.3362750481524006e-01 4.7303079190684233e-01 
-4.6166073252839168e-01 1.8647590340294951e-03 3.3271196477617482e-01 
-3.5733898801313979e-01 1.8647590340294951e-03 -3.9718634865228336e-01 
-2.5301724349788790e-01 -2.2989798674718112e-01 -4.6166073252839179e-01 
-2.5301724349788790e-01 1.8647590340294673e-03 -4.6166073252839179e-01 
-2.2989798674718107e-01 -2.2989798674718107e-01 -4.7594921899496434e-01 
-2.5301724349788801e-01 2.3362750481524003e-01 -4.6166073252839174e-01 
-2.2989798674718115e-01 1.8647590340294951e-03 -4.7594921899496423e-01 
-2.2989798674718115e-01 2.3362750481524008e-01 -4.7594921899496423e-01 
-4.6166073252839168e-01 1.8647590340295228e-03 -3.3271196477617493e-01 
-2.2989798674718109e-01 1.8647590340294951e-03 1.8647590340294951e-03 
1.8647590340294951e-03 -2.2989798674718109e-01 1.8647590340294951e-03 
1.8647590340294951e-03 1.8647590340294951e-03 -2.2989798674718109e-01 
-4.6166073252839168e-01 -2.2989798674718109e-01 -2.2989798674718109e-01 
-2.2989798674718109e-01 -4.6166073252839168e-01 -2.2989798674718109e-01 
-2.2989798674718109e-01 -2.2989798674718109e-01 -4.6166073252839168e-01 
-4.6166073252839168e-01 -2.2989798674718109e-01 1.8647590340294951e-03 
-2.2989798674718109e-01 1.8647590340294951e-03 -4.6166073252839168e-01 
-4.6166073252839168e-01 1.8647590340294951e-03 1.8647590340294951e-03 
-2.2989798674718109e-01 1.8647590340294951e-03 2.3362750481524008e-01 
-2.2989798674718109e-01 2.3362750481524008e-01 1.8647590340294951e-03 
1.8647590340294951e-03 -4.6166073252839168e-01 -2.2989798674718109e-01 
1.8647590340294951e-03 -4.6166073252839168e-01 1.8647590340294951e-03 
1.8647590340294951e-03 -2.2989798674718109e-01 2.3362750481524008e-01 
2.3362750481524008e-01 -2.2989798674718109e-01 1.8647590340294951e-03 
1.8647590340294951e-03 1.8647590340294951e-03 -4.6166073252839168e-01 
1.8647590340294951e-03 2.3362750481524008e-01 -2.2989798674718109e-01 
2.3362750481524008e-01 1.8647590340294951e-03 -2.2989798674718109e-01 
1.8647590340294951e-03 1.8647590340294951e-03 1.8647590340294951e-03 
1.8647590340294951e-03 1.8647590340294951e-03 2.3362750481524008e-01 
1.8647590340294951e-03 2.3362750481524008e-01 1.8647590340294951e-03 
2.3362750481524008e-01 1.8647590340294951e-03 1.8647590340294951e-03 
-4.6166073252839168e-01 -2.2989798674718109e-01 2.3362750481524008e-01 
-2.2989798674718109e-01 -4.6166073252839168e-01 1.8647590340294951e-03 
-4.6166073252839168e-01 1.8647590340294951e-03 -2.2989798674718109e-01 
-2.2989798674718109e-01 2.3362750481524008e-01 -4.6166073252839168e-01 
-4.6166073252839168e-01 1.8647590340294951e-03 2.3362750481524008e-01 
-2.2989798674718109e-01 2.3362750481524008e-01 2.3362750481524008e-01 
-2.2989798674718109e-01 4.6539025059645067e-01 1.8647590340294951e-03 
1.8647590340294951e-03 -2.2989798674718109e-01 -4.6166073252839168e-01 
2.3362750481524008e-01 -4.6166073252839168e-01 -2.2989798674718109e-01 
2.3362750481524008e-01 -4.6166073252839168e-01 1.8647590340294951e-03 
2.3362750481524008e-01 -2.2989798674718109e-01 2.3362750481524008e-01 
1.8647590340294951e-03 -2.2989798674718109e-01 4.6539025059645067e-01 
1.8647590340294951e-03 2.3362750481524008e-01 -4.6166073252839168e-01 
2.3362750481524008e-01 2.3362750481524008e-01 -2.2989798674718109e-01 
4.6539025059645067e-01 1.8647590340294951e-03 -2.2989798674718109e-01 
1.8647590340294951e-03 2.3362750481524008e-01 2.3362750481524008e-01 
2.3362750481524008e-01 1.8647590340294951e-03 2.3362750481524008e-01 
2.3362750481524008e-01 2.3362750481524008e-01 1.8647590340294951e-03 
1.8647590340294951e-03 1.8647590340294951e-03 4.6539025059645067e-01 
1.8647590340294951e-03 4.6539025059645067e-01 1.8647590340294951e-03 
4.6539025059645067e-01 1.8647590340294951e-03 1.8647590340294951e-03 
1.8647590340294951e-03 2.3362750481524008e-01 4.6539025059645067e-01 
2.3362750481524008e-01 4.6539025059645067e-01 1.8647590340294951e-03 
4.6539025059645067e-01 1.8647590340294951e-03 2.3362750481524008e-01 
510
63 113 34 15 
113 65 34 17 
113 65 63 34 
83 114 35 3 
114 85 35 17 
114 85 83 35 
105 115 46 19 
105 115 103 46 
115 103 46 17 
67 116 62 17 
116 67 62 12 
116 67 65 17 
67 116 65 63 
116 67 64 63 
116 64 29 15 
64 116 29 10 
64 116 63 15 
113 116 65 17 
116 113 65 63 
116 113 63 15 
132 66 37 10 
66 132 64 10 
69 132 37 12 
69 132 66 37 
132 69 66 64 
132 69 67 12 
69 132 67 64 
132 116 64 10 
116 132 67 12 
132 116 67 64 
133 68 62 17 
68 133 62 12 
68 133 35 17 
133 68 35 3 
133 68 36 12 
68 133 36 3 
74 133 36 12 
133 74 36 3 
133 114 35 17 
114 133 35 3 
134 109 102 17 
109 134 102 16 
109 134 34 17 
134 109 34 15 
134 109 28 16 
109 134 28 15 
54 134 28 16 
134 54 28 15 
134 113 34 17 
113 134 34 15 
104 117 102 17 
117 104 102 16 
117 104 103 17 
117 107 49 19 
107 117 49 18 
107 117 105 19 
117 107 105 103 
107 117 104 103 
117 115 105 19 
115 117 105 103 
115 117 103 17 
106 135 45 16 
135 106 104 16 
135 108 45 18 
135 108 106 45 
108 135 106 104 
108 135 107 18 
135 108 107 104 
135 117 107 18 
117 135 107 104 
117 135 104 16 
55 118 29 15 
118 55 29 10 
118 55 54 15 
55 118 54 16 
118 116 29 15 
116 118 29 10 
116 118 62 17 
118 116 62 12 
116 118 113 15 
118 116 113 17 
118 134 102 17 
134 118 102 16 
134 118 54 15 
118 134 54 16 
118 134 113 15 
134 118 113 17 
56 136 25 10 
136 56 55 10 
136 101 37 12 
101 136 37 10 
136 101 25 10 
101 136 99 12 
136 101 99 25 
132 136 37 12 
136 132 37 10 
132 136 116 10 
136 132 116 12 
118 136 55 10 
136 118 116 10 
118 136 116 12 
110 118 102 17 
118 110 102 16 
118 110 62 17 
110 118 62 12 
110 118 55 16 
136 119 56 25 
119 136 56 55 
136 119 99 12 
119 136 99 25 
119 136 118 12 
136 119 118 55 
110 119 118 12 
119 110 118 55 
120 110 55 16 
70 137 38 11 
137 70 26 11 
56 137 26 11 
137 56 25 11 
56 137 55 26 
100 137 25 11 
137 100 38 11 
100 137 99 25 
137 119 99 25 
119 137 56 25 
137 119 56 55 
119 137 110 55 
120 137 70 26 
137 120 55 26 
137 120 110 55 
70 138 26 1 
78 138 27 16 
138 78 27 1 
138 57 26 1 
138 57 27 16 
57 138 27 1 
57 138 55 16 
138 57 55 26 
138 120 70 26 
138 120 55 16 
120 138 55 26 
84 121 41 2 
121 84 41 3 
84 121 83 3 
87 121 82 17 
121 87 82 9 
121 87 85 17 
87 121 85 83 
121 87 84 83 
121 114 83 3 
114 121 85 17 
121 114 85 83 
94 139 47 9 
139 94 47 19 
139 88 82 17 
88 139 82 9 
88 139 46 17 
139 88 46 19 
139 88 47 9 
88 139 47 19 
139 115 46 17 
115 139 46 19 
89 140 32 9 
89 140 86 32 
140 89 86 84 
140 89 87 9 
89 140 87 84 
140 86 32 2 
86 140 84 2 
121 140 87 9 
140 121 87 84 
140 121 84 2 
75 122 41 3 
122 75 41 2 
75 122 74 12 
122 75 74 3 
122 133 62 17 
133 122 62 12 
122 133 74 12 
133 122 74 3 
133 122 114 17 
122 133 114 3 
121 122 82 17 
122 121 82 9 
121 122 41 2 
122 121 41 3 
122 121 114 17 
121 122 114 3 
122 111 82 17 
111 122 82 9 
111 122 62 17 
122 111 62 12 
111 122 75 12 
123 111 75 12 
141 61 32 9 
61 141 32 2 
141 61 31 2 
61 141 59 9 
141 61 59 31 
76 141 31 2 
141 76 75 2 
140 141 32 9 
141 140 32 2 
140 141 121 2 
141 140 121 9 
122 141 75 2 
141 122 121 2 
122 141 121 9 
124 111 122 75 
111 124 122 9 
141 124 59 9 
124 141 59 31 
141 124 76 31 
124 141 76 75 
141 124 122 75 
124 141 122 9 
90 142 30 6 
142 90 42 6 
142 60 30 6 
60 142 31 6 
60 142 59 31 
142 76 31 6 
76 142 42 6 
76 142 75 42 
123 142 90 42 
142 123 75 42 
142 123 111 75 
142 124 59 31 
124 142 76 31 
142 124 76 75 
124 142 111 75 
143 77 42 14 
143 77 43 12 
77 143 43 14 
77 143 75 12 
143 77 75 42 
90 143 42 14 
98 143 43 12 
143 98 43 14 
143 123 90 42 
143 123 75 12 
123 143 75 42 
125 95 49 18 
95 125 49 19 
125 95 94 19 
95 125 94 9 
117 125 102 17 
125 117 102 16 
125 117 49 19 
117 125 49 18 
117 125 115 19 
125 117 115 17 
139 125 94 19 
125 139 94 9 
125 139 82 17 
139 125 82 9 
125 139 115 19 
139 125 115 17 
112 125 82 17 
125 112 82 9 
125 112 102 17 
112 125 102 16 
112 125 95 9 
96 144 44 18 
144 96 95 18 
144 81 44 18 
144 81 45 16 
81 144 45 18 
81 144 79 16 
144 81 79 44 
135 144 45 16 
144 135 45 18 
135 144 117 18 
144 135 117 16 
125 144 95 18 
144 125 117 18 
125 144 117 16 
112 126 125 16 
126 112 125 95 
144 126 96 44 
126 144 96 95 
144 126 79 16 
126 144 79 44 
126 144 125 16 
144 126 125 95 
127 112 95 9 
145 50 20 8 
50 145 21 8 
145 96 44 8 
96 145 20 8 
96 145 95 20 
80 145 44 8 
145 80 21 8 
80 145 79 44 
126 145 96 44 
145 126 96 95 
145 126 79 44 
126 145 112 95 
145 127 95 20 
127 145 50 20 
145 127 112 95 
50 146 20 7 
146 97 33 9 
97 146 33 7 
146 97 20 7 
97 146 95 9 
146 97 95 20 
58 146 33 9 
146 58 33 7 
146 127 50 20 
146 127 95 9 
127 146 95 20 
128 110 102 17 
110 128 102 16 
110 128 62 17 
128 110 62 12 
111 128 82 17 
128 111 82 9 
128 111 62 17 
111 128 62 12 
128 112 82 17 
112 128 82 9 
112 128 102 17 
128 112 102 16 
119 129 99 12 
129 119 110 12 
123 129 111 12 
128 129 110 12 
129 128 111 12 
120 130 110 16 
126 130 79 16 
130 126 112 16 
130 128 110 16 
128 130 112 16 
147 71 70 38 
137 147 70 38 
147 137 100 38 
137 147 100 99 
147 137 119 99 
137 147 119 110 
137 147 120 70 
147 137 120 110 
129 147 119 99 
147 129 119 110 
147 129 128 5 
129 147 128 110 
147 130 71 5 
130 147 71 70 
147 130 120 70 
130 147 120 110 
130 147 128 5 
147 130 128 110 
124 131 59 9 
131 124 111 9 
127 131 112 9 
128 131 111 9 
131 128 112 9 
148 91 90 30 
142 148 90 30 
148 142 60 30 
142 148 60 59 
142 148 123 90 
148 142 123 111 
148 142 124 59 
142 148 124 111 
148 129 91 5 
129 148 91 90 
148 129 123 90 
129 148 123 111 
129 148 128 5 
148 129 128 111 
131 148 124 59 
148 131 124 111 
148 131 128 5 
131 148 128 111 
149 51 50 21 
145 149 50 21 
149 145 80 21 
145 149 80 79 
149 145 126 79 
145 149 126 112 
145 149 127 50 
149 145 127 112 
130 149 126 79 
149 130 126 112 
149 130 128 5 
130 149 128 112 
149 131 51 5 
131 149 51 50 
149 131 127 50 
131 149 127 112 
131 149 128 5 
149 131 128 112 
99 150 48 14 
150 99 48 13 
150 99 98 14 
99 150 98 12 
150 91 48 14 
91 150 48 13 
91 150 90 14 
143 150 98 14 
150 143 98 12 
150 143 90 14 
150 143 123 90 
143 150 123 12 
129 150 99 12 
129 150 91 5 
150 129 91 90 
129 150 123 90 
150 129 123 12 
100 153 38 13 
153 100 99 13 
153 73 38 13 
153 73 39 5 
73 153 39 13 
73 153 71 5 
153 73 71 38 
92 153 39 5 
153 92 39 13 
153 92 91 5 
92 153 91 13 
153 147 100 38 
147 153 100 99 
153 147 71 5 
147 153 71 38 
153 147 129 99 
147 153 129 5 
150 153 99 13 
150 153 91 5 
153 150 91 13 
150 153 129 99 
153 150 129 5 
71 151 40 0 
151 71 40 1 
71 151 70 1 
79 151 40 1 
151 79 40 0 
151 79 78 1 
79 151 78 16 
138 151 78 1 
151 138 78 16 
151 138 70 1 
138 151 120 16 
151 138 120 70 
130 151 79 16 
130 151 71 5 
151 130 71 70 
151 130 120 16 
130 151 120 70 
154 53 22 5 
53 154 22 0 
154 53 21 0 
53 154 51 5 
154 53 51 21 
72 154 22 5 
154 72 22 0 
72 154 71 0 
154 72 71 5 
80 154 21 0 
154 80 79 0 
154 149 80 21 
149 154 80 79 
154 149 51 5 
149 154 51 21 
149 154 130 5 
154 149 130 79 
154 151 71 0 
151 154 71 5 
151 154 79 0 
154 151 130 5 
151 154 130 79 
152 59 24 4 
59 152 24 7 
152 59 58 7 
59 152 58 9 
51 152 24 4 
152 51 24 7 
51 152 50 7 
146 152 58 7 
152 146 58 9 
152 146 50 7 
152 146 127 50 
146 152 127 9 
131 152 59 9 
131 152 51 5 
152 131 51 50 
131 152 127 50 
152 131 127 9 
155 93 30 4 
155 93 23 5 
93 155 23 4 
93 155 91 5 
155 93 91 30 
60 155 30 4 
155 60 59 4 
52 155 23 5 
155 52 23 4 
155 52 51 5 
52 155 51 4 
155 148 60 30 
148 155 60 59 
155 148 91 5 
148 155 91 30 
148 155 131 5 
155 148 131 59 
152 155 51 5 
155 152 51 4 
152 155 59 4 
155 152 131 5 
152 155 131 59 
