3 3
113
1.04071152210236 0.773645460605621 -0.232709780335426
0.911480307579041 1.18178486824036 -0.159008488059044
0.511322736740112 1.17456448078156 -0.2581687271595
0.749451123654115 0.66205967499432 -2.32752060070415e-005
0.5 0.866025403784439 -0.5
1.00148126900598 1.08417180466413 -0.5
0.866025403784439 0.5 -0.5
1.26632738113403 1.10059666633606 -0.195680856704712
1.3004428361475 0.852209393612163 -0.5
1.29353332519531 0.520239353179932 -0.159650817513466
0.145820036530495 1.53530025482178 0.188991546630859
0.000127816315170179 1.56382045183475 0.5
0.364130745680452 1.43673925023751 0.5
0.241073360510646 1.98541774819611 0.5
1.4970214963422 1.32624531648159 -0.5
1.18939328193665 0.772231578826904 0.153975576162338
-0.201941013336182 1.56413376331329 0.174398049712181
6.12303176911189e-017 1 0.5
-0.527763068675995 1.21713209152222 0.174039468169212
-0.364616017782332 1.43926575265199 0.5
-0.704673528671265 1.24933648109436 -0.157523542642593
-0.748906633926796 0.662675526679865 -7.89930459449719e-005
-0.94314980506897 1.20765244960785 0.152685359120369
-0.5 0.866025403784438 0.5
-1.04150760173798 0.770314991474152 0.187411516904831
-0.659643530845642 1.56188249588013 0.23838047683239
-0.738611660134086 1.37259143542408 0.5
-0.269101811994577 0.96311173535641 0.0001867064581586
1.39604053586902 0.451320279549764 -0.5
1.77091205130642 0.929446344087537 -0.5
1.49147236347198 0.300498485565186 0.121558755636215
0.866025403784438 0.5 0.5
1 0 0
0.748686611652374 1.27996587753296 0.169710069894791
1.00230652779014 1.08596687358986 0.5
1.89038229508969 0.653035051441683 8.01961589380608e-005
-1 0 0
-0.866025403784439 0.5 0.5
-2 0 -0.5
-2 0 0
-1.5 0 -0.5
-1.9418836348521 0.478631328575115 -0.5
-1.32410526275635 0.608583390712738 0.231039226055145
-1.3004428361475 0.852209393612163 0.5
-1.39604053586902 0.451320279549764 0.5
-1.00148126900598 1.08417180466413 0.5
-1.26634109020233 1.10056173801422 0.195576161146164
1.39675931653323 0.452089120647961 0.5
-1.28737223148346 0.762321531772614 -0.132130101323128
1.5 0 -0.5
1.9418836348521 0.478631328575115 0.5
1.77091205130642 0.929446344087537 0.5
1.9418836348521 0.478631328575116 -0.5
2 0 0
2 0 0.5
1.5 0 0.5
1 0 0.5
1.26274156570435 1.09968018531799 0.191152691841125
1.32850506103267 1.49501648914338 7.08602151465172e-007
1.13612949346231 1.64596773178731 -0.5
-1.65358074327491 1.12502032224773 -0.000283061749477565
-1.48627710342407 0.337980091571808 0.0448744334280491
-1.77091205130642 0.929446344087536 0.5
-1.89030302517572 0.653264474016106 0.000204465940795373
-1.9418836348521 0.478631328575115 0.5
-0.478582911890593 1.94189556785279 2.46790236956417e-005
-0.709209774085071 1.87003248537083 0.5
-0.241073360510647 1.98541774819611 0.5
-1.13612949346231 1.64596773178731 0.5
-0.929406926911708 1.77093273847669 2.47274749060548e-005
0.624139249324799 1.5806450843811 0.21840763092041
0.930062504687278 1.77058852853361 1.89809977609432e-005
0.634714424610138 1.59278249740601 -0.23562428355217
0.240353986620903 1.48172914981842 -0.159077525138855
-0.866025403784438 0.5 -0.5
-1.39675931653323 0.452089120647961 -0.5
-1 -1.22460635382238e-016 -0.5
-0.140114188194275 1.51579833030701 -0.150017932057381
-0.364130745680452 1.43673925023751 -0.5
-0.5 0.866025403784439 -0.5
-1.28643023967743 1.13670206069946 -0.228285059332848
-1.13612949346231 1.64596773178731 -0.5
-1.00230652779014 1.08596687358986 -0.5
-0.602167367935181 1.57349193096161 -0.185093060135841
1.13612949346231 1.64596773178731 0.5
0.709209774085071 1.87003248537083 0.5
7.4307576746529e-005 1.9999999986196 2.44582293616572e-005
-1.5 0 0.5
-1 1.22460635382238e-016 0.5
0.47881189530338 1.94183912024554 2.34539410296602e-005
0.241073360510646 1.98541774819611 -0.5
0.364616017782332 1.43926575265199 -0.5
0.738611660134086 1.37259143542408 -0.5
0.709209774085071 1.87003248537083 -0.5
-1.3287081907755 1.49483595881491 0.000133078023929924
-1.4970214963422 1.32624531648159 0.5
-1.4970214963422 1.32624531648159 -0.5
-1.29760685349712 0.84944143149417 -0.5
-1.77091205130642 0.929446344087537 -0.5
0.268740824816411 0.963212525394575 -6.55823864152906e-005
1.65362434618495 1.1249562310172 -5.1138949879394e-005
1.4970214963422 1.32624531648159 0.5
-0.000127816315170131 1.56382045183475 -0.5
6.12303176911189e-017 1 -0.5
-0.241073360510645 1.98541774819611 -0.5
-0.737541490242002 1.37043360886556 -0.5
0.5 0.866025403784439 0.5
-0.709209774085072 1.87003248537083 -0.5
2 0 -0.5
1 0 -0.5
0.737541490242002 1.37043360886556 0.5
1.29760685349712 0.84944143149417 0.5
-2 0 0.5
333
0 1 2 3
0 4 5 6
0 5 7 8
6 9 8 0
10 11 12 13
3 9 6 0
7 5 14 8
0 15 1 3
16 10 11 17
16 18 17 19
18 20 21 22
22 23 21 18
24 22 23 21
18 25 22 26
18 27 17 23
23 22 26 18
9 28 8 29
15 30 31 32
15 30 32 9
1 33 3 15
15 33 3 34
15 30 9 35
15 3 31 34
24 36 21 37
38 39 40 41
37 42 43 24
44 37 42 43
24 45 46 43
15 30 35 47
48 36 21 24
32 49 9 30
15 9 32 3
50 35 47 51
30 52 9 35
30 35 47 50
30 35 53 52
54 53 55 50
15 30 47 31
30 47 56 55
56 30 31 47
7 57 58 1
7 1 58 59
7 29 9 8
0 1 7 5
7 29 8 14
42 60 46 48
42 36 61 48
42 62 63 64
42 61 64 63
25 65 66 67
16 65 25 67
25 22 68 69
25 69 20 22
25 66 69 68
33 70 71 72
73 33 72 70
33 1 3 2
74 75 76 36
77 16 18 27
20 78 77 27
20 79 78 27
20 80 81 82
16 10 27 77
20 83 81 69
25 83 20 69
33 58 71 84
33 2 72 1
33 58 1 71
70 71 85 84
37 42 24 36
16 11 10 86
36 48 75 61
40 61 36 75
74 36 48 75
42 64 61 44
87 39 64 61
61 44 64 87
61 88 44 87
61 36 88 87
33 57 15 1
70 72 73 89
72 73 90 91
72 91 2 73
72 90 73 89
72 1 92 59
72 92 93 59
42 46 60 62
46 68 22 94
46 80 94 22
46 22 68 45
42 63 62 60
24 22 46 45
46 60 62 95
82 80 48 20
80 81 82 96
20 81 80 94
72 1 2 92
48 22 46 24
80 97 98 96
80 48 98 97
10 17 99 12
16 67 25 19
16 65 67 86
16 17 18 27
70 13 10 12
10 89 86 13
57 100 101 51
57 7 15 1
0 8 7 9
30 53 32 49
35 47 51 15
0 15 3 9
34 57 15 33
7 58 57 100
10 77 86 73
77 102 73 103
77 103 73 99
77 83 104 78
18 21 20 27
24 23 22 45
20 80 48 22
20 82 105 79
42 37 88 36
2 0 4 5
3 0 4 2
33 1 72 71
7 15 1 0
33 3 106 99
2 5 4 92
70 10 13 89
33 2 99 73
70 89 13 85
2 91 4 103
2 73 91 103
80 98 48 60
46 80 48 60
61 48 75 63
48 74 82 21
1 5 92 59
24 37 21 23
42 61 88 44
83 105 81 107
20 83 105 81
25 83 69 65
16 77 83 65
18 25 26 19
15 3 32 31
7 14 5 59
7 100 9 29
57 58 84 101
15 100 7 57
15 9 7 100
15 51 35 100
28 6 9 8
0 7 15 9
0 5 8 6
70 10 89 73
73 91 102 90
20 83 77 78
73 90 102 86
10 17 27 99
72 92 2 91
2 91 92 4
77 78 104 102
73 91 103 102
20 83 78 105
83 104 78 107
20 105 78 79
20 82 81 105
83 16 18 77
46 95 94 60
63 75 98 48
22 20 21 48
48 97 82 74
42 61 63 48
48 75 98 97
61 39 63 41
1 2 92 5
5 1 2 0
15 35 9 100
33 3 34 106
108 49 53 52
7 1 59 5
2 73 103 99
72 92 91 93
16 77 65 86
33 99 2 3
83 78 105 107
77 73 102 86
20 22 69 94
10 77 99 27
83 65 107 69
80 82 97 96
42 48 63 60
80 60 94 96
109 32 49 9
7 59 58 14
73 86 89 90
18 77 20 83
25 65 69 66
22 94 68 69
61 75 41 63
80 96 94 81
48 60 98 63
42 46 62 43
18 25 83 20
16 86 10 77
42 64 44 62
46 94 80 60
25 68 22 26
18 25 20 22
83 107 65 104
80 48 22 46
46 43 95 62
77 103 78 102
20 27 21 79
82 74 79 21
24 22 21 48
10 77 73 99
102 86 90 104
77 65 86 104
77 104 83 65
83 69 107 81
16 86 67 11
70 72 89 71
72 91 90 93
72 89 93 90
9 6 109 32
70 89 85 71
72 71 59 93
77 78 103 27
33 12 99 106
33 70 12 110
15 57 111 51
7 14 100 29
33 57 1 58
9 49 28 52
33 70 73 10
15 100 57 51
33 57 84 34
15 57 34 111
0 6 3 4
2 4 3 99
9 109 6 28
33 70 10 12
9 35 29 100
46 45 95 43
52 30 9 49
33 84 70 110
33 70 84 71
112 87 39 64
33 99 10 73
77 102 104 86
48 20 21 82
18 21 27 23
16 27 10 17
16 25 65 83
2 99 103 4
32 3 9 6
57 58 101 100
7 100 14 58
78 79 103 27
2 73 33 72
36 42 24 48
48 75 97 74
39 40 41 61
10 13 86 11
3 106 31 34
72 1 59 71
57 111 51 101
57 34 101 84
33 57 58 84
99 106 12 17
16 17 11 19
42 88 37 44
45 23 22 26
24 45 43 37
20 80 22 94
61 36 39 40
42 43 62 44
61 36 87 39
46 45 68 95
15 34 31 111
24 23 45 37
24 42 46 48
33 106 110 12
33 110 34 84
33 106 34 110
10 12 11 17
15 47 111 31
32 56 30 31
30 47 55 50
10 89 73 86
61 64 63 39
20 69 81 94
80 82 48 97
48 21 36 74
22 26 68 45
25 19 66 26
70 12 85 13
42 88 61 36
80 60 96 98
18 23 19 26
20 82 79 21
27 77 20 18
25 68 26 66
18 23 17 19
16 19 11 67
16 18 25 83
72 71 93 89
109 49 28 9
77 99 27 103
25 67 66 19
16 25 18 19
70 110 85 12
9 28 29 52
70 110 84 85
9 35 52 29
57 111 101 34
41 63 75 98
33 12 10 99
46 94 95 68
36 75 76 40
53 55 50 30
86 11 13 67
1 71 58 59
15 51 111 47
30 55 56 32
30 32 53 55
30 35 50 53
61 75 40 41
49 53 52 30
24 42 43 46
