3 3
337
-0.195020750164986 -0.534107029438019 0.272888153791428
-0.0397338457405567 -0.755468726158142 0.256188631057739
-0.297396659851074 -0.68525367975235 0.276555985212326
-0.0673364922404289 -0.592103779315948 0.0427823178470135
-0.0665469840168953 -0.641967356204987 0.468518674373627
-0.11358241328953 -0.953642524777303 0.278684356087129
0.145248916605638 -0.977433503811879 0.153383499278511
0.0715732802537856 -0.867445915539943 0.492356424926885
-0.242314025759697 -0.321153372526169 0.0929063856601715
-0.361591637134552 -0.29144874215126 0.304948151111603
-0.0733679234981537 -0.219104677438736 0.209918528795242
-0.187565326690674 -0.479747742414474 0.467720836400986
-0.382925510406494 -0.51623147726059 0.00412859953939915
0.0250694397836924 -0.542077958583832 0.253942519426346
-0.226165428757668 0.226437374949455 -0.123540110886097
-0.481481373310089 0.187896192073822 0.127746090292931
-0.400633931159973 0.485722333192825 0.0141913974657655
-0.575038552284241 0.294923424720764 -0.0941747352480888
0.157568007707596 0.264668524265289 -0.0798853412270546
-0.0164336580783129 0.159330561757088 -0.292609006166458
-0.199598476290703 0.110726587474346 0.0517670661211014
-0.0970929563045502 0.417576432228088 -0.000294231635052711
-0.253544270992279 0.504332423210144 -0.207564294338226
-0.0323650315403938 0.441497325897217 -0.298971086740494
0.73123824596405 -0.151237308979034 0.246831640601158
0.961867840027919 -0.210837721267339 0.174234651004964
0.858229224893156 -0.230646757959868 0.458524449273857
0.824868686157801 -0.493609041405803 0.275575334235028
-0.252825319766998 0.355016738176346 -0.595377027988434
-0.373195648193359 0.518188238143921 -0.449110388755798
-0.419895023107529 0.17949965596199 -0.340879917144775
0.0827474370598793 0.549410879611969 0.263521790504456
-0.201761275529861 0.269352704286575 0.271458327770233
-0.171769380569458 0.684477508068085 0.274350821971893
0.0364679768681526 0.616444408893585 -0.0800765231251717
-0.281850814819336 0.754669010639191 -0.0222277007997036
-0.215291246771812 -0.00164562172722071 -0.324691116809845
-0.356163591146469 -0.0770240500569344 -0.600463151931763
-0.251524358987808 0.165021494030952 -0.748023152351379
-0.486060976982117 0.204336747527123 -0.625258028507233
-0.63013231754303 0.32944929599762 -0.33540952205658
-0.146591776431588 -0.701644532766108 0.697284590911101
-0.268893928078206 -0.839634637614399 0.471921318400441
-0.647704660892487 0.104185208678246 -0.459065079689026
-0.131006971001625 0.632332861423492 -0.369196087121964
-0.149591036403616 0.690444618356385 -0.707749073337718
-0.2733520112216 0.827821956010647 -0.489887218763476
0.00160791235975921 -0.113721191883087 0.755050480365753
0 0 1
0.147760103079095 -0.255928006445594 0.955336489125606
0.29552020666134 0 0.955336489125606
-0.525385975837708 0.549740433692932 -0.212531581521034
-0.36856195774091 0.903169747186246 -0.220105636169818
-0.545373976230621 0.0585205107927322 -0.0295211561024189
-0.410234957933426 -0.106227837502956 -0.138570323586464
-0.490755528211594 -0.0648293048143387 -0.398368388414383
-0.329458683729172 -0.238525733351707 -0.335990279912949
-0.569290995597839 -0.316785901784897 -0.20635512471199
-0.445380508899689 -0.162066593766212 0.118707731366158
-0.609477544390524 0.788171049569394 -0.0855775642582613
-0.606962425337169 0.765477820802014 0.2136359522389
0.269567092676328 -0.499539175750382 0.82328257265453
0.341884378211122 -0.710906173794835 0.614595382341572
0.250497162342072 -0.353370904922485 0.543887257575989
0.523278677111435 -0.489282028547629 0.697698016781489
-0.406145662069321 0.614119589328766 0.310283005237579
0.343144327402115 -0.271932452917099 -0.225635200738907
0.389076590538025 -0.489355742931366 0.0575153939425945
0.285477697849274 -0.224924951791763 0.0870993882417679
0.112604551017284 -0.3482426404953 -0.110676616430283
0.0657409280538559 -0.0795125663280487 -0.0938176587224007
0.114602088928223 -0.196539118885994 -0.326116621494293
-0.0231482591480017 0.591164469718933 0.516383230686188
-0.0705565732388047 0.852441089676357 0.518040499000013
-0.336833755371014 0.697577116055413 0.632399548069473
-0.105368884118195 0.672624573663283 0.732443568586668
0.181827753782272 -0.558510661125183 -0.314629852771759
-0.185160636901855 -0.056810449808836 -0.0977821350097656
0.0300161223858595 0.0679250508546829 0.155274644494057
-0.291538834571838 0.0318497493863106 0.306971728801727
0.297859966754913 0.00118871277663857 -0.33391535282135
0.295684903860092 0.0579411536455154 0.08702352643013
-0.17421780526638 -0.376275688409805 -0.119979746639729
-0.06924007833004 -0.394897401332855 -0.318293005228043
0.770510792732239 0.161359205842018 0.0527995936572552
0.584912478923798 0.0265993513166904 -0.0848229229450226
0.656359255313873 0.327355682849884 -0.269137471914291
0.808319628238678 0.102350026369095 -0.0861457660794258
0.929991698997695 0.0733655864824836 -0.360184578397608
0.669957935810089 0.0738837793469429 -0.427617579698563
0.0638857632875443 0.777926325798035 0.211616143584251
0.10706761342352 0.992604094232139 0.0572157169786897
0.0972146041353188 0.94559794959397 0.31047357128505
0.329907951672582 0.921225564067069 0.206165476092656
0.750116646289825 -0.0856044366955757 -0.263320356607437
0.801547586917877 -0.179897770285606 0.000704537436831743
0.639634490013123 -0.165619000792503 -0.180049270391464
0.972416503738953 -0.175847513480893 -0.153244234014525
0.997404499681517 0.0522395225869045 0.0495509464587205
-0.609965622425079 -0.315019130706787 0.133979454636574
-0.663703322410584 -0.285198301076889 0.364491164684296
-0.765604436397552 -0.237760633230209 -0.0447969250380993
-0.662450015544891 -0.0645307749509811 -0.199042826890945
-0.00232546008192003 -0.0297735091298819 -0.779841005802155
-0.147760103531929 -0.25592800618415 -0.955336489125606
-0.250765204429626 -0.167503252625465 -0.779937386512756
-0.29552020666134 1.74295815947996e-010 -0.955336489125606
-0.0593898333609104 0.209882512688637 -0.559068024158478
-0.00474379863590002 -0.0607354752719402 -0.550892770290375
-0.0372846536338329 -0.308768689632416 -0.766437113285065
0.147760103079095 -0.255928006445594 -0.955336489125606
0.444103330373764 0.546180307865143 0.384140312671661
0.671222603901554 0.572701635064386 0.470609236210039
0.510734156551191 0.780344927839486 0.360849573821463
0.428764511900164 0.662620795221294 0.614080349038555
0.29552020666134 0 -0.955336489125606
0.233745038509369 -0.240955829620361 -0.698747634887695
-0.0131839606910944 0.275464177131653 -0.770656883716583
0 0 -1
0.242333769798279 0.141404315829277 -0.76430606842041
-0.795501661745169 0.602888299874413 0.0608506699652098
-0.591033041477203 0.462980896234512 0.165853321552277
-0.705155420060491 0.475647864167906 -0.525846881584194
-0.774566962020971 0.588035916964938 -0.232937291357155
0.340307205915451 -0.361015856266022 0.27048447728157
0.548988878726959 -0.162435814738274 0.06230528652668
0.624036312103271 -0.43515944480896 0.188944756984711
0.369470149278641 -0.666208028793335 0.213772490620613
-0.00760139850899577 -0.829402148723602 -0.0159118995070457
0.153571158647537 -0.758149266242981 -0.0629683509469032
-0.105317406356335 -0.690598130226135 -0.166915059089661
-0.241085395216942 -0.77520614862442 0.0304417833685875
0.00217968528158963 -0.733865261077881 -0.33152836561203
-0.0149632617299022 -0.967005537429657 -0.254315535071658
0.567289173603058 -0.345875024795532 -0.127087071537972
0.837690283871556 -0.480745288436994 -0.259150450419873
0.91488729944519 -0.403633306234188 0.00783475668710603
0.536461234092712 -0.548631846904755 -0.132902160286903
0.799257955637517 -0.600928710914685 0.00845013304932302
0.642213183319481 -0.74607477828057 0.175882495957552
0.639164714762141 -0.754023117440639 -0.15138561942315
0.0595976775906683 -0.996255942489305 -0.0626275808294113
-0.231376498937607 0.287982493638992 0.755094945430756
-0.417548443044391 0.255868692610248 0.871885605944454
-0.29552020666134 1.74295815947996e-010 0.955336489125606
-0.14776010323004 0.255928006358446 0.955336489125606
0.985551285718272 0.0625854223116364 -0.157390368616174
0.942866808161068 0.297636665206353 -0.149715054663855
0.600000560283661 0.0371249280869961 0.274632811546326
0.525660991668701 0.235668435692787 0.0270311255007982
0.737361609935761 0.274788737297058 0.207396253943443
0.935892756293028 0.0395235694659845 0.350060903522382
0.939030641546645 0.287616110118416 0.188410263618643
0.221747666597366 -0.67416125535965 0.384451121091843
-0.24101884093111 -0.941027264173779 -0.237439690022195
-0.147678080768492 -0.989017643715453 0.00594010774878536
-0.206247955560684 0.437223047018051 0.56821072101593
0.251337360313058 0.843035480188614 0.475521514186286
0.21388952434063 0.452396154403687 0.503249645233154
0.0744732990860939 0.301491856575012 0.383387476205826
-0.0247888509184122 0.352612555027008 0.634748816490173
0.146153091416727 0.699174586489192 0.699852964183907
0.0165843013996791 0.492562901205554 0.870118813325544
-0.226939767599106 0.000836444029118866 0.614246904850006
0.00382609269581735 0.089420273900032 0.439418703317642
-0.0694509893655777 -0.178757518529892 0.475115925073624
-0.137902099660096 0.964617196474009 0.22471465278428
-0.436123557386227 -0.642981978023798 0.62957955702944
-0.556605826198223 -0.740392738820472 0.376840213544299
-0.55783917846388 -0.0164830364037256 -0.829785370129925
-0.417531348819228 -0.26078788812619 -0.870435092445082
-0.369058882454489 0.84878605005195 0.378626177804245
-0.445755809545517 -0.273667126893997 -0.522522389888763
-0.660131812095642 -0.148016437888145 -0.419978678226471
0.404508888721466 0.245060831308365 0.626350224018097
0.660735881859757 0.202604817152877 0.7227581770478
0.560136318206787 -0.0180381294339895 0.516225695610046
0.64605700969696 0.171899199485779 0.474859774112701
-0.123008803462497 0.938841525886113 -0.321629326309898
-0.873532043541401 0.366121616681806 -0.320775202758388
-0.853566439837339 0.178432622003871 -0.489475364230146
-0.450021713972092 -0.521983444690704 0.289919435977936
-0.483783632516861 -0.526503622531891 -0.227230399847031
0.305776994752511 0.483876290086788 0.819978149325926
0.246810585260391 0.78489738702774 0.0515205040574074
0.409268438816071 0.633784711360931 0.0125511856749654
0.122715905308723 0.753285467624664 -0.18798340857029
0.552846344971621 0.829217984443571 0.0822098116216158
0.356096532657954 0.930646371617249 -0.0842175185138582
0.303961336612701 0.704737901687622 0.260583013296127
0.0711959078907967 0.347381383180618 0.138737991452217
0.273774713277817 0.364675164222717 0.261174261569977
0.625687753600928 -0.638194899309175 -0.448577870039949
-0.80835485458374 0.0359871983528137 -0.0604676976799965
-0.622031509876251 -0.00805600266903639 0.178955808281899
0.86928099863023 -0.2039107538644 -0.450300954783445
0.65173727273941 -0.220986008644104 -0.437006920576096
-0.966481786132375 -0.139552235795868 0.215495082446789
-0.988329392057517 -0.128001120762654 -0.0825876859993246
0.385341496223734 -0.856183891513311 0.344181747338782
0.433723695713164 -0.900011937498618 0.043154004876696
-0.578364014625549 -0.530814707279205 0.0640436187386513
-0.900886507264875 -0.368900776736335 -0.228726294840413
-0.801017752267456 -0.595590930676132 -0.0603490169657416
0.234780862927437 0.284404665231705 -0.57151859998703
0.426271201668487 0.256885342318827 -0.867353897512338
0.273219531743645 0.491638430512097 -0.826826911219867
0.147760103380985 0.255928006271298 -0.955336489125606
-0.608421385288239 0.361463516950607 0.325506180524826
-0.439686447381973 0.214829713106155 0.463975846767426
-0.140034636575715 0.987804047176002 -0.0680695595829575
-0.556647965801421 0.736204559205867 -0.384897244954592
0.513156116008759 -0.0931902229785919 -0.434860706329346
0.567861643494998 -0.011908920335717 0.823037867575725
0.48057034611702 0.201420992612839 -0.346403956413269
0.487011581659317 0.0882696434855461 -0.584944605827332
0.687187350814964 -0.218452340160551 -0.692857936346472
0.362744182348251 -0.302417486906052 -0.467686057090759
0.423769354820251 -0.112396329641342 -0.660811126232147
-0.762953698635101 0.183906182646751 0.20401568710804
-0.92234072450852 0.380772061631211 -0.0655761007853868
-0.966323593470679 0.136065060508069 -0.218414770587637
-0.525245130062103 -0.0732831209897995 0.485637217760086
-0.480102002620697 0.184900522232056 0.645211637020111
-0.558364696385015 0.0144974376638118 0.82946892053413
0.294285930061002 -0.489733217701986 -0.820705286230928
0.0135538541205411 -0.500423842798243 -0.86567445994295
-0.64033180475235 0.126717254519463 0.383348792791367
-0.768274009827001 0.369477326991699 0.522725119602464
-0.525248299353512 0.474495083455458 0.706377122932815
0.812662641521706 0.299786119031727 0.499707628429723
0.788564241900518 0.00978015107892874 0.614874609201531
-0.771499461511289 0.0582061457136252 0.633561856087434
-0.291707523864454 0.475282950008081 -0.830067971886932
-0.430064087867923 0.23300458338765 -0.872211983663765
-0.14776010323004 0.255928006358446 -0.955336489125606
0.199853405356407 0.457754522562027 -0.374789893627167
-0.918237366443058 0.108168095395325 0.380972180094906
-0.988664918579572 0.126608638794669 0.0806965386656003
-0.227518364787102 -0.363879144191742 -0.582105875015259
0.270396679639816 0.0794841647148132 0.34012696146965
0.45472526550293 -0.137132897973061 0.292786657810211
-0.672653075341489 0.214959637440024 -0.708046745988773
-0.52844843261939 0.422832288220409 -0.736176004838791
-0.265317392276477 -0.506980710931268 -0.820108066110337
0.194323316216469 -0.135383695363998 0.382296800613403
-0.673389154645487 -0.217538130854359 0.706558000471461
-0.854043200983667 -0.182321717590839 0.487205297742439
-0.704783588080865 -0.479703787223457 0.522651289575883
0.476539880037308 0.430308163166046 0.139305964112282
0.429058462381363 0.525590658187866 -0.157391801476479
0.722501371790079 -0.438840397156554 0.534238592376976
-0.922750567193635 -0.380052744678557 0.0639632863924321
-0.775694565184643 -0.587648007935531 0.230147257885925
-0.626068922698261 -0.751224808078802 -0.20904303805295
-0.618441840141676 -0.781606402433862 0.081370277353427
0.228945791721344 -0.51513546705246 -0.567834556102753
0.0697982087731361 -0.332253754138947 -0.521384656429291
-0.900174236399492 0.370825992860483 0.228417221639764
-0.758785685258983 0.569205308048495 0.316622174105784
-0.389686193946677 0.917621533043247 0.0782009740522005
0.826991965129766 0.478216308196611 0.295623835618192
0.440667515380714 -0.246600588821541 -0.863133993352746
0.548349720324985 -0.470331343117042 -0.691448488248568
-0.372133077350938 -0.906655768483965 0.198726672130521
0.462725013494492 -0.222537964582443 0.565523564815521
-0.147760103531929 -0.25592800618415 0.955336489125606
0.108185661391487 -0.682956130922619 0.722403478607691
-0.33441573381424 -0.686673998832703 -0.144169703125954
0.541482082376806 0.474826063123314 -0.693784811194143
0.797302068701493 0.359111291387332 -0.48512729426661
0.650988557824402 0.241521424594972 -0.71963970085267
0.102392554283142 -0.472944259643555 0.452476650476456
-0.0119663012939929 -0.49539215242362 0.86858702669936
0.136250048875809 -0.241022080183029 0.657789885997772
0.550711035728455 0.359720885753632 0.425129950046539
0.293710380792618 -0.024238109588623 0.598408222198486
0.169323861598969 0.177643731236458 0.673813939094543
0.462516903877258 -0.505806028842926 -0.396634608507156
-0.0296690240502357 -0.524758756160736 -0.648680210113525
0.241809277300551 -0.954950512073223 -0.172040090974385
0.142918336706826 -0.860345642569271 -0.489264472800776
-0.420713597763615 -0.83019200631613 -0.365761262718721
-0.163688669177334 -0.86906193869196 -0.466837623055303
-0.185676530003548 -0.616071343421936 -0.485393315553665
-0.0840027369463952 -0.718452300602854 -0.690485214862695
0.741861199150485 -0.417708657406935 -0.524558327283345
-0.430180132155206 -0.234140514114933 0.871850488070589
0.681360483169556 0.435205787420273 0.0194723941385746
0.43756702542305 0.503114759922028 -0.419692158699036
0.789908308826101 0.566419981701787 -0.234975036921876
0.601641127589076 0.650819145347421 -0.463100846082792
-0.062023252248764 -0.444075912237167 0.667817056179047
-0.765765611178692 -0.561447108748387 -0.313656137855138
-0.602274987648719 -0.638831418705389 -0.478705815431143
0.569260239320699 0.0112564103595863 -0.822080332543211
-0.375573009252548 -0.312510371208191 0.604226350784302
-0.291277485518909 -0.480004541469013 0.827498076492571
0.0601952110939354 0.849252577026745 -0.524544180193422
0.0190573520958424 0.511572003364563 -0.621934473514557
0.3591158567166 0.853403247664125 -0.377807753137793
0.393160670995712 -0.492202341556549 0.447260916233063
0.341403216123581 -0.719014704227448 -0.177111640572548
0.154675712533668 -0.678548826431749 -0.718085589675978
0.787774111154692 0.0476818456163623 -0.614115942956256
0.598796949492159 -0.656070249953004 0.459362645853456
0.341723139381076 0.699240748056053 -0.627923301263422
-0.917377119741265 -0.110274539635709 -0.382437898335603
-0.586220504752245 0.647878859946236 0.486413921102993
0.721423040245084 0.692127590674652 -0.022543185898225
0.858925797481288 0.51026119510512 0.0433588190686477
0.713157341860357 0.667339621350768 0.214626269422183
-0.422678195386293 -0.902229666999892 -0.0855848767613277
0.382520198957848 -0.691613024371976 -0.612657915894585
0.43028631303106 -0.259422167428112 0.864611952187244
0.147760103380985 0.255928006271298 0.955336489125606
0.427038478704784 -0.828477890160116 -0.362301701929962
-0.489466339349747 -0.45710152387619 -0.45557689666748
-0.35831011102881 -0.702421009755173 -0.61499478809909
0.448266164563039 -0.87874827997289 -0.163886869982407
-0.437776577615409 0.63582844184454 -0.635668042796619
-0.633121151197095 -0.246500670282318 -0.733754064695544
0.113467844930556 0.965765463922575 -0.233285483605879
-0.492217838764191 -0.421081870794296 0.506615042686462
-0.530367722598564 -0.476052799204082 -0.701486857464607
-0.0117060453980466 0.489711664458193 -0.871805858086951
-0.770330233117539 -0.36746286273135 -0.521116471106373
-0.770518388864088 -0.0603455199546529 -0.634554828713558
-0.873290791192127 -0.369099361188524 0.318007634482652
0.577991516929113 0.430272434166333 0.693391259502571
0.438400865843171 0.237483983312902 0.866836800382745
0.674247522890046 -0.242432256163214 0.697579299469423
0.584958286441739 0.786089986459146 -0.199715638626035
-0.265950386388555 0.49172694314739 0.829141125118457
-0.528140739614014 -0.426695124621247 0.734165260540446
0.106276949847846 0.670273273662834 -0.734465076463372
-0.632558414850518 0.244741187835542 0.73482760071914
1439
0 1 2 3
0 1 4 2
1 5 6 7
0 8 9 10
0 11 2 4
8 9 12 0
13 10 3 0
14 15 16 17
18 14 19 20
14 21 22 16
14 18 21 20
14 21 23 22
24 25 26 27
28 23 29 30
14 22 23 30
31 21 32 33
21 34 33 31
21 16 33 35
21 34 18 23
21 16 35 22
19 30 28 36
30 37 38 36
30 29 39 40
4 41 42 7
39 43 37 30
29 44 45 46
47 48 49 50
29 51 22 52
23 29 30 22
29 44 22 23
30 29 51 22
14 17 30 53
54 55 36 56
54 57 55 56
54 20 53 58
16 35 59 60
21 34 22 35
14 30 36 54
61 62 63 64
16 33 65 32
21 16 20 32
14 17 16 22
16 17 51 22
66 67 68 69
66 70 71 69
72 73 74 75
66 76 69 71
54 20 58 77
14 30 19 36
77 20 70 19
70 20 10 78
20 10 58 77
20 78 79 10
70 80 19 18
66 81 70 68
70 10 68 78
70 82 10 77
77 82 83 70
84 85 86 87
87 86 88 89
90 91 92 93
85 94 95 96
87 95 97 98
87 84 95 98
87 85 94 95
87 95 94 97
54 12 58 57
58 9 99 12
58 9 100 99
101 54 102 53
57 54 102 101
103 104 105 106
103 107 38 108
103 109 104 110
111 112 113 114
103 115 116 110
117 103 118 119
119 103 118 115
103 107 119 117
103 119 116 115
51 120 17 121
59 121 51 16
51 122 40 123
16 22 51 35
51 35 52 59
30 22 51 17
124 125 126 67
124 127 67 126
128 129 1 6
128 3 130 131
132 130 133 129
95 134 135 136
137 138 139 140
141 129 133 128
142 143 144 145
146 87 98 147
84 148 149 85
84 150 151 152
1 153 13 4
1 2 3 131
1 153 127 13
128 130 133 154
154 128 131 155
128 1 3 131
1 129 3 13
72 156 75 74
72 31 90 157
72 31 158 159
160 75 161 72
162 160 75 161
72 31 157 158
79 32 163 164
79 163 9 165
30 29 40 51
29 40 122 39
22 52 35 44
51 22 52 35
22 35 34 44
120 59 121 51
166 90 73 33
2 167 168 42
105 169 106 170
33 90 31 34
32 156 72 33
33 74 65 156
33 65 74 171
54 77 8 82
20 14 19 77
54 56 36 77
30 36 55 37
54 102 55 57
55 56 57 172
55 56 172 37
173 37 43 55
174 175 176 177
2 3 12 0
44 178 46 52
40 179 122 180
54 82 56 77
58 10 79 9
9 12 0 181
0 11 13 10
8 10 82 77
8 3 82 10
58 9 8 10
14 20 54 77
54 56 82 57
82 83 182 56
82 3 130 69
70 82 83 69
158 183 114 161
184 185 34 186
184 187 185 188
184 187 189 185
184 31 185 189
184 90 189 93
34 31 185 184
31 32 190 159
72 159 158 160
31 159 190 191
30 55 54 102
28 36 107 19
36 107 19 108
14 54 36 77
54 8 12 82
19 20 70 18
36 19 71 108
70 71 36 19
69 70 71 83
16 20 32 15
14 15 17 53
137 192 135 140
101 53 193 194
58 53 101 194
89 195 94 196
101 193 197 194
101 193 198 197
127 139 199 200
101 99 201 57
101 202 57 203
119 204 205 206
206 119 117 207
119 108 204 107
103 108 119 107
103 119 108 116
118 119 207 117
79 164 163 165
160 164 156 159
164 156 159 32
15 121 208 32
208 32 209 15
32 190 159 78
20 32 78 190
33 32 156 65
35 34 210 90
34 178 186 44
35 44 52 178
163 32 156 164
29 211 51 52
23 30 19 14
16 60 121 65
16 121 60 59
212 96 196 94
174 176 175 213
212 80 214 215
212 216 217 218
212 218 80 215
219 17 220 121
51 123 17 120
14 36 19 77
17 53 219 193
17 221 193 220
17 219 15 121
17 102 53 193
16 17 15 121
79 78 32 164
30 17 51 40
30 53 17 102
14 53 20 15
28 30 19 23
58 79 222 9
17 219 53 15
53 194 219 193
20 79 58 10
14 53 30 54
123 220 179 40
30 43 17 40
223 224 163 144
116 225 226 110
224 163 222 223
223 227 209 222
223 228 209 227
229 228 209 223
177 151 230 231
224 222 232 223
38 28 233 234
233 38 117 28
37 38 105 169
84 98 152 151
38 107 117 28
38 235 117 118
43 17 193 102
14 20 16 15
36 37 38 108
19 18 236 23
21 16 32 33
19 23 107 28
219 227 15 208
219 194 237 197
219 193 194 197
219 193 238 220
103 118 38 117
108 36 107 38
105 108 37 239
81 148 240 241
105 170 37 169
39 242 243 234
105 109 244 104
103 105 104 109
14 54 20 53
18 81 80 214
19 80 204 236
70 81 18 78
81 240 148 149
81 148 85 149
70 19 36 77
70 18 81 80
18 81 190 78
81 80 214 85
81 245 241 240
70 81 78 68
191 240 190 81
81 245 240 78
31 190 34 185
31 90 157 189
21 23 22 34
32 164 78 159
33 32 31 72
31 90 184 34
31 191 158 159
240 190 81 78
190 159 240 191
100 246 247 248
21 32 20 190
34 186 210 91
184 186 188 185
18 191 149 249
34 236 250 18
186 236 250 34
18 34 185 250
31 189 191 185
31 190 185 191
24 95 98 25
125 24 126 95
24 148 241 176
84 24 151 148
85 24 125 95
24 27 251 126
24 231 26 151
201 182 203 57
201 101 203 252
201 99 252 253
201 254 12 255
254 182 203 201
201 99 181 12
201 181 253 168
256 76 217 257
201 2 181 168
220 121 258 219
121 208 259 258
35 65 260 60
150 261 230 152
259 65 208 121
65 32 209 208
32 121 208 65
116 218 262 115
116 263 218 217
103 116 108 109
116 226 256 109
116 109 110 226
225 116 226 256
168 255 201 2
2 181 168 167
0 2 11 181
2 11 181 167
2 264 131 5
84 24 95 98
189 113 187 93
126 95 134 125
95 96 135 134
24 126 265 241
47 266 48 144
97 95 94 135
1 2 131 5
129 13 69 3
63 61 267 62
76 69 130 129
69 130 129 3
131 2 3 12
3 131 268 130
3 131 12 268
269 270 89 271
13 69 10 68
13 272 10 11
10 3 0 8
3 13 69 10
124 68 245 241
245 240 78 164
124 13 127 153
81 245 78 68
273 274 47 49
240 191 174 275
149 240 275 191
240 148 177 176
240 164 159 78
240 174 276 176
191 174 158 240
240 164 276 277
245 164 165 274
245 63 276 274
164 274 47 165
245 164 274 276
164 165 47 163
277 164 47 160
79 209 227 222
14 22 30 17
2 131 255 12
13 68 67 69
245 63 265 276
124 265 126 241
79 10 164 165
79 9 10 165
10 9 11 165
245 164 10 165
77 70 20 10
79 164 10 78
79 32 209 163
66 71 70 80
20 78 70 18
256 76 278 217
128 3 1 129
20 79 32 15
132 257 279 83
256 257 279 132
132 129 76 130
132 76 280 281
132 130 154 133
132 282 283 154
132 284 285 283
132 83 284 130
19 204 108 107
196 286 216 195
19 108 80 71
163 224 287 144
85 89 86 87
87 88 86 147
86 89 270 88
86 250 149 288
289 270 290 86
291 289 270 290
292 61 63 274
182 254 293 294
119 115 205 295
292 41 4 267
292 274 63 165
292 11 41 167
167 292 296 297
292 274 47 273
298 44 299 236
186 300 236 298
186 298 44 178
34 90 91 210
16 121 32 65
91 186 188 184
178 35 34 210
236 44 299 23
124 13 10 68
66 80 81 85
3 268 82 130
66 212 196 217
70 68 10 69
81 241 245 68
124 63 272 301
66 137 278 134
66 134 68 67
69 302 129 76
12 3 268 82
128 131 155 5
1 4 7 153
124 13 153 272
13 67 127 129
279 285 226 303
18 185 190 191
196 89 304 212
119 108 80 204
18 149 81 214
217 71 80 218
212 96 94 85
66 67 69 302
66 80 217 71
66 68 134 125
81 85 214 149
71 83 257 76
85 212 66 80
148 149 240 275
66 67 137 134
21 190 18 34
158 240 159 191
16 15 32 121
21 20 18 190
18 214 236 250
95 24 126 136
84 149 148 150
24 148 125 241
240 241 148 176
148 176 231 177
231 148 24 176
127 1 129 6
127 126 305 139
127 302 129 67
127 129 302 200
127 129 200 6
137 127 302 200
127 137 126 139
0 4 13 11
42 11 41 4
296 297 266 287
292 4 272 267
4 272 267 153
292 4 11 272
23 186 236 44
236 204 306 289
184 34 91 186
16 51 59 35
18 190 185 34
236 107 204 19
18 34 236 23
53 15 219 194
17 193 219 220
183 158 160 161
101 99 197 252
202 102 198 101
193 307 102 198
193 307 43 102
219 193 197 238
19 236 18 80
86 85 149 214
66 125 134 96
218 71 80 108
66 71 217 76
24 84 85 148
24 95 25 136
87 84 147 86
208 308 259 228
81 85 148 125
212 85 89 214
191 249 111 275
119 80 108 218
66 85 81 125
288 290 309 310
18 249 149 250
86 214 149 250
125 126 67 134
24 125 126 241
84 148 151 150
87 89 88 94
30 102 54 53
214 85 89 86
87 98 147 84
95 94 135 96
82 12 182 268
84 24 98 151
191 149 249 275
86 288 290 250
187 185 309 311
212 215 304 216
185 309 311 288
288 261 150 310
309 250 290 288
66 80 212 217
288 311 249 261
288 185 309 250
0 1 3 13
128 3 129 130
0 12 8 3
1 42 2 5
128 129 6 141
131 268 154 312
131 268 312 255
130 154 128 131
226 256 303 225
256 279 257 109
132 281 256 76
256 313 76 281
256 278 263 217
256 217 263 225
256 76 313 278
124 13 68 67
63 267 292 272
63 272 62 267
63 165 272 292
292 274 273 61
63 272 301 62
63 265 314 64
63 314 274 61
63 265 64 301
61 63 267 292
49 273 266 47
245 165 10 272
29 211 52 46
277 276 47 164
274 276 50 314
274 50 276 47
77 36 70 83
245 68 10 78
307 202 102 198
13 1 129 127
30 55 102 43
274 314 49 61
36 108 71 83
58 100 222 194
82 57 12 54
20 58 79 15
292 165 11 296
292 274 165 47
209 163 32 156
245 241 240 276
58 10 8 77
58 222 79 194
276 47 164 274
58 15 53 194
266 292 296 163
163 266 47 144
163 296 287 224
79 32 15 209
9 11 165 296
33 90 35 166
65 209 229 208
308 259 65 208
24 27 126 136
121 65 60 259
65 229 156 74
72 73 33 74
72 158 157 161
190 31 21 32
65 259 308 60
35 90 210 166
130 268 282 154
223 222 232 227
223 142 163 209
79 227 209 15
79 15 194 227
32 65 209 156
159 156 72 32
43 37 30 55
20 78 18 190
119 107 204 117
38 105 169 106
54 58 101 57
107 204 117 299
107 23 236 299
72 90 33 73
92 90 93 157
14 21 16 20
18 191 249 185
126 138 137 134
126 134 136 138
127 305 301 199
138 126 137 139
84 149 150 288
24 265 126 251
124 301 126 265
26 24 27 251
126 251 301 305
137 278 135 192
137 134 138 135
47 145 48 315
278 302 316 137
127 200 137 139
182 294 317 318
140 302 200 137
9 165 163 296
21 18 14 23
54 58 8 77
55 37 172 173
72 33 90 31
163 292 296 165
160 315 183 162
29 52 22 44
164 47 160 163
30 39 29 28
18 14 23 19
40 43 221 180
221 17 43 40
40 43 180 122
16 65 35 60
150 152 230 151
186 300 185 250
189 90 184 31
124 241 245 265
256 263 278 313
90 93 157 189
31 158 189 157
184 34 90 91
184 90 93 91
12 182 268 254
108 71 83 257
55 36 56 37
30 102 17 43
9 296 222 100
58 57 12 99
58 194 79 15
302 319 280 316
105 239 37 172
105 37 170 172
103 117 38 107
56 37 239 172
38 39 234 169
38 105 108 37
81 125 148 241
87 85 89 94
28 233 243 320
66 96 134 196
95 125 96 134
96 134 196 135
96 85 212 66
66 196 212 96
134 278 196 135
81 68 125 241
65 74 308 229
80 215 204 214
66 96 85 125
37 170 172 321
29 243 28 39
30 54 55 36
107 28 23 299
29 51 211 122
119 116 115 218
186 298 322 300
36 30 28 38
236 250 214 289
292 273 267 61
204 306 289 269
204 206 119 117
236 306 204 299
164 156 163 160
223 142 229 143
144 223 142 163
143 144 223 142
9 296 163 222
72 75 161 73
222 296 224 246
0 11 9 181
79 222 9 163
12 9 99 181
292 11 4 41
11 167 292 296
182 57 12 82
117 118 235 207
245 240 164 276
13 11 4 272
9 99 181 100
181 168 323 248
82 69 130 83
4 153 267 7
0 12 2 181
12 2 181 201
2 255 131 264
11 181 167 323
181 323 168 167
127 199 153 6
56 182 284 83
200 302 280 129
8 82 3 12
128 1 5 6
317 324 318 294
132 284 279 285
284 279 285 244
132 83 130 76
257 76 132 256
83 76 132 257
284 279 244 239
2 4 11 42
6 153 127 1
129 280 76 302
132 280 129 133
132 303 256 281
131 268 130 154
132 76 129 280
111 185 191 189
108 239 83 56
28 39 243 234
317 239 318 324
233 117 299 28
45 28 299 29
29 39 122 243
233 28 299 45
29 45 44 299
68 125 67 134
288 249 150 261
150 230 275 177
148 24 125 85
177 240 174 275
33 35 260 166
148 150 177 151
150 177 151 230
103 105 109 108
117 325 299 206
325 233 117 299
101 193 102 198
102 57 202 173
55 173 172 57
29 299 23 28
54 58 12 8
219 208 121 258
44 298 45 46
265 276 63 314
193 221 17 43
221 193 307 43
193 198 238 221
56 57 317 182
70 10 82 69
172 326 317 173
37 321 173 327
169 39 327 37
172 170 239 324
105 172 170 239
36 108 83 56
2 11 167 42
58 194 99 100
252 99 201 101
99 253 100 328
57 182 203 293
71 116 218 217
327 173 37 43
99 101 58 57
102 307 173 202
57 317 293 326
57 317 326 173
36 83 77 56
317 182 284 56
9 8 12 58
194 247 222 227
79 222 227 194
219 237 227 228
219 208 228 227
65 308 208 229
228 223 232 227
219 194 15 227
33 35 65 260
65 209 156 229
29 44 46 52
58 101 99 194
172 317 57 173
249 311 111 261
201 253 181 99
101 99 194 197
70 71 19 80
186 250 236 300
82 130 268 83
121 17 220 120
93 184 187 189
132 279 256 303
132 285 279 303
284 130 268 282
116 109 256 257
279 109 244 239
105 109 239 244
119 116 218 108
279 226 285 244
105 244 239 170
116 108 109 257
279 257 109 239
284 318 239 244
279 244 109 226
204 269 206 306
84 98 147 152
103 106 38 118
174 275 329 177
174 277 183 158
0 10 9 11
124 127 126 301
272 153 62 267
124 68 241 125
245 276 265 241
153 301 62 199
39 327 37 43
174 158 183 329
240 176 276 241
174 330 276 213
176 240 174 177
176 265 331 213
176 177 175 231
47 315 50 277
277 50 276 330
160 47 142 163
47 277 160 145
240 174 158 277
277 145 47 315
240 164 277 159
245 165 272 63
276 314 265 213
274 47 49 50
124 63 301 265
236 204 289 214
277 159 160 158
277 183 158 160
277 276 50 47
67 129 13 69
124 126 125 241
116 110 262 225
136 95 134 126
127 126 301 305
67 137 127 302
67 127 137 126
66 302 76 278
165 47 163 292
137 278 134 135
126 251 265 301
58 9 222 100
124 272 245 10
84 86 149 288
12 254 268 255
18 250 149 214
201 12 57 99
250 34 185 186
174 277 276 330
117 235 233 325
163 142 160 156
101 102 57 202
276 63 314 274
292 297 41 273
210 178 186 34
299 107 204 236
34 186 236 23
290 250 289 86
289 290 291 332
185 250 332 309
288 185 250 249
250 289 300 332
86 270 290 147
66 76 217 278
66 278 217 196
271 269 215 89
277 330 315 50
57 56 82 182
22 44 34 23
186 185 300 188
149 288 250 249
249 275 261 111
182 203 293 254
44 29 299 23
18 214 80 236
16 121 51 17
72 159 160 156
34 44 186 23
256 313 225 263
134 136 138 135
47 48 145 144
163 47 142 144
142 162 160 333
142 160 162 145
164 160 277 159
142 333 156 229
142 47 145 144
158 111 157 114
72 157 90 73
191 158 275 111
249 111 185 191
72 74 33 156
150 261 275 230
185 249 311 111
48 47 315 50
191 158 111 189
149 275 150 249
275 177 230 329
176 276 241 265
191 158 174 275
158 329 275 111
158 111 114 329
174 177 329 175
240 174 277 276
72 32 31 159
174 275 158 329
209 208 15 227
160 333 75 156
162 160 333 75
35 178 52 210
142 156 333 160
99 100 197 328
29 243 122 320
209 208 227 228
223 163 222 209
223 209 229 142
66 125 81 68
66 278 137 302
150 249 275 261
108 257 83 239
24 265 176 241
256 279 109 226
47 48 266 49
72 75 156 160
316 76 278 313
76 316 302 280
83 257 279 239
130 133 129 128
82 77 83 56
124 127 13 67
33 73 166 171
278 196 135 286
37 327 169 321
137 302 316 140
96 94 135 196
126 137 67 134
24 26 265 251
69 67 129 302
66 70 81 80
278 196 286 263
316 137 192 278
39 43 242 327
84 288 310 147
24 26 176 265
19 108 204 80
119 218 295 215
212 217 80 218
56 172 239 317
215 269 205 204
38 39 28 234
116 108 257 71
204 269 289 214
212 196 217 216
149 288 249 150
119 215 295 205
66 196 134 278
212 218 215 216
296 246 334 287
217 216 196 263
218 215 216 295
116 71 257 217
119 215 80 218
158 114 157 161
28 30 39 38
116 256 217 257
185 187 111 311
89 88 94 195
89 269 215 214
89 304 215 271
87 94 88 146
80 204 236 214
86 214 289 270
86 288 147 290
212 89 94 196
124 68 125 67
212 89 304 215
95 84 85 24
212 80 85 214
87 97 94 146
276 213 50 314
142 229 143 333
66 302 137 67
35 260 210 52
103 110 118 115
195 196 89 304
94 196 195 135
124 272 153 301
218 295 262 115
284 182 318 282
44 299 45 298
182 268 254 282
81 191 240 149
38 36 107 28
30 43 40 39
57 12 201 182
20 79 78 32
84 150 152 310
212 196 216 304
29 40 51 122
284 83 182 268
219 208 258 228
111 189 113 187
38 169 37 39
277 160 315 183
21 35 33 34
220 17 40 123
36 70 83 71
103 110 104 118
296 224 163 222
9 181 323 100
38 234 233 235
174 183 277 330
109 110 226 104
204 205 206 269
132 133 281 280
132 133 283 281
124 245 68 10
323 296 246 334
284 56 239 317
126 27 138 136
128 155 133 141
222 100 246 247
57 326 293 202
95 136 135 97
137 135 138 140
288 261 310 311
275 230 261 112
111 112 261 311
83 56 239 284
100 197 328 247
288 185 249 311
186 178 322 298
219 220 238 258
120 121 258 220
219 258 238 237
219 228 258 237
9 11 323 181
94 88 97 195
89 271 270 304
279 226 256 303
181 248 323 100
256 303 225 313
9 100 323 296
208 228 229 308
33 171 74 73
55 173 102 43
65 308 74 171
82 3 69 10
219 194 227 237
284 317 239 318
117 206 207 325
319 140 302 200
299 45 335 325
72 73 161 157
265 331 251 26
271 215 269 205
116 110 115 262
275 112 329 230
153 7 6 199
181 100 99 253
33 260 65 171
209 142 156 229
174 213 175 330
176 213 231 175
288 309 311 310
332 250 289 290
284 318 182 317
115 119 207 118
90 166 92 91
186 210 91 322
145 47 142 160
35 166 210 260
92 166 90 73
0 4 1 13
284 182 282 268
121 120 60 59
277 315 160 145
236 299 298 306
128 5 1 131
57 202 293 203
100 328 253 248
201 203 253 252
278 263 217 196
278 286 135 192
196 195 135 286
24 136 25 27
24 151 25 98
128 6 5 155
1 42 5 7
84 86 288 147
131 312 154 155
129 141 280 6
181 248 253 168
95 125 85 96
99 328 197 252
101 203 252 202
35 59 60 260
242 122 43 39
51 120 59 123
122 43 39 40
317 294 293 326
40 179 123 122
322 91 186 188
176 231 26 24
186 322 188 300
160 161 162 183
44 46 178 298
19 23 236 107
84 147 310 152
57 202 173 326
9 323 11 296
292 47 163 266
172 324 321 170
319 200 302 280
292 296 297 266
129 6 280 200
76 280 281 316
62 63 64 301
1 153 7 6
132 133 154 283
268 154 312 282
182 282 254 294
193 238 198 197
193 198 221 307
40 180 221 179
221 17 40 220
65 60 308 171
124 245 272 63
51 59 52 211
124 10 13 272
65 260 60 171
176 276 265 213
275 148 177 240
185 188 187 332
165 274 63 245
163 296 266 287
288 310 147 290
69 83 71 76
94 146 97 88
163 156 209 142
185 111 187 189
29 320 28 243
265 301 251 64
236 300 250 289
87 95 84 85
55 57 102 173
222 100 296 246
87 146 88 147
87 146 98 97
105 108 239 109
289 291 270 269
124 127 301 153
89 88 304 270
10 165 11 272
268 83 182 82
184 188 93 187
184 91 93 188
223 144 143 224
323 248 167 334
190 78 240 159
33 171 166 260
299 45 325 233
21 31 190 34
219 238 197 237
160 315 162 145
2 264 168 255
158 111 189 157
38 118 106 235
66 70 69 68
280 141 129 133
128 154 133 155
18 190 81 191
84 310 288 150
274 314 50 49
262 263 218 116
1 7 4 42
83 130 268 284
126 139 27 305
185 250 300 332
1 4 2 42
173 202 307 326
182 317 294 293
18 81 149 191
142 143 145 333
53 58 101 54
43 242 180 122
223 336 232 224
246 224 222 232
208 259 258 228
43 307 180 327
156 333 74 229
222 232 227 247
17 220 120 123
209 208 228 229
107 28 299 117
31 158 191 189
111 189 157 113
194 100 247 197
99 194 197 100
137 139 200 140
126 139 138 27
39 122 243 242
194 197 247 237
278 192 316 313
140 137 192 316
108 109 257 239
111 311 187 113
263 225 116 262
275 111 329 112
111 311 113 112
177 175 230 329
47 273 266 292
189 93 157 113
119 204 80 215
86 147 88 270
69 130 83 76
36 37 108 56
236 300 306 298
90 92 73 157
182 318 282 294
51 123 211 122
86 89 214 270
277 330 183 315
29 122 211 320
29 46 320 211
35 52 59 260
302 316 76 278
119 204 215 205
142 333 145 162
86 214 250 289
299 325 335 206
227 228 237 232
218 263 262 216
173 307 327 326
121 258 259 120
274 273 61 49
153 199 62 7
127 6 200 199
66 69 76 302
126 305 27 251
176 331 26 231
83 284 239 279
148 177 231 151
150 261 152 310
265 314 331 213
268 254 312 255
161 158 160 72
132 283 285 281
38 234 235 106
154 130 132 282
56 172 317 57
76 316 281 313
256 281 303 313
117 325 207 235
101 252 198 202
284 244 285 318
284 283 282 318
239 244 318 324
43 327 180 242
317 294 326 324
79 222 163 209
289 300 332 291
289 300 291 306
194 227 237 247
299 335 298 306
29 46 45 320
119 205 115 207
16 33 35 65
215 295 271 304
18 250 185 249
212 215 214 89
289 291 269 306
116 256 225 217
214 270 89 269
51 17 123 40
148 177 150 275
272 153 301 62
149 84 85 86
111 114 113 157
94 85 89 212
204 206 117 299
71 76 257 217
40 220 179 221
278 263 286 192
296 334 297 287
269 215 214 204
204 299 306 206
236 289 306 300
103 105 38 106
235 233 38 117
151 148 24 231
101 193 53 102
44 186 236 298
301 251 64 305
108 56 37 239
223 336 143 229
227 237 247 232
109 104 226 244
186 178 210 322
299 335 45 298
196 216 304 195
223 336 224 143
103 38 105 108
185 187 309 332
121 259 60 120
29 320 45 28
332 309 250 290
336 228 223 232
37 172 173 321
302 140 319 316
38 30 39 37
20 53 58 15
132 303 281 285
127 199 139 305
2 264 42 168
51 211 123 59
284 282 283 132
173 321 326 327
174 176 213 276
100 328 248 247
265 64 331 314
275 111 112 261
103 116 109 110
196 216 286 263
182 12 201 254
57 182 293 317
217 263 218 216
111 112 114 329
177 231 230 175
173 43 327 307
101 252 197 198
156 75 74 333
102 173 307 43
94 135 195 97
228 336 223 229
90 91 210 166
131 155 264 312
172 317 324 239
172 324 317 326
124 265 245 63
301 62 305 64
268 312 254 282
292 267 273 41
219 121 208 15
201 255 203 254
172 326 321 324
201 168 253 255
39 234 169 242
174 329 183 330
37 321 169 170
284 283 318 285
105 104 170 106
105 170 104 244
299 335 306 206
131 255 312 264
282 130 132 284
43 221 180 307
128 155 141 6
193 220 221 238
222 232 247 246
28 320 45 233
163 144 287 266
28 234 243 233
148 149 275 150
44 35 34 178
24 25 151 26
278 192 313 263
201 203 255 253
2 255 201 12
33 34 35 90
217 225 116 263
218 295 216 262
119 295 218 115
4 41 7 267
214 269 289 270
277 240 159 158
108 116 218 71
181 100 253 248
174 175 329 330
11 323 167 296
13 4 153 272
158 183 329 114
172 173 321 326
323 296 334 167
323 246 100 248
276 50 213 330
323 100 246 296
292 167 41 297
167 42 11 41
323 248 168 167
296 297 334 167
131 5 264 155
185 188 332 300
323 248 334 246
153 267 7 62
103 106 118 104
99 328 252 253
215 271 295 205
176 213 331 231
63 64 314 61
2 5 42 264
292 266 297 273
301 199 305 62
95 98 25 97
89 195 304 88
39 169 327 242
95 136 97 25
119 206 205 207
265 331 64 251
215 295 304 216
127 301 153 199
245 164 78 10
57 101 203 201
132 284 83 279
100 194 247 222
239 170 244 324
176 265 26 331
131 12 268 255
38 106 169 234
296 224 246 287
292 165 272 11
