3 3
1212
0 2 0
0 0 0
10 0 0
10 2 0
7 2 0
3 2 0
3 4 0
1 4 0
1 11 0
3 11 0
7 11 0
9 11 0
9 4 0
7 4 0
3 7 0
3.586 5.586 0
5 5 0
6.414 5.586 0
7 7 0
0 2 4
0 0 4
10 0 4
10 2 4
7 2 2
3 2 2
3 4 2
1 4 2
1 11 2
3 11 2
7 11 2
9 11 2
9 4 2
7 4 2
3 7 2
3.586 5.586 2
5 5 2
6.414 5.586 2
7 7 2
9 6.60199 0
9 6.60199 2
1 6.60199 0
1 6.60199 2
4.24328 4 0
4.24328 4 2
5 4 0
5 4 2
5.75672 4 0
5.75672 4 2
7.87872 2 4
2.05438 2 4
10 1.33333 0
10 0.666667 0
9.23077 0 0
8.46154 0 0
7.69231 0 0
6.92308 0 0
6.15385 0 0
5.38462 0 0
4.61538 0 0
3.84615 0 0
3.07692 0 0
2.30769 0 0
1.53846 0 0
0.769231 0 0
0 0.666667 0
0 1.33333 0
0.75 2 0
1.5 2 0
2.25 2 0
3.57143 2 0
4.14286 2 0
4.71429 2 0
5.28571 2 0
5.85714 2 0
6.42857 2 0
7.75 2 0
8.5 2 0
9.25 2 0
3 2.4 0
3 2.8 0
3 3.2 0
3 3.6 0
2.5 4 0
2 4 0
1.5 4 0
1 4.5204 0
1 5.04079 0
1 5.56119 0
1 6.08159 0
1.66667 11 0
2.33333 11 0
3 10.3333 0
3 9.66667 0
3 9 0
3 8.33333 0
3 7.66667 0
3.19533 6.52867 0
3.39067 6.05733 0
3.9395 5.4395 0
4.293 5.293 0
4.6465 5.1465 0
5.3535 5.1465 0
5.707 5.293 0
6.0605 5.4395 0
6.60933 6.05733 0
6.80467 6.52867 0
7 7.66667 0
7 8.33333 0
7 9 0
7 9.66667 0
7 10.3333 0
7.66667 11 0
8.33333 11 0
9 10.267 0
9 9.534 0
9 8.80099 0
9 8.06799 0
9 7.33499 0
8.5 4 0
8 4 0
7.5 4 0
7 3.6 0
7 3.2 0
7 2.8 0
7 2.4 0
0 1.33333 4
0 0.666667 4
0.769231 0 4
1.53846 0 4
2.30769 0 4
3.07692 0 4
3.84615 0 4
4.61538 0 4
5.38462 0 4
6.15385 0 4
6.92308 0 4
7.69231 0 4
8.46154 0 4
9.23077 0 4
10 0.666667 4
10 1.33333 4
9.29291 2 4
8.58581 2 4
7 2.4 2
7 2.8 2
7 3.2 2
7 3.6 2
7.5 4 2
8 4 2
8.5 4 2
9 4.5204 2
9 5.04079 2
9 5.56119 2
9 6.08159 2
8.33333 11 2
7.66667 11 2
7 10.3333 2
7 9.66667 2
7 9 2
7 8.33333 2
7 7.66667 2
6.80467 6.52867 2
6.60933 6.05733 2
6.0605 5.4395 2
5.707 5.293 2
5.3535 5.1465 2
4.6465 5.1465 2
4.293 5.293 2
3.9395 5.4395 2
3.39067 6.05733 2
3.19533 6.52867 2
3 7.66667 2
3 8.33333 2
3 9 2
3 9.66667 2
3 10.3333 2
2.33333 11 2
1.66667 11 2
1 10.267 2
1 9.534 2
1 8.80099 2
1 8.06799 2
1 7.33499 2
1.5 4 2
2 4 2
2.5 4 2
3 3.6 2
3 3.2 2
3 2.8 2
3 2.4 2
3.57143 2 2
4.14286 2 2
4.71429 2 2
5.28571 2 2
5.85714 2 2
6.42857 2 2
10 0 0.8
10 0 1.6
10 0 2.4
10 0 3.2
0 0 3.2
0 0 2.4
0 0 1.6
0 0 0.8
0.684795 2 4
1.36959 2 4
10 2 3.2
10 2 2.4
10 2 1.6
10 2 0.8
7 2 0.5
7 2 1
7 2 1.5
3 2 1.5
3 2 1
3 2 0.5
0 2 0.8
0 2 1.6
0 2 2.4
0 2 3.2
7 4 0.4
7 4 0.8
7 4 1.2
7 4 1.6
3 4 1.6
3 4 1.2
3 4 0.8
3 4 0.4
9 10.267 2
9 9.534 2
9 8.80099 2
9 8.06799 2
9 7.33499 2
9 4 1.5
9 4 1
9 4 0.5
9 4.5204 0
9 5.04079 0
9 5.56119 0
9 6.08159 0
9 11 0.666667
9 11 1.33333
1 4.5204 2
1 5.04079 2
1 5.56119 2
1 6.08159 2
1 11 1.33333
1 11 0.666667
1 10.267 0
1 9.534 0
1 8.80099 0
1 8.06799 0
1 7.33499 0
1 4 0.5
1 4 1
1 4 1.5
7 11 0.666667
7 11 1.33333
3 11 1.33333
3 11 0.666667
3 7 1.33333
3 7 0.666667
7 7 0.666667
7 7 1.33333
3.586 5.586 1.6
3.586 5.586 1.2
3.586 5.586 0.8
3.586 5.586 0.4
5 5 1.6
5 5 1.2
5 5 0.8
5 5 0.4
6.414 5.586 1.6
6.414 5.586 1.2
6.414 5.586 0.8
6.414 5.586 0.4
3.41443 4 0
3.82885 4 0
6.58557 4 0
6.17115 4 0
6.58557 4 2
6.17115 4 2
3.41443 4 2
3.82885 4 2
8.5 6.70149 0
8 6.80099 0
7.5 6.9005 0
9 6.60199 1.33333
9 6.60199 0.666667
7.5 6.9005 2
8 6.80099 2
8.5 6.70149 2
1.5 6.70149 0
2 6.80099 0
2.5 6.9005 0
1 6.60199 1.33333
1 6.60199 0.666667
2.5 6.9005 2
2 6.80099 2
1.5 6.70149 2
4.62164 4 0
4.62164 4 2
4.07896 4.3965 0
3.91464 4.793 0
3.75032 5.1895 0
4.24328 4 0.4
4.24328 4 0.8
4.24328 4 1.2
4.24328 4 1.6
3.75032 5.1895 2
3.91464 4.793 2
4.07896 4.3965 2
5.37836 4 0
5.37836 4 2
5 4.33333 0
5 4.66667 0
5 4 0.4
5 4 0.8
5 4 1.2
5 4 1.6
5 4.66667 2
5 4.33333 2
5.92104 4.3965 0
6.08536 4.793 0
6.24968 5.1895 0
5.75672 4 0.4
5.75672 4 0.8
5.75672 4 1.2
5.75672 4 1.6
6.24968 5.1895 2
6.08536 4.793 2
5.92104 4.3965 2
7.04667 2 4
6.21462 2 4
5.38258 2 4
4.55053 2 4
3.71848 2 4
2.88643 2 4
7.29291 2 2.66667
7.58581 2 3.33333
2.68479 2 2.66667
2.36959 2 3.33333
9.30361 0.609118 0
9.38179 1.39088 0
8.51403 0.609118 0
8.5922 1.39088 0
7.72445 0.609118 0
7.80262 1.39088 0
6.93486 0.609118 0
7.01304 1.39088 0
6.14528 0.609118 0
6.22346 1.39088 0
5.3557 0.609118 0
5.43388 1.39088 0
4.56612 0.609118 0
4.6443 1.39088 0
3.77654 0.609118 0
3.85472 1.39088 0
2.98696 0.609118 0
3.06514 1.39088 0
2.19738 0.609118 0
2.27555 1.39088 0
1.40779 0.609118 0
1.48597 1.39088 0
0.618214 0.609118 0
0.696392 1.39088 0
1.82156 7.43641 0
1.66294 8.22146 0
2.33705 8.01603 0
1.66294 8.95818 0
2.33705 8.75275 0
1.66294 9.6949 0
2.33705 9.48946 0
1.66294 10.4316 0
2.33705 10.2262 0
9.30361 1.39088 4
9.38179 0.609118 4
8.51403 1.39088 4
8.5922 0.609118 4
7.72445 1.39088 4
7.80262 0.609118 4
6.93486 1.39088 4
7.01304 0.609118 4
6.14528 1.39088 4
6.22346 0.609118 4
5.3557 1.39088 4
5.43388 0.609118 4
4.56612 1.39088 4
4.6443 0.609118 4
3.77654 1.39088 4
3.85472 0.609118 4
2.98696 1.39088 4
3.06514 0.609118 4
2.19738 1.39088 4
2.27555 0.609118 4
1.40779 1.39088 4
1.48597 0.609118 4
0.618214 1.39088 4
0.696392 0.609118 4
1.66294 10.4316 2
2.33705 10.2262 2
1.66294 9.6949 2
2.33705 9.48946 2
1.66294 8.95818 2
2.33705 8.75275 2
1.66294 8.22146 2
2.33705 8.01603 2
1.82156 7.43641 2
0.619264 0 2.50121
0.862103 0 3.2484
0.918228 0 0.879212
1.16107 0 1.6264
1.4039 0 2.3736
1.64674 0 3.12079
1.74434 0 0.879212
1.98718 0 1.6264
2.23002 0 2.3736
2.47286 0 3.12079
2.57046 0 0.879212
2.8133 0 1.6264
3.05613 0 2.3736
3.29897 0 3.12079
3.39657 0 0.879212
3.63941 0 1.6264
3.88225 0 2.3736
4.12509 0 3.12079
4.22269 0 0.879212
4.46552 0 1.6264
4.70836 0 2.3736
4.9512 0 3.12079
5.0488 0 0.879212
5.29164 0 1.6264
5.53448 0 2.3736
5.77731 0 3.12079
5.87491 0 0.879212
6.11775 0 1.6264
6.36059 0 2.3736
6.60343 0 3.12079
6.70103 0 0.879212
6.94387 0 1.6264
7.1867 0 2.3736
7.42954 0 3.12079
7.52714 0 0.879212
7.76998 0 1.6264
8.01282 0 2.3736
8.25566 0 3.12079
8.35326 0 0.879212
8.5961 0 1.6264
8.83893 0 2.3736
9.08177 0 3.12079
9.1379 0 0.751599
9.38074 0 1.49879
2.3033 2 0.647838
0.9279 2 0.687234
1.58547 2 1.11719
2.24305 2 1.54714
0.708391 2 1.48241
1.36597 2 1.91236
2.02354 2 2.34232
0.867669 2 2.52525
1.52524 2 2.95521
0.696697 2 3.35216
10 1.37546 0.882507
10 0.624541 0.651452
10 1.37546 1.70452
10 0.624541 1.47347
10 1.37546 2.52653
10 0.624541 2.29548
10 1.37546 3.34855
10 0.624541 3.11749
0 0.624541 0.882507
0 1.37546 0.651452
0 0.624541 1.70452
0 1.37546 1.47347
0 0.624541 2.52653
0 1.37546 2.29548
0 0.624541 3.34855
0 1.37546 3.11749
7 3.57845 0.421548
7 3.57845 1
7 3.28923 0.710774
7 3 0.421548
7 3.57845 1.57845
7 3.28923 1.28923
7 3 1
7 2.71077 0.710774
7 2.42155 0.421548
7 3 1.57845
7 2.71077 1.28923
7 2.42155 1
7 2.42155 1.57845
3 2.42155 0.421548
3 2.42155 1
3 2.71077 0.710774
3 3 0.421548
3 2.42155 1.57845
3 2.71077 1.28923
3 3 1
3 3.28923 0.710774
3 3.57845 0.421548
3 3 1.57845
3 3.28923 1.28923
3 3.57845 1
3 3.57845 1.57845
9 6.14754 0.504372
9 6.12749 1.34098
9 5.85105 0.937312
9 5.5746 0.533645
9 5.71566 1.6055
9 5.43922 1.20183
9 5.16277 0.798167
9 4.88632 0.3945
9 5.02738 1.46636
9 4.75094 1.06269
9 4.47449 0.659022
9 4.45444 1.49563
1 7.10621 0.51837
1 7.59919 1.33796
1 7.79858 0.662038
1 8.33393 1.33796
1 8.53332 0.662038
1 9.06867 1.33796
1 9.26806 0.662038
1 9.80341 1.33796
1 10.0028 0.662038
1 10.4958 1.48163
7.48107 4 1.51893
7.48107 4 0.827023
7.82702 4 1.17298
8.17298 4 1.51893
7.82702 4 0.481069
8.17298 4 0.827023
8.51893 4 1.17298
8.51893 4 0.481069
1.48107 4 1.51893
1.48107 4 0.827023
1.82702 4 1.17298
2.17298 4 1.51893
1.82702 4 0.481069
2.17298 4 0.827023
2.51893 4 1.17298
2.51893 4 0.481069
7.50169 11 0.501688
7.50169 11 1.49831
8 11 1
8.49831 11 0.501688
8.49831 11 1.49831
1.50169 11 0.501688
1.50169 11 1.49831
2 11 1
2.49831 11 0.501688
2.49831 11 1.49831
3 10.41 0.772616
3 9.85466 1.3342
3 9.63135 0.665798
3 9.11165 1.3342
3 8.88835 0.665798
3 8.36865 1.3342
3 8.14534 0.665798
3 7.58995 1.22738
7 7.58995 0.772616
7 8.14534 1.3342
7 8.36865 0.665798
7 8.88835 1.3342
7 9.11165 0.665798
7 9.63135 1.3342
7 9.85466 0.665798
7 10.41 1.22738
3.14772 6.64356 0.371529
3.13532 6.67349 0.973484
3.293 6.293 0.709409
3.45068 5.91251 0.445333
3.13532 6.67349 1.55467
3.293 6.293 1.29059
3.45068 5.91251 1.02652
3.43828 5.94245 1.62847
3.90588 5.45343 0.324883
3.92992 5.44347 0.78607
4.2341 5.31741 0.564241
4.53828 5.19135 0.342411
3.98882 5.41906 1.22183
4.293 5.293 1
4.59718 5.16694 0.77817
4.04772 5.39465 1.65759
4.3519 5.26859 1.43576
4.65608 5.14253 1.21393
4.68012 5.13257 1.67512
5.31988 5.13257 0.324883
5.34392 5.14253 0.78607
5.6481 5.26859 0.564241
5.95228 5.39465 0.342411
5.40282 5.16694 1.22183
5.707 5.293 1
6.01118 5.41906 0.77817
5.46172 5.19135 1.65759
5.7659 5.31741 1.43576
6.07008 5.44347 1.21393
6.09412 5.45343 1.67512
6.56172 5.94245 0.371529
6.54932 5.91251 0.973484
6.707 6.293 0.709409
6.86468 6.67349 0.445333
6.54932 5.91251 1.55467
6.707 6.293 1.29059
6.86468 6.67349 1.02652
6.85228 6.64356 1.62847
6.59538 2 0.410906
6.01184 2 0.469152
6.21073 2 1
6.40963 2 1.53085
5.40647 2 0.469152
5.60537 2 1
5.80426 2 1.53085
4.80111 2 0.469152
5 2 1
5.19889 2 1.53085
4.19574 2 0.469152
4.39463 2 1
4.59353 2 1.53085
3.59037 2 0.469152
3.78927 2 1
3.98816 2 1.53085
3.40462 2 1.58909
6.70432 2.30477 0
6.32592 2.46009 0
6.48285 2.83781 0
6.63979 3.21554 0
5.87191 2.43341 0
6.02884 2.81114 0
6.18578 3.18886 0
6.34271 3.56659 0
5.42899 2.43341 0
5.58592 2.81114 0
5.74285 3.18886 0
5.89979 3.56659 0
4.98606 2.43341 0
5.143 2.81114 0
5.29993 3.18886 0
5.45686 3.56659 0
4.54314 2.43341 0
4.70007 2.81114 0
4.857 3.18886 0
5.01394 3.56659 0
4.10021 2.43341 0
4.25715 2.81114 0
4.41408 3.18886 0
4.57101 3.56659 0
3.65729 2.43341 0
3.81422 2.81114 0
3.97115 3.18886 0
4.12809 3.56659 0
3.36022 2.78446 0
3.51715 3.16219 0
3.67408 3.53991 0
3.29569 3.69523 0
6.70432 3.69523 2
6.32592 3.53991 2
6.48285 3.16219 2
6.63979 2.78446 2
5.87191 3.56659 2
6.02884 3.18886 2
6.18578 2.81114 2
6.34271 2.43341 2
5.42899 3.56659 2
5.58592 3.18886 2
5.74285 2.81114 2
5.89979 2.43341 2
4.98606 3.56659 2
5.143 3.18886 2
5.29993 2.81114 2
5.45686 2.43341 2
4.54314 3.56659 2
4.70007 3.18886 2
4.857 2.81114 2
5.01394 2.43341 2
4.10021 3.56659 2
4.25715 3.18886 2
4.41408 2.81114 2
4.57101 2.43341 2
3.65729 3.56659 2
3.81422 3.18886 2
3.97115 2.81114 2
4.12809 2.43341 2
3.36022 3.21554 2
3.51715 2.83781 2
3.67408 2.46009 2
3.29569 2.30477 2
3.41164 4 0.35889
3.41741 4 0.846243
3.82587 4 0.66383
3.41741 4 1.33617
3.82587 4 1.15376
3.83164 4 1.64111
8.17844 7.43641 0
7.66294 8.01603 0
8.33705 8.22146 0
7.66294 8.75275 0
8.33705 8.95818 0
7.66294 9.48946 0
8.33705 9.6949 0
7.66294 10.2262 0
8.33705 10.4316 0
9 10.4958 0.51837
9 10.0028 1.33796
9 9.80341 0.662038
9 9.26806 1.33796
9 9.06867 0.662038
9 8.53332 1.33796
9 8.33393 0.662038
9 7.79858 1.33796
9 7.59919 0.662038
9 7.10621 1.48163
7.66294 10.2262 2
8.33705 10.4316 2
7.66294 9.48946 2
8.33705 9.6949 2
7.66294 8.75275 2
8.33705 8.95818 2
7.66294 8.01603 2
8.33705 8.22146 2
8.17844 7.43641 2
7.58041 6.88449 0.597717
8.40045 6.7213 0.578008
8 6.80099 1
7.59955 6.88068 1.42199
8.41959 6.71749 1.40228
3.65832 4.38643 0
3.07858 4.45365 0
3.39079 4.83034 0
2.49884 4.52087 0
2.81105 4.89756 0
3.12325 5.27425 0
1.763 4.39974 0
2.0752 4.77643 0
2.38741 5.15312 0
2.69962 5.52981 0
3.01182 5.9065 0
1.47085 4.81395 0
1.78306 5.19064 0
2.09526 5.56733 0
2.40747 5.94403 0
2.71968 6.32072 0
1.47449 5.58505 0
1.7867 5.96174 0
2.09891 6.33843 0
1.40622 6.26937 0
1 4.45444 0.504372
1 4.47449 1.34098
1 4.75094 0.937312
1 5.02738 0.533645
1 4.88632 1.6055
1 5.16277 1.20183
1 5.43922 0.798167
1 5.71566 0.3945
1 5.5746 1.46636
1 5.85105 1.06269
1 6.12749 0.659022
1 6.14754 1.49563
1.40622 6.26937 2
1.47449 5.58505 2
1.7867 5.96174 2
2.09891 6.33843 2
1.47085 4.81395 2
1.78306 5.19064 2
2.09526 5.56733 2
2.40747 5.94403 2
2.71968 6.32072 2
1.763 4.39974 2
2.0752 4.77643 2
2.38741 5.15312 2
2.69962 5.52981 2
3.01182 5.9065 2
2.49884 4.52087 2
2.81105 4.89756 2
3.12325 5.27425 2
3.07858 4.45365 2
3.39079 4.83034 2
3.65832 4.38643 2
2.41959 6.88449 0.597717
1.59955 6.7213 0.578008
2 6.80099 1
2.40045 6.88068 1.42199
1.58041 6.71749 1.40228
4.63652 4.34538 0
4.31238 4.59597 0
4.62524 4.8404 0
4.17927 4.9958 0
4.62164 4 0.390396
4.62164 4 0.796798
4.62164 4 1.2032
4.62164 4 1.6096
4.17927 4.9958 2
4.31238 4.59597 2
4.62524 4.8404 2
4.63652 4.34538 2
3.83847 4.97681 0.313773
3.70634 5.29562 0.587893
4.10624 4.33068 0.321074
3.97411 4.6495 0.595195
3.84199 4.96831 0.869315
3.70986 5.28713 1.14343
4.11942 4.29887 0.856565
3.9873 4.61768 1.13068
3.85517 4.9365 1.40481
3.72304 5.25532 1.67893
4.12294 4.29038 1.41211
3.99082 4.60919 1.68623
5.36348 4.34538 0
5.37476 4.8404 0
5.68762 4.59597 0
5.82073 4.9958 0
5.37836 4 0.390396
5.37836 4 0.796798
5.37836 4 1.2032
5.37836 4 1.6096
5.82073 4.9958 2
5.37476 4.8404 2
5.68762 4.59597 2
5.36348 4.34538 2
5 4.31012 0.319528
5 4.68988 0.435298
5 4.31012 0.734586
5 4.68988 0.850356
5 4.31012 1.14964
5 4.68988 1.26541
5 4.31012 1.5647
5 4.68988 1.68047
6.34168 4.38643 0
6.60921 4.83034 0
6.92142 4.45365 0
6.87675 5.27425 0
7.18895 4.89756 0
7.50116 4.52087 0
6.98818 5.9065 0
7.30038 5.52981 0
7.61259 5.15312 0
7.9248 4.77643 0
8.237 4.39974 0
7.28032 6.32072 0
7.59253 5.94403 0
7.90473 5.56733 0
8.21694 5.19064 0
8.52915 4.81395 0
7.90109 6.33843 0
8.2133 5.96174 0
8.52551 5.58505 0
8.59378 6.26937 0
6.16836 4 0.35889
6.17413 4 0.846243
6.58259 4 0.66383
6.17413 4 1.33617
6.58259 4 1.15376
6.58836 4 1.64111
8.59378 6.26937 2
7.90109 6.33843 2
8.2133 5.96174 2
8.52551 5.58505 2
7.28032 6.32072 2
7.59253 5.94403 2
7.90473 5.56733 2
8.21694 5.19064 2
8.52915 4.81395 2
6.98818 5.9065 2
7.30038 5.52981 2
7.61259 5.15312 2
7.9248 4.77643 2
8.237 4.39974 2
6.87675 5.27425 2
7.18895 4.89756 2
7.50116 4.52087 2
6.60921 4.83034 2
6.92142 4.45365 2
6.34168 4.38643 2
6.16153 4.97681 0.313773
6.29366 5.29562 0.587893
5.89376 4.33068 0.321074
6.02589 4.6495 0.595195
6.15801 4.96831 0.869315
6.29014 5.28713 1.14343
5.88058 4.29887 0.856565
6.0127 4.61768 1.13068
6.14483 4.9365 1.40481
6.27696 5.25532 1.67893
5.87706 4.29038 1.41211
6.00919 4.60919 1.68623
7.6967 2 0.647838
7.75695 2 1.54714
8.41452 2 1.11719
9.0721 2 0.687234
7.96772 2 2.34803
8.62529 2 1.91808
9.28287 2 1.48812
8.12791 2 3.18199
8.78549 2 2.75203
9.44306 2 2.32208
9.3033 2 3.35216
6.94386 2 3.34889
6.15819 2 2.60717
6.15819 2 3.39283
5.37253 2 2.60717
5.37253 2 3.39283
4.58687 2 2.60717
4.58687 2 3.39283
3.8012 2 2.60717
3.8012 2 3.39283
3.01554 2 3.35565
9.33142 0.756344 2.61055
9.17011 1.19609 3.24382
9.08185 1 0.83884
8.83898 1 1.61295
8.59612 1 2.38705
8.35326 1 3.16116
8.25572 1 0.83884
8.01286 1 1.61295
7.77 1 2.38705
7.52714 1 3.16116
7.4296 1 0.83884
7.18674 1 1.61295
6.94388 1 2.38705
6.70101 1 3.16116
6.60348 1 0.83884
6.36062 1 1.61295
6.11775 1 2.38705
5.87489 1 3.16116
5.77735 1 0.83884
5.53449 1 1.61295
5.29163 1 2.38705
5.04877 1 3.16116
4.95123 1 0.83884
4.70837 1 1.61295
4.46551 1 2.38705
4.22265 1 3.16116
4.12511 1 0.83884
3.88225 1 1.61295
3.63938 1 2.38705
3.39652 1 3.16116
3.29899 1 0.83884
3.05612 1 1.61295
2.81326 1 2.38705
2.5704 1 3.16116
2.47286 1 0.83884
2.23 1 1.61295
1.98714 1 2.38705
1.74428 1 3.16116
1.64674 1 0.83884
1.40388 1 1.61295
1.16102 1 2.38705
0.918154 1 3.16116
0.829886 0.803905 0.756182
0.668579 1.24366 1.38945
3.37543 2.38716 0.387156
3.37806 3.54733 0.390429
3.5955 2.98779 0.40934
3.39328 3.2392 0.660744
3.81294 2.42825 0.428251
3.61071 2.67965 0.679655
3.40849 2.93106 0.931059
3.5955 2.40934 0.987792
3.39328 2.66074 1.2392
3.37806 2.39043 1.54733
4.35117 2.34468 0.343575
4.15238 2.45552 0.727005
4.14479 2.75397 0.447411
3.95738 2.41713 1.25023
3.94979 2.71558 0.970638
3.94221 3.01403 0.691044
3.93463 3.31249 0.411451
3.75595 2.63182 1.53637
3.74836 2.93027 1.25678
3.74078 3.22872 0.977187
3.73319 3.52717 0.697594
3.54957 3.04111 1.64021
3.54199 3.33956 1.36062
3.5344 3.63801 1.08102
3.33941 3.59963 1.60425
4.79972 2.37149 0.37149
4.5975 2.33367 0.91212
4.5975 2.62289 0.622894
4.5975 2.91212 0.333668
4.39527 2.44046 1.30814
4.39527 2.72968 1.01891
4.39527 3.01891 0.729685
4.39527 3.30814 0.440459
4.19304 2.69186 1.55954
4.19304 2.98109 1.27032
4.19304 3.27032 0.981089
4.19304 3.55954 0.691863
3.99082 3.08788 1.66633
3.99082 3.37711 1.37711
3.99082 3.66633 1.08788
3.78859 3.62851 1.62851
5.27028 2.37149 0.37149
5.06806 2.33367 0.91212
5.06806 2.62289 0.622894
5.06806 2.91212 0.333668
4.86583 2.44046 1.30814
4.86583 2.72968 1.01891
4.86583 3.01891 0.729685
4.86583 3.30814 0.440459
4.66361 2.69186 1.55954
4.66361 2.98109 1.27032
4.66361 3.27032 0.981089
4.66361 3.55954 0.691863
4.46138 3.08788 1.66633
4.46138 3.37711 1.37711
4.46138 3.66633 1.08788
4.25915 3.62851 1.62851
5.74085 2.37149 0.37149
5.53862 2.33367 0.91212
5.53862 2.62289 0.622894
5.53862 2.91212 0.333668
5.33639 2.44046 1.30814
5.33639 2.72968 1.01891
5.33639 3.01891 0.729685
5.33639 3.30814 0.440459
5.13417 2.69186 1.55954
5.13417 2.98109 1.27032
5.13417 3.27032 0.981089
5.13417 3.55954 0.691863
4.93194 3.08788 1.66633
4.93194 3.37711 1.37711
4.93194 3.66633 1.08788
4.72972 3.62851 1.62851
6.21141 2.37149 0.37149
6.00918 2.33367 0.91212
6.00918 2.62289 0.622894
6.00918 2.91212 0.333668
5.80696 2.44046 1.30814
5.80696 2.72968 1.01891
5.80696 3.01891 0.729685
5.80696 3.30814 0.440459
5.60473 2.69186 1.55954
5.60473 2.98109 1.27032
5.60473 3.27032 0.981089
5.60473 3.55954 0.691863
5.4025 3.08788 1.66633
5.4025 3.37711 1.37711
5.4025 3.66633 1.08788
5.20028 3.62851 1.62851
6.6606 2.40037 0.39575
6.4656 2.36199 0.918976
6.45801 2.66044 0.639383
6.45043 2.95889 0.359789
6.2668 2.47283 1.30241
6.25922 2.77128 1.02281
6.25164 3.06973 0.743219
6.24405 3.36818 0.463626
6.06538 2.68751 1.58855
6.05779 2.98597 1.30896
6.05021 3.28442 1.02936
6.04262 3.58287 0.749769
5.85521 3.24603 1.55259
5.84762 3.54448 1.273
5.64883 3.65532 1.65643
6.62194 3.60957 0.452668
6.60672 3.33926 0.760804
6.4045 3.59066 1.01221
6.59151 3.06894 1.06894
6.38929 3.32035 1.32035
6.18706 3.57175 1.57175
6.60672 2.7608 1.33926
6.4045 3.01221 1.59066
6.62194 2.45267 1.60957
6.62457 3.61284 1.61284
7.71117 10.3545 0.790516
8.20948 10.3545 1.28883
8.23197 9.74817 0.768033
7.76803 9.49095 1.23197
8.23197 8.99123 0.768033
7.76803 8.73401 1.23197
8.23197 8.23429 0.768033
7.76803 7.97707 1.23197
8.01503 7.45133 0.644944
8.34424 7.36872 1.27215
8.55455 6.20722 1.48775
8.55618 6.02614 0.482926
8.22593 6.22011 0.796661
8.38507 5.85023 1.07456
8.54421 5.48034 1.35245
7.95673 6.27217 1.21702
8.11587 5.90228 1.49491
7.64638 6.41986 1.56552
7.26079 6.46893 0.92432
7.49553 6.46392 0.495086
7.3148 6.07887 1.42923
7.54954 6.07387 1
7.78428 6.06887 0.570766
7.64494 5.68293 1.42923
7.87968 5.67793 1
8.11442 5.67293 0.570766
7.97508 5.287 1.42923
8.20981 5.28199 1
8.44455 5.27699 0.570766
8.29049 4.89137 1.45615
8.52523 4.88637 1.02692
8.57293 4.49645 1.54337
8.58456 4.39514 0.396132
8.22477 4.76841 0.48651
8.27118 4.46652 0.868713
7.86499 5.14168 0.576888
7.9114 4.8398 0.959091
7.95781 4.53791 1.34129
7.47599 5.70498 0.426696
7.5224 5.40309 0.808899
7.56881 5.1012 1.1911
7.61522 4.79931 1.5733
7.10523 6.14964 0.426696
7.15164 5.84775 0.808899
7.19805 5.54586 1.1911
7.24446 5.24397 1.5733
6.87673 5.66896 1.59821
7.74868 4.5054 0.498224
7.2846 5.11376 0.417855
7.3993 4.7667 0.743064
7.51399 4.41963 1.06827
6.88468 5.52797 0.519406
6.99938 5.18091 0.844615
7.11407 4.83384 1.16982
7.22877 4.48678 1.49503
6.7126 5.25273 1.26699
6.8273 4.90567 1.5922
6.86691 4.79941 0.400537
7.08547 4.40934 0.599145
6.60307 4.8526 0.809145
6.82163 4.46253 1.00775
6.54559 4.53752 1.40526
6.40529 4.43387 0.544484
1.79052 10.3545 0.711173
2.28883 10.3545 1.20948
2.23197 9.49095 0.768033
1.76803 9.74817 1.23197
2.23197 8.73401 0.768033
1.76803 8.99123 1.23197
2.23197 7.97707 0.768033
1.76803 8.23429 1.23197
1.65576 7.36872 0.727848
1.98497 7.45133 1.35506
1.44545 6.20722 0.512249
2.35362 6.41986 0.434481
1.88413 5.90228 0.505087
2.04327 6.27217 0.782982
1.45579 5.48034 0.64755
1.61493 5.85023 0.925444
1.77407 6.22011 1.20334
1.44382 6.02614 1.51707
1.42707 4.49645 0.456626
1.47477 4.88637 0.973082
1.70951 4.89137 0.543848
1.55545 5.27699 1.42923
1.79019 5.28199 1
2.02492 5.287 0.570766
1.88558 5.67293 1.42923
2.12032 5.67793 1
2.35506 5.68293 0.570766
2.21572 6.06887 1.42923
2.45046 6.07387 1
2.6852 6.07887 0.570766
2.50447 6.46392 1.50491
2.73921 6.46893 1.07568
3.12327 5.66896 0.401793
2.75554 5.24397 0.426696
2.80195 5.54586 0.808899
2.84836 5.84775 1.1911
2.89477 6.14964 1.5733
2.38477 4.79931 0.426696
2.43119 5.1012 0.808899
2.4776 5.40309 1.1911
2.52401 5.70498 1.5733
2.04219 4.53791 0.658707
2.0886 4.8398 1.04091
2.13501 5.14168 1.42311
1.72881 4.46652 1.13129
1.77523 4.76841 1.51349
1.41544 4.39514 1.60387
3.1727 4.90567 0.407799
3.2874 5.25273 0.733008
2.77123 4.48678 0.504966
2.88593 4.83384 0.830175
3.00062 5.18091 1.15539
3.11532 5.52797 1.48059
2.48601 4.41963 0.931727
2.6007 4.7667 1.25694
2.7154 5.11376 1.58214
2.25132 4.5054 1.50178
3.45441 4.53752 0.594736
3.17836 4.46253 0.992247
3.39692 4.8526 1.19085
2.91453 4.40934 1.40085
3.13309 4.79941 1.59946
3.59471 4.43387 1.45552
4.18085 4.99041 0.322315
4.56825 4.38941 0.345578
4.4714 4.72506 0.549263
4.21207 4.96313 0.764863
4.60862 4.37276 0.790012
4.48562 4.70149 1
4.23804 4.9371 1.20999
4.63933 4.34688 1.23345
4.5185 4.67232 1.44098
4.26824 4.90978 1.6529
4.67099 4.32353 1.67779
5.32901 4.32353 1.67779
5.36067 4.34688 1.23345
5.4815 4.67232 1.44098
5.73176 4.90978 1.6529
5.39138 4.37276 0.790012
5.51438 4.70149 1
5.76196 4.9371 1.20999
5.43175 4.38941 0.345578
5.5286 4.72506 0.549263
5.78793 4.96313 0.764863
5.81915 4.99041 0.322315
4483
607 606 608 920
610 607 611 924
607 608 611 924
611 608 612 925
608 609 612 921
613 610 614 928
610 611 614 924
614 611 615 925
611 612 615 925
616 613 617 932
613 614 617 928
617 614 618 929
614 615 618 929
619 616 620 932
616 617 620 932
620 617 621 933
617 618 621 929
620 621 622 933
210 4 349 606
4 74 349 606
74 351 606 607
74 73 351 607
73 353 607 610
73 72 353 610
72 353 610 613
72 71 355 613
71 355 613 616
71 70 355 616
70 357 616 619
70 69 357 619
69 5 359 619
5 215 359 619
214 215 619 936
214 619 620 936
214 620 622 936
213 214 622 937
24 213 622 937
190 24 622 937
621 190 622 933
191 190 621 933
618 191 621 929
192 191 618 929
615 192 618 929
193 192 615 929
612 193 615 925
194 193 612 925
609 194 612 921
195 194 609 921
23 195 609 921
212 23 609 921
211 212 609 921
608 211 609 921
606 211 608 920
210 211 606 920
897 896 898 919
899 897 900 923
897 898 900 923
901 899 902 927
899 900 902 927
903 901 904 931
901 902 904 931
903 904 905 935
338 339 896 915
338 896 897 919
23 338 897 918
195 23 897 918
194 195 897 922
194 897 899 926
193 194 899 926
192 193 899 926
192 899 901 926
191 192 901 930
191 901 903 930
190 191 903 934
24 190 903 934
340 24 903 934
340 903 905 935
341 340 905 939
337 336 391 905
389 336 904 905
336 335 389 904
387 335 902 904
335 334 385 902
385 334 900 902
383 334 898 900
334 333 383 898
383 333 896 898
333 332 381 896
48 332 339 379
332 339 381 896
886 885 887 916
889 886 890 913
886 887 890 913
890 887 891 909
887 888 891 908
892 889 893 911
889 890 893 910
893 890 894 910
890 891 894 909
893 894 895 907
4 75 210 349
75 210 349 885
211 210 885 916
211 885 886 916
212 211 886 917
23 212 886 917
23 886 889 917
338 23 889 918
338 889 892 915
339 338 892 915
339 48 379 892
48 142 377 892
142 892 895 907
892 893 895 907
142 141 375 895
141 22 375 895
22 206 468 895
466 206 894 895
206 207 466 894
207 208 464 894
464 208 891 894
208 209 462 891
462 209 888 891
77 3 209 343
209 77 343 888
77 76 345 888
345 76 887 888
347 76 885 887
76 75 347 885
377 375 378 907
375 376 378 907
379 377 380 911
377 378 380 911
381 379 382 915
379 380 382 915
383 381 384 919
381 382 384 919
385 383 386 923
383 384 386 923
387 385 388 927
385 386 388 927
389 387 390 931
387 388 390 931
391 389 392 935
389 390 392 935
393 391 394 939
391 392 394 939
395 393 396 943
393 394 396 943
397 395 398 947
395 396 398 947
142 375 377 907
337 341 391 393
337 49 341 393
49 393 395 460
205 49 395 460
204 205 395 461
204 395 397 461
19 204 397 461
19 125 219 397
126 125 397 476
126 397 398 476
20 126 398 476
20 127 200 398
396 127 398 409
128 127 396 409
394 128 396 413
129 128 394 413
392 129 394 417
130 129 392 417
390 130 392 421
131 130 390 421
132 131 390 425
388 132 390 425
133 132 388 429
386 133 388 429
134 133 386 433
384 134 386 433
135 134 384 437
382 135 384 437
136 135 382 441
380 136 382 441
137 136 380 445
378 137 380 445
138 137 378 449
376 138 378 449
138 21 199 376
21 139 199 376
140 139 376 468
375 140 376 468
22 140 375 468
411 408 412 946
408 409 412 947
412 409 413 947
410 411 414 948
414 411 415 944
411 412 415 942
415 412 416 942
412 413 416 943
416 413 417 943
414 415 418 940
418 415 419 940
415 416 419 941
419 416 420 941
416 417 420 939
420 417 421 939
418 419 422 936
422 419 423 936
419 420 423 937
423 420 424 934
420 421 424 935
424 421 425 935
422 423 426 932
426 423 427 932
423 424 427 930
427 424 428 930
424 425 428 930
428 425 429 930
426 427 430 928
430 427 431 928
427 428 431 929
431 428 432 929
428 429 432 926
432 429 433 926
430 431 434 924
434 431 435 924
431 432 435 925
435 432 436 925
432 433 436 922
436 433 437 922
434 435 438 920
438 435 439 920
435 436 439 921
439 436 440 918
436 437 440 918
440 437 441 918
438 439 442 916
442 439 443 916
439 440 443 914
443 440 444 914
440 441 444 914
444 441 445 914
442 443 446 912
446 443 447 912
443 444 447 910
447 444 448 910
444 445 448 910
448 445 449 910
446 447 450 908
450 447 451 908
447 448 451 906
202 201 408 472
202 408 411 472
410 202 411 470
203 202 410 470
63 1 203 364
203 63 364 410
63 62 362 410
62 362 410 414
62 61 360 414
61 360 414 418
61 60 358 418
60 358 418 422
60 59 356 422
59 356 422 426
59 58 354 426
58 354 426 430
58 57 352 430
57 352 430 434
57 56 350 434
56 350 434 438
56 55 350 438
55 348 438 442
55 54 348 442
54 346 442 446
54 53 346 446
53 344 446 450
53 52 344 450
196 450 451 465
197 196 451 465
198 197 451 467
448 198 451 906
198 448 449 906
199 198 449 469
408 200 409 947
201 200 408 474
454 452 455 944
453 454 456 949
456 454 457 949
454 455 457 945
457 455 458 942
456 457 459 949
459 457 460 946
457 458 460 942
459 460 461 947
68 67 363 452
67 363 452 454
363 67 453 454
67 66 363 453
216 453 456 949
217 216 456 473
218 217 456 475
218 456 459 475
219 218 459 477
219 459 461 477
458 341 460 939
340 341 458 939
24 340 458 938
455 24 458 938
213 24 455 937
214 213 455 937
452 214 455 940
215 214 452 940
68 5 215 361
215 68 361 452
464 462 465 908
462 463 465 908
466 464 467 909
464 465 467 909
468 466 469 907
466 467 469 906
467 198 469 906
2 52 196 463
2 51 342 463
51 50 343 463
343 50 462 463
3 50 209 343
50 209 343 462
472 470 473 949
470 471 473 949
474 472 475 946
472 473 475 949
476 474 477 947
474 475 477 947
200 474 476 947
471 216 473 949
0 66 216 471
0 65 365 471
65 64 364 471
364 64 470 471
1 64 203 364
64 203 364 470
344 342 345 908
342 343 345 908
346 344 347 912
344 345 347 912
348 346 349 916
346 347 349 916
350 348 351 920
348 349 351 920
352 350 353 924
350 351 353 924
354 352 355 928
352 353 355 928
356 354 357 932
354 355 357 932
358 356 359 936
356 357 359 936
360 358 361 940
358 359 361 940
362 360 363 944
360 361 363 944
364 362 365 948
362 363 365 948
436 437 918 922
347 345 887 912
423 424 930 934
350 352 434 924
194 921 922 925
435 439 920 921
352 354 430 928
444 445 910 914
887 347 912 916
351 349 606 920
365 363 453 948
353 607 610 924
353 610 613 928
355 613 616 932
357 616 619 932
901 192 926 930
894 890 909 910
897 194 922 926
192 193 926 929
191 929 930 933
195 23 918 921
889 23 917 918
384 382 437 919
388 386 429 927
411 470 472 949
211 210 916 920
384 383 919 923
449 907 910 911
433 386 923 927
907 893 910 911
386 385 923 927
889 890 910 913
903 191 930 934
899 897 923 926
621 617 929 933
429 388 927 931
428 926 929 930
889 910 911 914
439 440 914 918
341 337 391 905
904 389 905 935
902 387 904 931
900 385 902 927
898 383 900 923
397 219 461 477
886 887 913 916
390 389 931 935
887 908 909 912
191 621 929 933
195 194 921 922
190 933 934 937
893 894 907 910
210 349 885 916
349 347 885 916
439 443 916 917
443 444 910 914
440 441 914 918
460 457 942 946
342 344 450 908
48 377 379 892
893 889 910 911
375 22 468 895
342 51 343 463
466 468 895 907
439 917 920 921
207 464 466 894
891 464 894 909
208 462 464 891
888 462 891 908
450 451 465 908
892 893 907 911
885 347 887 916
438 439 916 920
465 464 908 909
449 378 907 911
608 607 920 924
339 381 896 915
896 383 898 919
385 900 923 927
424 425 930 935
394 393 939 943
941 455 944 945
340 934 935 938
936 419 937 940
362 414 944 948
470 364 471 948
375 142 895 907
341 393 460 939
334 383 385 900
383 385 900 923
335 385 387 902
335 387 389 904
336 389 391 905
418 419 936 940
464 466 894 909
890 909 910 913
219 19 397 461
397 476 477 947
125 397 476 477
125 219 397 477
200 20 398 476
398 396 409 947
409 396 413 947
449 469 906 907
194 193 925 926
447 451 908 909
437 382 441 919
437 384 919 923
445 380 911 915
349 74 351 606
433 384 437 923
380 378 445 911
139 199 376 469
376 468 469 907
139 376 468 469
468 375 895 907
408 411 472 946
887 345 908 912
412 413 943 947
414 415 940 944
459 475 946 947
475 459 946 949
363 362 944 948
415 416 941 942
408 412 946 947
352 430 924 928
922 194 925 926
411 412 942 946
394 392 417 939
454 363 944 948
930 425 931 935
419 937 940 941
620 932 933 936
364 203 410 470
432 428 926 929
442 443 912 916
455 214 937 940
428 429 926 930
411 410 470 948
436 432 922 925
348 350 438 920
617 613 928 932
429 433 926 927
610 353 924 928
425 390 931 935
608 920 921 924
433 437 922 923
431 435 924 925
427 431 928 929
437 441 918 919
441 445 914 915
443 447 912 913
447 448 906 910
445 449 910 911
448 449 906 910
398 200 476 947
363 66 365 453
359 215 361 940
362 410 414 948
360 414 418 940
925 614 928 929
358 418 422 936
356 422 426 932
443 439 914 917
443 910 913 914
354 426 430 928
212 211 917 921
352 430 434 924
350 434 438 920
348 438 442 916
921 608 924 925
614 617 928 929
346 442 446 912
52 2 342 463
52 342 344 450
451 198 467 906
198 449 469 906
376 199 449 469
445 378 449 911
378 137 445 449
380 136 441 445
382 380 441 915
382 135 437 441
386 133 429 433
388 132 425 429
390 131 421 425
392 390 421 935
392 130 417 421
394 129 413 417
415 411 942 945
127 200 398 409
200 398 409 947
200 408 474 947
363 452 454 944
455 940 941 944
61 358 360 418
922 433 923 926
395 205 460 461
361 68 363 452
453 363 454 948
465 451 467 909
464 891 908 909
421 390 425 935
216 66 453 471
453 216 471 949
467 451 906 909
216 456 473 949
460 395 461 947
890 887 909 913
425 429 930 931
60 356 358 422
411 415 944 945
466 467 906 909
458 938 939 942
469 466 906 907
358 360 418 940
390 388 425 931
206 466 468 895
376 375 468 907
451 197 465 467
343 462 888 908
361 215 452 940
431 432 925 929
939 460 942 943
59 354 356 426
201 408 472 474
397 398 476 947
461 397 477 947
459 218 475 477
456 459 475 949
353 352 924 928
451 465 908 909
944 411 945 948
346 442 912 916
909 887 912 913
412 416 942 943
423 930 933 934
419 423 936 937
385 387 902 927
942 412 943 946
462 464 891 908
52 342 450 463
343 342 463 908
360 362 414 944
356 358 422 936
62 360 362 414
54 346 348 442
55 348 350 438
413 394 417 943
889 914 915 918
470 411 948 949
364 365 471 948
66 0 365 471
365 453 471 948
423 427 932 933
357 69 359 619
355 70 357 616
353 72 355 613
351 606 607 920
887 345 888 908
343 77 345 888
462 343 463 908
332 339 379 381
142 377 892 907
345 344 908 912
209 343 462 888
379 339 892 915
395 397 461 947
396 394 413 943
378 376 449 907
199 138 376 449
449 376 469 907
344 346 446 912
450 196 463 465
196 52 450 463
447 906 909 910
456 217 473 475
66 365 453 471
466 894 906 907
894 466 906 909
894 466 895 907
408 472 474 946
393 395 460 943
475 459 477 947
473 456 475 949
942 457 945 946
65 364 365 471
387 389 904 931
342 450 463 908
53 344 346 446
435 436 921 925
414 411 944 948
359 357 619 936
455 937 938 941
897 922 923 926
215 5 359 361
433 923 926 927
345 343 888 908
344 446 450 908
344 446 908 912
453 471 948 949
377 379 892 911
379 892 911 915
411 472 946 949
459 461 477 947
63 362 364 410
908 447 909 912
341 391 393 939
391 341 905 939
391 905 935 939
340 458 938 939
945 454 948 949
415 419 940 941
452 361 940 944
460 459 946 947
891 887 908 909
415 941 944 945
389 391 905 935
392 391 935 939
389 904 931 935
354 356 426 932
215 359 619 936
427 423 930 933
423 420 934 937
454 453 948 949
24 455 937 938
932 423 933 936
445 911 914 915
363 361 452 944
362 364 410 948
446 447 908 912
429 386 433 927
355 353 613 928
620 619 932 936
929 617 932 933
357 355 616 932
58 352 354 430
940 415 941 944
933 423 934 937
425 388 429 931
905 340 935 939
904 903 931 935
447 443 910 913
57 350 352 434
608 611 924 925
611 614 924 925
333 381 383 896
439 914 917 918
349 348 916 920
346 348 442 916
435 921 924 925
614 610 924 928
49 341 393 460
382 381 915 919
381 896 915 919
383 898 919 923
915 338 918 919
353 351 607 924
351 73 353 607
617 620 932 933
622 620 933 936
347 75 349 885
914 441 915 918
432 433 922 926
417 392 421 939
339 379 381 915
607 351 920 924
427 929 932 933
345 76 347 887
614 924 925 928
211 608 920 921
210 349 916 920
471 470 948 949
349 210 606 920
396 128 409 413
447 909 912 913
416 420 938 939
420 416 938 941
381 383 896 919
378 377 907 911
903 930 931 935
921 436 922 925
894 906 907 910
377 892 907 911
441 380 445 915
906 449 907 910
441 382 915 919
889 913 914 917
918 195 921 922
897 195 918 922
896 338 915 919
929 427 930 933
898 897 919 923
923 899 926 927
902 901 927 931
193 615 925 929
338 889 915 918
899 901 926 927
919 897 922 923
348 438 916 920
901 903 930 931
909 447 910 913
889 886 913 917
191 190 933 934
927 901 930 931
436 918 921 922
380 379 911 915
393 460 939 943
886 211 916 917
347 346 912 916
930 191 933 934
887 912 913 916
912 443 913 916
429 927 930 931
463 450 465 908
460 458 939 942
338 897 918 919
432 922 925 926
917 439 918 921
194 612 921 925
911 889 914 915
388 387 927 931
910 889 913 914
925 432 926 929
892 889 911 915
913 443 914 917
913 886 916 917
427 428 929 930
443 913 916 917
916 439 917 920
455 941 942 945
910 445 911 914
24 190 934 937
192 191 929 930
900 899 923 927
430 431 924 928
934 24 937 938
943 460 946 947
411 942 945 946
387 902 927 931
612 608 921 925
622 214 936 937
211 916 917 920
901 926 927 930
906 894 909 910
351 350 920 924
434 435 920 924
350 434 920 924
920 435 921 924
439 436 918 921
23 917 918 921
926 192 929 930
23 212 917 921
340 24 934 938
935 340 938 939
903 340 934 935
897 918 919 922
924 431 925 928
914 889 917 918
617 928 929 932
193 925 926 929
202 411 470 472
421 392 935 939
355 354 928 932
613 355 928 932
354 426 928 932
426 427 928 932
214 215 936 940
928 427 929 932
441 915 918 919
431 925 928 929
420 424 934 935
458 455 938 942
395 460 943 947
357 356 932 936
356 422 932 936
422 423 932 936
926 429 927 930
619 357 932 936
190 622 933 937
930 903 934 935
938 455 941 942
424 930 934 935
933 622 936 937
396 395 943 947
420 421 935 939
934 420 935 938
359 358 936 940
358 418 936 940
437 919 922 923
215 359 936 940
214 936 937 940
419 420 937 941
420 934 937 938
460 942 943 946
457 455 942 945
420 935 938 939
937 420 938 941
417 394 939 943
384 134 433 437
416 417 939 943
412 943 946 947
938 416 939 942
360 414 940 944
455 452 940 944
361 360 940 944
918 437 919 922
937 455 940 941
455 454 944 945
416 938 941 942
917 211 920 921
416 939 942 943
474 408 946 947
941 415 942 945
386 384 433 923
945 411 946 949
457 454 945 949
454 944 945 948
423 933 936 937
459 457 946 949
475 474 946 947
451 447 906 909
472 475 946 949
457 945 946 949
410 364 470 948
411 945 948 949
615 614 925 929
413 396 943 947
688 687 689 970
690 688 691 973
688 689 691 973
690 691 692 973
276 6 654 687
227 226 499 687
226 499 687 688
226 225 502 688
225 688 690 973
224 225 690 974
282 224 690 974
282 690 692 974
282 283 679 692
283 43 675 692
308 43 692 1006
307 308 692 1006
691 307 692 989
306 307 691 989
689 306 691 989
305 306 689 986
277 305 689 966
277 42 305 650
687 277 689 966
277 276 653 687
848 847 849 1050
850 848 851 1056
848 849 851 1056
850 851 852 1059
279 46 634 847
46 325 634 847
326 325 847 1050
326 847 848 1050
327 326 848 1052
327 848 850 1052
328 327 850 1053
281 328 850 1053
281 47 328 1053
281 850 852 1059
281 280 656 852
280 32 655 852
222 223 852 1063
851 222 852 1063
222 221 479 851
849 221 851 1056
220 221 849 1054
278 220 849 1054
847 278 849 1054
278 279 630 847
316 811 812 1018
317 316 812 1018
318 317 812 1021
318 812 813 1037
319 318 813 1038
319 813 814 1038
45 319 814 1038
313 45 814 1038
47 313 814 1053
328 47 814 1053
813 328 814 1053
327 328 813 1053
326 327 813 1037
812 326 813 1037
325 326 812 1034
811 325 812 1034
325 46 638 811
46 312 638 811
312 44 642 811
44 316 642 811
305 787 788 1002
306 305 788 986
307 306 788 1005
307 788 789 1005
308 307 789 1006
308 789 790 1006
43 308 790 1006
301 43 790 1006
45 301 790 1022
319 45 790 1022
789 319 790 1022
318 319 789 1022
317 318 789 1021
788 317 789 1021
316 317 788 1002
787 316 788 1002
316 44 642 787
44 300 642 787
300 42 646 787
42 305 646 787
656 655 657 1063
659 656 660 1059
656 657 660 1059
660 657 661 1061
657 658 661 1061
661 658 662 1061
663 659 664 1053
659 660 664 1051
664 660 665 1051
660 661 665 1047
665 661 666 1047
661 662 666 1047
667 663 668 1038
663 664 668 1035
668 664 669 1035
664 665 669 1035
669 665 670 1031
665 666 670 1031
671 667 672 1022
667 668 672 1019
672 668 673 1019
668 669 673 1019
673 669 674 1015
669 670 674 1015
675 671 676 1006
671 672 676 1003
676 672 677 1003
672 673 677 1003
677 673 678 999
673 674 678 999
679 675 680 990
675 676 680 987
680 676 681 987
676 677 681 987
681 677 682 983
677 678 682 983
679 680 683 971
683 680 684 971
680 681 684 971
684 681 685 967
681 682 685 967
684 685 686 959
146 32 223 655
281 656 659 1059
47 281 659 1053
47 659 663 1053
313 47 663 1053
313 663 667 1038
45 313 667 1038
301 45 667 1022
301 667 671 1022
43 301 671 1006
43 671 675 1006
186 282 679 974
25 186 224 282
186 679 683 974
187 186 683 974
187 188 500 683
188 500 683 684
188 684 686 959
188 189 495 686
189 24 495 686
24 190 622 686
622 190 685 686
190 191 621 685
621 191 682 685
621 191 678 682
191 192 618 678
618 192 674 678
192 193 615 674
615 193 670 674
193 194 612 670
612 194 666 670
612 194 662 666
194 195 609 662
143 23 195 1062
143 195 662 1062
658 143 662 1062
144 143 658 1062
144 145 487 658
487 145 657 658
655 145 657 1063
145 146 482 655
624 623 625 1039
627 624 628 1026
624 625 628 1026
628 625 629 1026
625 626 629 1042
629 626 630 1046
631 627 632 1007
627 628 632 1026
632 628 633 1026
628 629 633 1026
633 629 634 1030
629 630 634 1046
635 631 636 991
631 632 636 991
636 632 637 1010
632 633 637 1010
637 633 638 1014
633 634 638 1030
639 635 640 975
635 636 640 975
640 636 641 994
636 637 641 994
641 637 642 998
637 638 642 1014
643 639 644 960
639 640 644 978
644 640 645 978
640 641 645 978
645 641 646 998
641 642 646 998
647 643 648 954
643 644 648 962
648 644 649 962
644 645 649 962
649 645 650 982
645 646 650 982
647 648 651 954
651 648 652 952
648 649 652 952
652 649 653 966
649 650 653 966
652 653 654 951
4 124 623 1039
74 4 623 1039
74 623 624 1039
73 74 624 1023
73 624 627 1023
73 627 631 1007
72 73 631 1007
72 631 635 991
71 72 635 991
71 635 639 975
70 71 639 960
70 639 643 960
70 643 647 954
69 70 647 954
5 69 78 950
78 69 647 950
78 647 651 950
78 79 491 651
79 80 494 651
80 494 651 652
80 652 654 951
80 81 499 654
650 277 653 966
121 278 630 1054
13 121 220 278
626 121 630 1054
121 122 478 626
122 123 481 626
625 123 626 1042
623 123 625 1039
124 123 623 1039
479 478 480 1054
480 478 481 1054
482 479 483 1063
483 479 484 1057
479 480 484 1055
484 480 485 1055
480 481 485 1055
485 481 486 1039
482 483 487 1063
487 483 488 1060
483 484 488 1060
488 484 489 1060
484 485 489 1041
485 486 489 1039
487 488 490 1062
488 489 490 1062
221 220 478 1054
221 478 479 1054
222 479 482 1063
223 222 482 1063
145 482 487 1063
144 487 490 1062
143 144 490 1062
23 143 490 1062
212 23 490 1062
489 212 490 1062
211 212 489 609
210 211 489 606
486 210 489 606
4 210 486 606
124 4 486 1039
123 124 486 1039
481 123 486 1039
220 121 478 1054
492 491 493 950
493 491 494 950
495 492 496 959
492 493 496 958
496 493 497 958
493 494 497 956
497 494 498 953
498 494 499 951
495 496 500 959
500 496 501 958
496 497 501 958
501 497 502 972
497 498 502 953
498 499 502 951
500 501 503 974
501 502 503 974
5 78 491 950
215 5 491 950
215 491 492 950
214 215 492 619
213 214 492 959
213 492 495 959
188 495 500 959
187 500 503 974
186 187 503 974
224 186 503 974
225 224 503 974
502 225 503 974
494 80 499 951
606 607 608 1040
607 610 611 1008
608 607 611 1024
608 611 612 1027
609 608 612 1043
610 613 614 992
611 610 614 992
611 614 615 1011
612 611 615 1011
613 616 617 976
614 613 617 976
614 617 618 976
615 614 618 995
616 619 620 954
617 616 620 961
617 620 621 963
618 617 621 979
621 620 622 959
4 74 606 1039
606 74 607 1023
74 73 607 1023
607 73 610 1007
73 72 610 1007
610 72 613 991
72 71 613 991
613 71 616 960
71 70 616 960
616 70 619 954
70 69 619 954
69 5 619 950
5 215 619 950
619 214 620 957
620 214 622 959
214 213 622 959
195 23 609 1062
23 212 609 1062
211 608 609 1040
211 606 608 1040
687 688 951 970
648 649 952 962
632 636 991 1010
499 226 502 688
6 227 654 687
482 145 655 1063
499 687 688 951
225 502 688 973
630 278 847 1054
186 224 282 974
679 282 692 974
951 688 953 970
997 1012 1013 1017
976 980 995 996
965 970 985 986
70 643 954 960
983 984 987 1003
500 683 971 974
498 494 951 953
305 277 650 966
653 276 654 687
1015 669 1031 1035
487 483 1060 1061
325 46 634 638
1023 624 1026 1042
1034 1049 1050 1052
325 638 1030 1034
1016 1019 1035 1036
634 325 638 1030
656 281 852 1059
612 608 1027 1043
280 655 656 852
689 687 966 970
1012 1011 1027 1031
221 479 851 1056
281 659 1053 1059
1046 1042 1054 1055
121 220 278 1054
1020 1017 1021 1036
642 316 787 1002
987 1003 1004 1006
996 1011 1012 1016
493 955 956 957
1013 1014 1018 1033
963 979 980 984
963 964 968 984
996 981 1000 1001
146 223 482 655
496 492 958 959
1012 1013 1017 1032
999 673 1015 1019
633 638 1014 1030
962 649 966 982
645 962 978 982
961 960 962 977
615 618 674 995
327 1037 1052 1053
997 1001 1016 1017
678 618 979 999
621 617 963 979
978 645 982 998
669 665 1031 1035
963 968 983 984
961 976 977 980
305 42 646 650
1032 1028 1033 1049
996 995 1011 1015
993 1008 1009 1012
658 662 1061 1062
1008 1012 1027 1028
981 965 985 986
980 995 996 1000
985 1000 1001 1004
788 986 1002 1005
665 666 1031 1047
662 612 666 1047
1002 1017 1018 1021
649 650 966 982
1013 998 1017 1018
1002 1001 1017 1021
1024 1023 1025 1040
1017 1018 1021 1037
1009 1008 1024 1028
674 615 995 1015
620 957 959 963
998 997 1013 1017
1007 991 1008 1009
970 689 973 989
980 977 981 996
640 641 978 994
979 980 984 999
641 978 994 998
617 961 963 979
997 996 1012 1016
495 188 686 959
965 953 969 970
977 993 994 997
955 956 957 964
682 621 967 983
620 954 957 961
223 655 852 1063
32 223 655 852
325 634 847 1030
488 487 1060 1062
968 971 987 988
24 213 495 686
213 24 622 686
685 622 686 959
190 621 622 685
678 621 682 983
674 618 678 999
1018 812 1021 1037
670 615 674 1015
666 612 670 1031
609 612 662 1047
612 615 670 1011
489 485 1039 1041
499 80 654 951
145 487 657 1063
657 487 658 1061
487 144 658 1062
979 618 995 999
976 614 992 995
1049 1045 1055 1057
612 611 1011 1027
997 998 1002 1017
664 665 1035 1051
644 645 962 978
71 639 960 975
975 613 991 992
616 613 960 976
811 642 1014 1018
1014 1029 1030 1033
1027 1012 1031 1032
653 687 951 966
306 689 986 989
631 632 991 1007
1033 1032 1049 1052
993 994 997 1013
652 951 952 966
283 675 679 692
991 636 994 1010
643 648 954 962
992 976 995 996
618 674 995 999
1016 1012 1017 1032
647 651 950 954
651 648 952 954
633 637 1010 1014
957 958 963 964
660 661 1047 1061
1023 1007 1024 1025
72 631 991 1007
614 611 992 1011
988 987 1004 1006
71 635 975 991
961 617 976 979
668 669 1019 1035
652 653 951 966
1007 1009 1025 1026
69 647 950 954
491 78 651 950
952 955 962 965
494 491 651 950
494 651 652 952
81 6 227 654
1028 1032 1048 1049
654 653 687 951
677 678 983 999
1024 608 1040 1043
642 300 646 787
316 642 811 1018
638 312 642 811
630 279 634 847
478 122 481 626
123 481 626 1042
478 121 626 1054
479 221 1054 1056
963 958 967 968
1050 1046 1054 1055
1009 1024 1025 1028
1060 487 1061 1062
1008 611 1024 1027
1009 1025 1026 1029
610 72 991 1007
953 497 956 972
608 607 1024 1040
223 482 655 1063
212 489 609 1062
489 211 609 1040
481 123 1039 1042
1028 1027 1043 1048
493 492 950 957
494 493 950 955
960 961 976 977
502 497 953 972
493 492 957 958
497 493 956 958
501 500 958 972
305 788 986 1002
681 677 983 987
980 979 995 999
618 621 678 979
688 502 951 953
215 492 619 950
952 951 953 966
962 952 965 966
962 961 977 981
684 685 959 967
975 960 977 978
500 187 683 974
655 656 852 1063
502 498 951 953
611 608 1024 1027
80 494 652 951
491 79 494 651
666 612 1031 1047
607 606 1023 1040
951 494 952 953
993 992 1008 1012
669 670 1015 1031
965 966 970 986
963 621 979 983
641 645 978 998
980 984 999 1000
620 616 954 961
691 692 973 989
679 680 971 990
617 618 976 979
492 214 957 959
981 980 996 1000
633 1010 1026 1030
619 69 950 954
492 214 619 957
621 622 685 959
636 640 975 994
682 621 685 967
191 618 621 678
192 615 618 674
193 612 615 670
1040 489 1041 1060
481 1039 1041 1042
692 690 973 974
500 971 972 974
43 675 692 1006
653 277 687 966
479 222 851 1063
625 629 1026 1042
814 313 1038 1053
618 614 976 995
486 4 606 1039
951 953 966 970
1017 1001 1020 1021
195 609 662 1062
1036 1051 1052 1053
638 1014 1030 1034
221 849 1054 1056
645 649 962 982
1010 1009 1026 1029
788 306 986 1005
849 1050 1054 1056
211 489 606 1040
1008 1007 1009 1024
481 478 626 1054
1031 1027 1032 1048
1007 991 1009 1010
499 654 687 951
227 499 654 687
81 227 499 654
960 644 962 978
1029 1044 1045 1049
964 963 980 984
992 611 1008 1011
492 619 950 957
685 621 959 967
1017 1032 1033 1036
681 682 967 983
1019 1016 1020 1036
319 45 1022 1038
1001 985 1004 1005
970 969 985 989
1024 1025 1028 1044
1049 1045 1050 1055
485 481 1041 1055
188 500 684 959
500 683 684 971
305 689 966 986
651 494 950 952
661 662 1047 1061
494 652 951 952
481 480 1054 1055
657 660 1059 1061
634 630 847 1046
638 325 811 1034
1014 1018 1033 1034
1054 1050 1055 1056
1058 1056 1059 1063
964 969 984 985
1003 1004 1006 1022
1012 1016 1031 1032
74 624 1023 1039
1023 1025 1041 1042
995 615 1011 1015
489 486 606 1039
1010 994 1013 1014
982 981 997 1001
981 985 1000 1001
1011 612 1027 1031
642 638 811 1014
194 609 612 662
626 629 1042 1046
850 1052 1056 1059
642 998 1014 1018
950 954 955 957
624 625 1026 1042
977 992 993 996
969 965 970 985
1032 1033 1036 1052
982 986 1001 1002
608 1024 1027 1043
73 627 1007 1023
305 966 982 986
996 1000 1015 1016
1016 1015 1031 1035
993 977 996 997
955 953 956 965
497 494 953 956
964 962 965 981
952 953 965 966
637 994 1010 1014
492 957 958 959
953 956 965 969
1029 1028 1044 1049
1014 1013 1029 1033
615 670 1011 1015
500 684 959 971
985 981 986 1001
611 1008 1011 1027
1009 993 1012 1013
660 1047 1051 1061
993 991 994 1010
637 641 994 998
644 643 960 962
635 636 975 991
955 956 964 965
646 642 787 1002
966 965 982 986
632 633 1010 1026
970 985 986 989
305 646 787 1002
225 502 973 974
646 305 650 982
1026 629 1030 1046
607 73 1007 1023
1029 1026 1030 1045
688 502 953 973
950 651 952 954
1008 992 1011 1012
663 664 1035 1053
961 957 963 964
1012 997 1016 1017
975 960 976 977
494 952 953 955
981 982 986 1001
614 613 976 992
645 646 982 998
673 674 999 1015
213 495 686 959
952 950 954 955
976 975 977 992
636 637 994 1010
494 950 952 955
681 967 971 987
494 493 955 956
616 70 954 960
613 71 960 975
619 620 954 957
950 619 954 957
968 964 969 984
676 677 987 1003
648 952 954 962
493 950 955 957
952 953 955 965
622 213 686 959
954 952 955 962
620 617 961 963
500 496 958 959
214 620 957 959
957 956 958 964
497 501 958 972
649 652 952 966
953 494 955 956
971 972 974 990
961 962 964 981
680 681 971 987
954 955 957 961
956 493 957 958
621 678 979 983
610 991 992 1008
956 958 964 968
956 497 958 972
968 969 972 988
958 963 964 968
684 681 967 971
957 958 959 963
958 500 959 971
639 644 960 978
617 616 961 976
610 607 1007 1008
955 961 962 964
954 616 960 961
643 954 960 962
479 851 1056 1063
955 957 961 964
618 976 979 995
954 955 961 962
960 954 961 962
983 677 999 1003
646 305 982 1002
977 976 992 996
671 1003 1006 1022
616 960 961 976
479 1056 1058 1063
964 956 968 969
957 620 961 963
959 621 963 967
971 987 988 990
965 964 981 985
613 975 976 992
986 1001 1002 1005
621 620 959 963
1014 811 1018 1034
963 961 964 980
961 964 980 981
956 964 965 969
973 692 974 990
972 969 973 988
962 955 964 965
965 962 966 982
502 499 688 951
675 987 990 1006
966 689 970 986
649 952 962 966
650 305 966 982
958 959 967 971
969 984 985 988
953 965 966 970
959 684 967 971
958 959 963 967
972 971 988 990
621 963 967 983
1000 996 1001 1016
987 676 1003 1006
964 965 969 985
967 963 968 983
956 968 969 972
953 956 969 972
502 972 973 974
956 958 968 972
958 967 968 971
689 688 970 973
677 673 999 1003
689 691 973 989
971 680 987 990
953 502 972 973
971 968 972 988
689 970 986 989
687 951 966 970
953 969 970 973
683 679 971 974
958 500 971 972
968 958 971 972
501 500 972 974
613 610 991 992
675 676 987 1006
967 968 971 987
502 501 972 974
989 692 990 1006
988 985 989 1004
969 953 972 973
969 970 973 989
679 971 974 990
991 975 992 993
692 973 989 990
688 953 970 973
972 973 974 990
692 679 974 990
960 613 975 976
640 639 975 978
639 960 975 978
611 610 992 1008
960 962 977 978
961 963 979 980
672 673 1003 1019
1031 1032 1035 1051
1003 1019 1020 1022
965 981 982 986
615 614 995 1011
975 640 978 994
977 975 978 994
678 979 983 999
962 977 978 981
989 988 1004 1006
976 961 979 980
992 991 993 1008
976 977 980 996
629 633 1026 1030
979 976 980 995
978 962 981 982
977 961 980 981
1009 1013 1028 1029
977 981 996 997
998 1013 1014 1018
962 965 981 982
977 978 981 997
1007 632 1010 1026
994 978 997 998
968 967 983 987
964 980 981 985
318 1021 1037 1038
606 74 1023 1039
967 681 983 987
969 968 984 988
981 978 982 997
317 788 1002 1021
642 646 998 1002
642 316 1002 1018
979 963 983 984
306 307 989 1005
982 997 998 1002
307 692 989 1006
980 964 984 985
983 979 984 999
969 973 988 989
980 981 985 1000
671 672 1003 1022
968 983 984 987
627 632 1007 1026
984 999 1000 1003
984 980 985 1000
675 679 692 990
667 668 1019 1038
646 982 998 1002
991 993 1009 1010
982 305 986 1002
1010 633 1014 1030
1005 789 1006 1022
984 985 988 1004
680 675 987 990
988 989 990 1006
984 968 987 988
677 983 987 1003
1045 1030 1049 1050
636 975 991 994
985 986 989 1005
690 225 973 974
987 984 988 1004
973 972 988 990
1001 997 1002 1017
985 969 988 989
986 306 989 1005
973 988 989 990
987 988 990 1006
613 71 975 991
975 977 992 993
975 977 993 994
991 975 993 994
978 977 994 997
995 980 999 1000
993 1009 1010 1013
992 993 996 1012
614 992 995 1011
1051 1048 1058 1061
981 996 997 1001
992 996 1011 1012
670 612 1011 1031
995 992 996 1011
813 814 1038 1053
996 993 997 1012
1001 1016 1017 1020
1003 672 1019 1022
673 669 1015 1019
479 1054 1055 1056
978 982 997 998
637 642 998 1014
692 675 990 1006
1000 999 1015 1019
994 637 998 1014
984 983 999 1003
316 317 1002 1018
1025 1009 1028 1029
997 994 998 1013
995 996 1000 1015
674 995 999 1015
996 997 1001 1016
985 984 1000 1004
991 610 1007 1008
999 995 1000 1015
638 811 1014 1034
812 318 1021 1037
986 985 1001 1005
997 982 1001 1002
1017 1013 1018 1033
307 989 1005 1006
318 319 1022 1038
789 307 1005 1006
999 1000 1003 1019
676 671 1003 1006
1003 1000 1004 1020
1000 984 1003 1004
301 671 1006 1022
1004 1003 1020 1022
673 999 1003 1019
1000 1001 1004 1020
984 987 1003 1004
985 989 1004 1005
318 789 1021 1022
1000 1003 1019 1020
1001 1002 1005 1021
1004 1001 1005 1020
788 789 1005 1021
1002 788 1005 1021
989 1004 1005 1006
1030 1029 1045 1049
789 790 1006 1022
993 997 1012 1013
1004 1005 1006 1022
790 301 1006 1022
1021 318 1022 1038
1034 1033 1049 1052
624 627 1023 1026
1011 1008 1012 1027
665 660 1047 1051
994 998 1013 1014
1028 1043 1044 1048
994 993 1010 1013
611 607 1008 1024
607 1007 1008 1024
991 993 1008 1009
632 991 1007 1010
1001 1000 1016 1020
626 630 1046 1054
998 1002 1017 1018
1009 1007 1010 1026
852 656 1059 1063
1032 1016 1035 1036
1026 1010 1029 1030
1012 1009 1013 1028
1008 1009 1012 1028
1018 1017 1033 1037
1009 1010 1013 1029
847 325 1030 1050
1013 1028 1029 1033
1025 1040 1041 1044
1025 1026 1029 1045
848 326 1050 1052
812 317 1018 1021
317 1002 1018 1021
1011 996 1015 1016
811 812 1018 1034
1013 1010 1014 1029
1020 1019 1036 1038
1042 1026 1045 1046
1011 1012 1016 1031
670 1011 1015 1031
667 1019 1022 1038
1000 1015 1016 1019
1015 1011 1016 1031
1044 1041 1045 1057
663 1035 1038 1053
1033 1030 1034 1049
1034 326 1037 1052
326 812 1034 1037
1015 1016 1019 1035
672 667 1019 1022
1028 1029 1033 1049
1016 1000 1019 1020
789 1005 1021 1022
668 663 1035 1038
669 1015 1019 1035
1016 1017 1020 1036
1001 1005 1020 1021
1005 1004 1020 1022
1005 1020 1021 1022
1007 607 1023 1024
45 667 1022 1038
1019 1020 1022 1038
1020 1021 1022 1038
627 1007 1023 1026
1007 1009 1024 1025
489 1039 1040 1041
607 1023 1024 1040
1023 1007 1025 1026
1024 1008 1027 1028
481 626 1042 1054
629 634 1030 1046
325 326 1034 1050
1025 1023 1026 1042
1013 1012 1028 1032
1013 1017 1032 1033
1028 1025 1029 1044
1027 1024 1028 1043
1012 1027 1028 1032
1044 1041 1057 1060
1043 1040 1044 1060
1018 1033 1034 1037
1010 1014 1029 1030
1019 668 1035 1038
1030 1045 1046 1050
1056 1052 1058 1059
662 1047 1061 1062
659 660 1051 1059
849 848 1050 1056
1027 1028 1032 1048
1017 1021 1036 1037
609 1043 1047 1062
1021 1036 1037 1038
1016 1031 1032 1035
612 1027 1031 1047
1036 1033 1037 1052
1017 1016 1032 1036
1028 1013 1032 1033
664 659 1051 1053
326 327 1037 1052
1029 1030 1033 1049
1030 1014 1033 1034
1051 1049 1052 1058
812 1018 1034 1037
1030 325 1034 1050
327 813 1037 1053
665 1031 1035 1051
123 625 1039 1042
1033 1034 1037 1052
1035 1036 1038 1053
1035 1032 1036 1051
1033 1017 1036 1037
1019 1035 1036 1038
1021 1020 1036 1038
1048 1044 1049 1057
813 318 1037 1038
1032 1048 1049 1051
1036 1037 1038 1053
606 489 1039 1040
1037 813 1038 1053
313 663 1038 1053
625 624 1039 1042
624 1023 1039 1042
1023 606 1039 1040
485 481 1039 1041
1025 1041 1042 1045
1052 850 1053 1059
1023 1025 1040 1041
608 609 1040 1043
484 485 1041 1055
1039 1023 1040 1041
1025 1024 1040 1044
1048 1057 1058 1061
634 847 1030 1046
609 489 1040 1062
612 609 1043 1047
1039 1023 1041 1042
630 847 1046 1054
1055 1049 1057 1058
1058 1059 1061 1063
1041 481 1042 1055
1024 1028 1043 1044
484 479 1055 1057
1043 1044 1048 1060
629 1026 1042 1046
662 609 1047 1062
489 488 1060 1062
609 1040 1043 1062
1040 1024 1043 1044
484 483 1057 1060
1040 1041 1044 1060
1027 612 1043 1047
1041 1042 1045 1055
1025 1029 1044 1045
1041 1025 1044 1045
1047 1060 1061 1062
1026 1030 1045 1046
1026 1025 1042 1045
847 849 1050 1054
1045 1042 1046 1055
1042 481 1054 1055
1042 626 1046 1054
1050 848 1052 1056
1031 665 1047 1051
1027 1031 1047 1048
1043 1027 1047 1048
1032 1031 1048 1051
1030 1034 1049 1050
1047 1043 1048 1060
656 657 1059 1063
1044 1028 1048 1049
1049 1032 1051 1052
1044 1045 1049 1057
1031 1047 1048 1051
1040 489 1060 1062
1045 1046 1050 1055
1047 1048 1051 1061
847 1030 1046 1050
848 850 1052 1056
1048 1049 1051 1058
1046 847 1050 1054
326 1034 1050 1052
1049 1055 1056 1058
851 850 1056 1059
1036 1035 1051 1053
1035 664 1051 1053
1037 1036 1052 1053
1032 1036 1051 1052
1041 484 1057 1060
1049 1050 1052 1056
850 327 1052 1053
660 1051 1059 1061
1051 1052 1053 1059
659 1051 1053 1059
998 642 1002 1018
480 479 1054 1055
1045 1041 1055 1057
1048 1044 1057 1060
483 479 1057 1058
1051 1058 1059 1061
1050 1049 1055 1056
1041 484 1055 1057
1052 1049 1056 1058
1055 479 1056 1058
479 1055 1057 1058
1049 1048 1057 1058
489 484 1041 1060
1056 851 1059 1063
1052 1051 1058 1059
1057 483 1058 1061
487 658 1061 1062
487 483 1061 1063
851 852 1059 1063
1059 657 1061 1063
850 281 1053 1059
1047 1043 1060 1062
657 487 1061 1063
483 1057 1060 1061
1048 1047 1060 1061
1057 1048 1060 1061
1043 1040 1060 1062
483 1058 1061 1063
483 479 1058 1063
723 721 724 1072
722 723 725 1073
285 286 721 1072
285 721 722 1072
722 721 723 1072
285 284 693 722
288 722 725 1073
288 287 711 725
39 287 291 711
287 291 711 725
291 290 720 725
720 290 724 725
723 724 725 1073
290 289 720 724
263 289 724 1071
721 263 724 1072
263 262 560 721
714 712 715 1067
712 713 715 1065
716 714 717 1067
714 715 717 1067
718 716 719 1069
716 717 719 1069
718 719 720 1071
156 157 565 712
157 565 712 714
157 158 565 714
158 563 714 716
158 159 563 716
159 561 716 718
159 160 561 718
289 160 718 1071
160 37 263 289
289 718 720 1071
232 39 291 711
291 232 711 720
232 231 709 720
709 231 719 720
231 230 707 719
707 230 717 719
230 229 705 717
705 229 715 717
229 228 703 715
713 228 715 1065
228 30 546 713
30 154 546 713
154 155 543 713
543 155 712 713
703 702 704 1066
703 704 705 1066
705 704 706 1066
705 706 707 1068
707 706 708 1068
707 708 709 1070
709 708 710 1070
709 710 711 1073
241 240 702 1065
241 702 703 1065
228 30 241 546
228 241 703 1065
710 288 711 1073
38 117 284 288
117 116 693 710
695 116 708 710
116 115 695 708
697 115 706 708
115 114 697 706
699 114 704 706
114 113 699 704
701 113 702 704
113 11 701 702
11 240 545 702
694 693 695 1072
694 695 696 1070
696 695 697 1070
696 697 698 1068
698 697 699 1068
698 699 700 1066
700 699 701 1066
286 285 693 1072
286 693 694 1072
18 106 262 286
106 286 694 1072
106 107 562 694
107 562 694 696
107 108 562 696
108 564 696 698
108 109 564 698
109 566 698 700
109 110 566 700
111 542 700 701
111 112 545 701
112 11 545 701
543 542 544 1064
544 542 545 1064
543 544 546 1065
544 545 546 1065
257 256 542 567
257 542 543 567
29 156 257 543
29 155 156 543
240 241 546 1065
545 240 546 1065
10 110 111 542
110 10 256 542
561 560 562 1071
561 562 563 1069
563 562 564 1069
563 564 565 1067
565 564 566 1067
565 566 567 1067
263 560 561 1071
160 263 561 1071
560 106 562 1072
710 709 1070 1073
160 561 718 1071
710 693 722 1072
566 564 1066 1067
262 106 560 721
106 262 286 721
286 106 721 1072
695 693 710 1072
284 117 693 722
117 284 288 722
117 288 710 722
288 710 722 1073
709 711 720 1073
701 545 1064 1066
693 117 710 722
263 160 289 1071
1066 705 1067 1068
159 561 563 716
561 716 718 1069
1071 724 1072 1073
567 543 712 1064
156 565 567 712
565 712 714 1067
563 565 714 1067
563 564 1067 1069
110 542 566 700
564 562 1068 1069
289 720 724 1071
1069 562 1070 1071
717 707 719 1069
715 705 717 1067
564 698 1066 1068
228 703 715 1065
715 712 1065 1067
241 228 546 1065
156 257 543 567
155 156 543 712
718 561 1069 1071
719 720 1071 1073
546 228 713 1065
697 695 708 1070
231 707 709 719
566 564 698 1066
694 695 1070 1072
154 543 546 713
719 709 720 1073
232 709 711 720
711 288 725 1073
696 697 1068 1070
706 697 708 1068
704 699 706 1066
702 701 704 1066
11 545 701 702
697 708 1068 1070
706 705 1066 1068
700 701 1064 1066
562 694 696 1070
564 696 698 1068
566 698 700 1066
256 110 542 566
110 111 542 700
702 703 1065 1066
699 113 701 704
697 114 699 706
695 115 697 708
565 567 712 1067
564 562 696 1068
544 543 1064 1065
545 544 1064 1065
542 543 567 1064
698 699 1066 1068
543 546 713 1065
542 111 545 701
542 700 701 1064
724 723 1072 1073
705 717 1067 1068
707 717 1068 1069
158 563 565 714
567 566 1064 1067
106 560 721 1072
561 563 716 1069
705 707 717 1068
566 542 567 1064
542 256 566 567
709 719 1070 1073
564 109 566 698
562 108 564 696
719 718 1069 1071
693 285 722 1072
699 697 706 1068
563 714 716 1067
724 263 1071 1072
724 720 725 1073
703 715 1065 1066
562 1068 1069 1070
560 263 721 1072
1068 707 1069 1070
229 703 705 715
712 543 713 1065
543 712 1064 1065
543 156 567 712
240 545 702 1065
566 700 1064 1066
542 566 700 1064
545 701 702 1066
545 702 1065 1066
712 1064 1065 1067
720 724 1071 1073
716 563 1067 1069
562 106 694 1072
712 567 1064 1067
707 709 719 1070
708 707 1068 1070
561 562 1069 1071
564 1066 1067 1068
695 710 1070 1072
562 694 1070 1072
230 705 707 717
701 699 704 1066
715 1065 1066 1067
723 722 1072 1073
693 116 695 710
708 695 710 1070
722 710 1072 1073
703 705 715 1066
562 696 1068 1070
707 719 1069 1070
1064 566 1066 1067
1064 545 1065 1066
705 715 1066 1067
1065 1064 1066 1067
717 716 1067 1069
699 706 1066 1068
545 542 701 1064
1067 564 1068 1069
717 1067 1068 1069
560 562 1071 1072
719 1069 1070 1071
562 1070 1071 1072
263 560 1071 1072
1070 719 1071 1073
1070 1071 1072 1073
710 1070 1072 1073
711 291 720 725
720 711 725 1073
876 873 877 1123
873 874 877 1123
877 874 878 1123
875 876 879 1126
879 876 880 1126
876 877 880 1123
880 877 881 1123
877 878 881 1123
881 878 882 1119
879 848 880 883
883 880 884 1125
880 881 884 1125
323 873 876 1126
875 323 876 1126
323 322 827 875
46 325 847 875
325 847 875 879
325 326 847 879
326 327 848 879
327 848 879 883
327 328 850 883
331 872 883 884
331 330 872 884
881 330 884 1125
330 870 881 882
330 329 870 882
329 36 867 882
878 272 882 1119
273 272 878 1119
274 273 878 1119
874 274 878 1123
275 274 874 1115
830 324 873 874
324 323 828 873
855 853 856 1074
857 854 858 1081
854 855 858 1080
858 855 859 1080
855 856 859 1080
859 856 860 1078
857 858 862 1084
862 858 863 1084
858 859 863 1087
863 859 864 1087
859 860 864 1090
864 860 865 1090
860 861 865 1093
865 861 866 1093
862 863 867 1110
867 863 868 1109
863 864 868 1109
868 864 869 1105
864 865 869 1105
867 868 870 1120
870 868 871 1120
868 869 871 1118
870 871 872 1125
291 290 725 854
291 853 854 1074
854 853 855 1074
289 290 854 1081
289 854 857 1081
37 161 605 857
161 605 857 862
161 162 605 862
162 36 602 862
36 862 867 1110
330 870 872 1125
47 281 328 331
281 280 852 872
852 280 871 872
280 32 852 871
869 32 871 1118
147 32 869 1118
148 147 869 1101
866 148 869 1101
865 866 869 1101
148 149 529 866
150 149 866 1095
31 149 150 1095
861 150 866 1095
150 151 512 861
512 151 856 861
860 856 861 1078
151 152 512 856
152 153 508 856
853 153 856 1074
39 153 853 1074
291 39 853 1074
847 848 849 1126
848 850 851 1125
849 848 851 1126
851 850 852 1125
32 223 852 1118
223 222 852 1118
222 851 852 1125
222 221 851 1124
221 849 851 1124
221 220 849 1122
220 278 849 1122
220 13 278 1122
278 847 849 1126
279 278 827 847
828 827 829 1126
830 828 831 1121
828 829 831 1121
831 829 832 1122
833 830 834 1115
830 831 834 1112
834 831 835 1112
831 832 835 1113
835 832 836 1111
838 833 839 1106
833 834 839 1102
839 834 840 1102
834 835 840 1102
840 835 841 1099
835 836 841 1099
841 836 842 1097
836 837 842 1097
838 839 843 1083
843 839 844 1086
839 840 844 1086
844 840 845 1089
840 841 845 1089
844 845 846 1075
323 827 828 1126
17 275 324 830
17 598 830 833
17 104 598 833
104 105 598 833
105 833 838 1106
105 18 601 838
286 838 843 1083
285 286 843 1083
285 284 722 843
284 722 843 846
843 844 846 1076
38 239 504 846
504 239 845 846
239 238 507 845
238 237 507 845
842 237 845 1092
841 842 845 1092
237 236 511 842
837 236 842 1096
118 12 236 1096
118 236 837 1096
118 119 533 837
832 119 837 1111
836 832 837 1111
120 119 832 1111
13 120 832 1122
829 13 832 1122
278 13 829 1122
827 278 829 1126
506 504 507 1075
505 506 508 1078
508 506 509 1078
506 507 509 1078
509 507 510 1078
509 510 512 1078
512 510 513 1094
510 511 513 1094
513 511 514 1098
512 513 515 1095
288 504 506 1075
505 288 506 1075
287 288 505 1076
39 287 505 1074
153 39 505 1074
153 505 508 1074
508 509 512 1078
150 512 515 1095
31 150 515 1095
233 31 515 1095
234 233 515 532
513 234 515 532
234 513 514 532
235 234 514 533
12 235 236 1096
236 235 514 1096
511 236 514 1096
507 237 511 1092
510 507 511 1092
527 526 528 1114
528 526 529 1101
527 528 530 1114
530 528 531 1114
528 529 531 1101
531 529 532 1101
530 531 533 1111
531 532 533 1098
32 147 223 1118
223 147 526 1118
222 223 526 1118
222 526 527 1114
221 222 527 1114
220 221 527 1122
220 527 530 1122
120 13 220 1122
120 220 530 1122
119 120 530 1111
119 530 533 1111
12 118 533 1096
235 12 533 1096
529 233 532 1095
149 31 233 1095
149 233 529 1095
526 148 529 1101
147 148 526 1101
599 598 600 1115
602 599 603 1110
599 600 603 1107
603 600 604 1082
600 601 604 1082
603 604 605 1082
274 275 598 1115
274 598 599 1115
273 274 599 1119
273 599 602 1110
272 273 602 1110
36 272 602 1110
37 263 289 605
604 263 605 1082
262 263 604 1082
601 262 604 1082
262 18 286 601
600 105 601 1106
598 105 600 1106
721 723 724 1082
723 722 725 1076
262 286 721 1083
286 285 721 1083
721 285 722 1083
721 722 723 1083
722 288 725 1076
288 287 725 1076
287 39 291 1074
287 291 725 1074
290 724 725 1081
724 723 725 1081
290 289 724 1081
289 263 724 1081
263 721 724 1082
263 262 721 1082
1115 874 1121 1123
847 827 875 1126
880 876 1123 1126
278 849 1122 1126
1103 1112 1113 1116
1103 1099 1104 1113
1113 1117 1123 1124
1119 1117 1120 1123
1108 1109 1110 1119
508 512 856 1078
827 323 875 1126
279 46 847 875
848 847 879 1126
281 328 331 883
867 863 1109 1110
872 883 884 1125
281 331 872 883
605 603 1082 1084
605 289 857 1081
870 881 882 1120
36 272 867 882
854 725 1074 1081
870 330 881 1125
274 874 1115 1123
1079 1077 1080 1088
1082 1083 1085 1106
1112 1113 1116 1121
598 275 830 1115
1117 1120 1123 1124
275 17 598 830
1077 1078 1091 1092
856 855 1074 1080
858 854 1080 1081
855 854 1074 1080
859 856 1078 1080
721 723 1082 1083
1102 1103 1107 1115
1074 1079 1080 1081
1092 511 1094 1097
861 860 1078 1093
1100 1098 1101 1114
1076 1075 1077 1089
272 867 882 1119
1108 1104 1109 1116
863 1087 1109 1110
605 263 1081 1082
273 599 1110 1119
1079 1080 1087 1088
1124 851 1125 1126
1079 1081 1085 1087
603 1082 1084 1107
1074 725 1079 1081
289 37 605 857
605 857 862 1084
36 602 862 1110
105 598 833 1106
874 830 1115 1121
329 867 870 882
330 872 884 1125
1101 1090 1104 1105
871 852 872 1125
286 262 601 1083
529 148 866 1101
848 880 1125 1126
856 512 861 1078
153 508 856 1074
841 842 1092 1097
848 879 880 1126
46 279 322 875
322 279 827 875
847 875 879 1126
872 850 883 1125
850 281 852 872
32 852 871 1118
881 880 1123 1125
1101 1104 1114 1118
221 222 1114 1124
864 1090 1105 1109
526 1101 1114 1118
1077 1078 1090 1091
840 844 1086 1089
834 830 1112 1115
507 510 1078 1092
1088 1077 1090 1091
1099 1088 1102 1103
1104 1105 1109 1118
603 600 1082 1107
725 723 1079 1081
1101 869 1105 1118
844 845 1075 1089
505 288 1075 1076
324 828 830 873
830 275 874 1115
601 105 838 1106
725 723 1076 1079
18 286 601 838
530 527 1114 1122
722 843 846 1076
288 722 846 1076
284 38 288 846
288 38 504 846
532 1095 1098 1101
1077 507 1078 1092
511 842 1096 1097
1074 725 1076 1079
1094 1097 1098 1100
1093 1090 1100 1101
836 1097 1099 1111
506 505 1077 1078
505 508 1074 1078
507 506 1077 1078
510 1078 1092 1094
512 861 1078 1093
513 532 1095 1098
1075 507 1077 1092
511 510 1092 1094
287 505 1074 1076
152 508 512 856
533 514 1096 1098
233 515 532 1095
515 513 532 1095
532 514 533 1098
514 235 533 1096
511 237 842 1092
1075 1077 1089 1092
504 239 507 845
1081 1084 1085 1087
504 288 846 1075
860 859 1078 1090
147 869 1101 1118
867 882 1119 1120
1091 1089 1092 1099
505 1074 1076 1077
1098 1093 1100 1101
288 846 1075 1076
1075 505 1076 1077
1104 1101 1105 1118
835 836 1099 1111
832 120 1111 1122
840 835 1099 1102
514 234 532 533
531 528 1101 1114
1087 1084 1108 1110
724 723 1081 1082
1082 1081 1084 1085
1099 1100 1104 1113
1080 1087 1088 1090
162 603 605 862
603 605 862 1084
278 827 847 1126
263 289 605 1081
881 878 1119 1123
1102 1099 1103 1112
1103 1108 1115 1116
859 858 1080 1087
600 601 1082 1106
725 287 1074 1076
725 291 854 1074
290 725 854 1081
868 1109 1118 1120
847 326 848 879
162 602 603 862
1090 1087 1104 1109
526 147 1101 1118
149 529 866 1095
827 279 847 875
1120 1123 1124 1125
848 880 883 1125
850 281 872 883
1086 840 1089 1102
852 850 872 1125
1078 860 1090 1093
286 601 838 1083
599 600 1107 1115
722 285 843 1083
284 288 722 846
846 844 1075 1076
263 724 1081 1082
839 833 1102 1106
1078 1090 1091 1093
866 865 1093 1101
868 867 1109 1120
843 1076 1083 1086
602 603 862 1110
1093 1091 1094 1100
1094 1091 1097 1100
1078 512 1093 1094
836 837 1097 1111
236 511 842 1096
513 514 532 1098
871 868 1118 1120
272 36 867 1110
857 605 1081 1084
1083 839 1086 1106
1080 858 1081 1087
858 857 1081 1084
328 281 850 883
1087 1085 1088 1108
1115 1112 1116 1121
1078 859 1080 1090
120 530 1111 1122
835 832 1111 1113
842 837 1096 1097
512 150 861 1095
866 1093 1095 1101
1088 1085 1102 1103
599 1107 1108 1115
323 828 873 1126
598 833 1106 1115
1099 1103 1112 1113
1085 1079 1087 1088
272 273 1110 1119
829 278 1122 1126
845 504 846 1075
511 513 1094 1098
529 866 1095 1101
1086 1076 1088 1089
873 830 874 1121
830 831 1112 1121
275 324 830 874
222 852 1118 1125
601 262 1082 1083
838 839 1083 1106
864 1087 1090 1109
865 864 1090 1105
873 1121 1123 1126
1109 867 1119 1120
1077 1088 1089 1091
1077 1078 1080 1090
839 840 1086 1102
1074 1077 1078 1080
508 856 1074 1078
237 507 845 1092
867 870 882 1120
841 845 1089 1092
507 506 1075 1077
722 843 1076 1083
850 848 883 1125
845 1075 1089 1092
843 844 1076 1086
844 1075 1076 1089
723 722 1076 1083
848 327 850 883
1076 723 1083 1085
834 835 1102 1112
865 1090 1093 1101
1074 1076 1077 1079
1085 1086 1102 1106
1093 1094 1095 1098
839 843 1083 1086
1077 1074 1079 1080
854 1074 1080 1081
723 1076 1079 1085
1076 1077 1079 1088
1115 1116 1119 1123
507 504 845 1075
1084 603 1108 1110
510 512 1078 1094
859 864 1087 1090
1077 1080 1088 1090
1079 1080 1081 1087
876 873 1123 1126
837 533 1096 1111
863 862 1084 1110
601 838 1083 1106
1081 605 1082 1084
262 721 1082 1083
1089 841 1092 1099
1082 601 1083 1106
723 1082 1083 1085
862 603 1084 1110
864 863 1087 1109
603 599 1107 1108
858 863 1084 1087
1081 858 1084 1087
603 599 1108 1110
1076 1085 1086 1088
1076 1079 1085 1088
1088 1085 1103 1108
1085 1083 1086 1106
1118 1120 1124 1125
1084 1082 1085 1107
1105 868 1109 1118
1103 1104 1108 1116
1082 600 1106 1107
844 1076 1086 1089
833 834 1102 1115
1076 1077 1088 1089
835 1099 1102 1112
1103 1085 1107 1108
1083 1076 1085 1086
840 841 1089 1099
869 865 1101 1105
863 1084 1087 1110
1080 859 1087 1090
1084 1085 1087 1108
1085 1086 1088 1102
1099 1088 1103 1104
1089 1077 1091 1092
880 1123 1125 1126
868 864 1105 1109
1088 1086 1089 1102
1087 1088 1090 1104
505 1074 1077 1078
1085 1082 1106 1107
599 274 1115 1119
528 526 1101 1114
1088 1089 1091 1099
1090 1088 1091 1104
1091 1078 1093 1094
842 511 1092 1097
841 836 1097 1099
1090 1091 1093 1100
1097 1098 1100 1111
1096 533 1098 1111
1093 1094 1098 1100
1091 1092 1094 1097
511 1094 1097 1098
1091 1092 1097 1099
532 529 1095 1101
533 531 1098 1111
514 511 1096 1098
533 118 837 1096
1090 1091 1100 1104
837 1096 1097 1111
1092 841 1097 1099
1096 511 1097 1098
1097 1096 1098 1111
1097 1091 1099 1100
1088 1103 1104 1108
1091 1088 1099 1104
1086 839 1102 1106
1088 1089 1099 1102
506 505 1075 1077
1087 1088 1104 1108
527 221 1114 1122
1089 840 1099 1102
1091 1099 1100 1104
865 1090 1101 1105
878 274 1119 1123
1099 1097 1100 1111
1090 1104 1105 1109
856 1074 1078 1080
531 1098 1111 1114
1104 1103 1113 1116
1085 1102 1103 1107
1100 1104 1113 1114
530 531 1111 1114
1095 1093 1098 1101
1090 1100 1101 1104
1102 1085 1106 1107
831 835 1112 1113
835 1099 1112 1113
1087 1108 1109 1110
1107 1103 1108 1115
852 871 1118 1125
1102 834 1112 1115
1112 831 1113 1121
1100 1101 1104 1114
1104 1109 1117 1118
828 830 873 1121
833 1102 1106 1115
869 868 1105 1118
1106 1102 1107 1115
600 598 1106 1115
1084 603 1107 1108
1085 1084 1107 1108
832 1111 1113 1122
1104 1087 1108 1109
600 1106 1107 1115
1098 1100 1111 1114
830 1112 1115 1121
1108 599 1115 1119
599 1108 1110 1119
867 272 1110 1119
1114 222 1118 1124
1109 867 1110 1119
1100 1099 1111 1113
831 832 1113 1122
845 507 1075 1092
221 1114 1122 1124
1103 1102 1112 1115
851 848 1125 1126
831 1113 1121 1122
1116 1115 1121 1123
222 526 1114 1118
1111 1100 1113 1114
1113 1111 1114 1122
1104 1113 1114 1117
723 1081 1082 1085
723 1079 1081 1085
1112 1103 1115 1116
1108 1115 1116 1119
1109 1108 1116 1119
274 1115 1119 1123
1111 530 1114 1122
1113 1121 1122 1123
1104 1109 1116 1117
1113 1104 1116 1117
874 873 1121 1123
1113 1114 1117 1124
849 221 1122 1124
1116 1113 1117 1123
1122 849 1124 1126
1114 1104 1117 1118
1098 531 1101 1114
1109 1117 1118 1120
1117 1114 1118 1124
1117 1109 1119 1120
1116 1117 1119 1123
881 1119 1120 1123
882 881 1119 1120
1120 881 1123 1125
870 881 1120 1125
1117 1118 1120 1124
871 870 1120 1125
1118 871 1120 1125
828 829 1121 1126
1113 1116 1121 1123
849 851 1124 1126
873 828 1121 1126
1121 1122 1123 1126
829 831 1121 1122
1121 829 1122 1126
1114 1113 1122 1124
1122 1113 1123 1124
1123 1122 1124 1126
851 222 1124 1125
222 1118 1124 1125
1099 835 1111 1113
1109 1116 1117 1119
1123 1124 1125 1126
1078 1091 1092 1094
598 830 833 1115
1094 513 1095 1098
531 532 1098 1101
861 866 1093 1095
513 512 1094 1095
512 861 1093 1095
860 865 1090 1093
512 1093 1094 1095
119 533 837 1111
778 780 781 1136
780 779 782 1135
261 294 778 1133
293 294 366 778
366 293 778 779
778 779 780 1135
292 293 366 779
292 40 296 516
296 292 516 779
516 296 779 782
295 296 516 782
298 299 407 782
298 781 782 1136
781 780 782 1136
298 297 781 1136
260 559 778 781
261 260 559 778
367 366 368 1133
369 367 370 1131
367 368 370 1131
371 369 372 1129
369 370 372 1129
373 371 374 1127
371 372 374 1129
252 40 292 516
252 292 366 516
251 252 366 518
251 366 367 518
250 251 367 520
250 367 369 520
249 250 369 522
249 369 371 522
248 249 371 524
248 371 373 1127
8 248 373 547
89 8 373 547
90 89 373 550
90 373 374 550
9 90 91 550
91 90 374 550
92 91 374 554
372 92 374 554
93 92 372 554
370 93 372 556
94 93 370 556
368 94 370 558
95 94 368 558
294 95 368 1133
95 14 261 294
366 294 368 1133
399 400 401 1130
401 400 402 1130
401 402 403 1132
403 402 404 1132
403 404 405 1134
405 404 406 1134
405 406 407 1136
27 177 399 548
178 27 399 525
178 399 401 523
179 178 401 523
179 401 403 521
180 179 403 521
180 403 405 519
181 180 405 519
181 405 407 517
182 181 407 517
182 41 295 299
297 298 407 1136
406 297 407 1136
33 171 260 297
171 297 406 1136
172 171 406 557
404 172 406 557
173 172 404 557
402 173 404 555
174 173 402 555
400 174 402 553
175 174 400 553
28 175 176 551
176 175 400 551
399 176 400 551
177 176 399 548
517 516 518 1135
517 518 519 1134
519 518 520 1134
519 520 521 1132
521 520 522 1132
521 522 523 1130
523 522 524 1130
523 524 525 1130
246 27 525 548
247 246 525 1127
524 247 525 1127
8 247 248 547
248 247 524 1127
548 547 549 1127
549 547 550 1127
548 549 551 1128
549 550 551 1128
246 247 547 1127
246 547 548 1127
259 258 551 552
550 259 551 552
553 552 554 1129
553 554 555 1129
555 554 556 1129
555 556 557 1131
557 556 558 1131
557 558 559 1133
175 28 258 551
171 557 559 1136
558 261 559 1133
95 261 558 1133
9 91 259 550
367 366 1133 1135
261 95 294 1133
294 366 778 1133
778 366 779 1135
366 516 779 1135
292 366 516 779
516 366 518 1135
779 516 782 1135
295 516 517 782
182 295 517 782
403 405 519 1134
407 298 782 1136
403 519 521 1132
260 171 559 781
171 260 297 781
297 171 781 1136
373 374 550 1127
399 401 523 1130
780 778 1135 1136
369 370 1129 1131
371 374 1127 1129
404 555 557 1132
366 367 518 1135
402 553 555 1130
371 249 522 524
371 248 524 1127
547 373 550 1127
374 91 550 552
552 374 554 1129
404 402 555 1132
366 778 1133 1135
516 517 782 1135
517 407 782 1136
1131 557 1132 1134
402 401 1130 1132
401 521 1130 1132
518 367 1134 1135
176 399 548 551
368 95 558 1133
178 399 523 525
405 407 517 1136
405 517 1134 1136
171 406 557 1136
370 368 558 1131
557 555 1131 1132
402 400 553 1130
521 522 1130 1132
175 400 551 553
517 518 1134 1135
401 403 521 1132
370 556 1129 1131
520 1131 1132 1134
400 551 553 1128
525 524 1127 1130
399 525 548 1130
295 182 299 782
299 182 407 782
247 248 547 1127
407 182 517 782
181 405 517 519
180 403 519 521
179 401 521 523
399 523 525 1130
248 373 547 1127
369 250 520 522
367 251 518 520
518 367 520 1134
549 548 1127 1128
550 549 1127 1128
27 399 525 548
556 370 558 1131
556 555 1129 1131
258 175 551 553
91 259 550 552
401 521 523 1130
374 552 1128 1129
400 399 551 1128
555 553 1129 1130
555 402 1130 1132
258 551 552 553
551 550 552 1128
553 1128 1129 1130
1127 371 1129 1130
174 402 553 555
173 404 555 557
522 371 524 1130
370 94 556 558
554 372 556 1129
374 372 554 1129
374 91 552 554
550 374 552 1128
1127 374 1128 1129
406 404 557 1134
403 519 1132 1134
559 778 781 1136
367 1133 1134 1135
559 261 778 1133
373 89 547 550
372 93 554 556
399 548 551 1128
406 405 1134 1136
372 370 556 1129
400 399 1128 1130
548 1127 1128 1130
525 246 548 1127
548 525 1127 1130
366 252 516 518
399 548 1128 1130
405 517 519 1134
374 550 1127 1128
524 371 1127 1130
367 368 1131 1133
171 559 781 1136
519 520 1132 1134
552 553 1128 1129
520 369 522 1132
367 369 520 1131
522 369 1129 1132
369 371 522 1129
1129 555 1130 1132
522 1129 1130 1132
517 782 1135 1136
553 400 1128 1130
551 552 553 1128
371 522 1129 1130
404 403 1132 1134
1128 1127 1129 1130
555 1129 1131 1132
520 367 1131 1134
369 520 1131 1132
1129 369 1131 1132
558 557 1131 1133
368 558 1131 1133
778 559 1133 1136
557 406 1134 1136
559 557 1133 1136
557 1131 1133 1134
1134 517 1135 1136
1131 367 1133 1134
557 404 1132 1134
1133 557 1134 1136
782 780 1135 1136
1133 1134 1135 1136
778 1133 1135 1136
795 798 799 1184
796 795 799 1174
796 799 800 1175
798 797 801 1184
798 801 802 1184
799 798 802 1184
799 802 803 1186
800 799 803 1186
800 803 804 1186
691 801 802 805
802 805 806 1189
803 802 806 1189
795 303 798 1184
303 797 798 1184
302 303 726 797
277 42 302 797
689 305 797 801
306 305 689 801
307 306 691 801
691 307 801 805
308 307 692 805
311 308 692 805
308 43 311 692
692 311 805 806
310 311 777 806
310 776 803 806
776 310 803 804
309 310 776 804
34 309 774 804
34 264 804 1179
264 800 804 1179
264 265 800 1179
265 266 800 1175
266 796 800 1175
266 267 796 1175
267 304 796 1174
304 795 796 1174
303 304 728 795
759 758 760 1144
763 759 764 1151
759 760 764 1151
764 760 765 1154
760 761 765 1154
765 761 766 1157
767 762 768 1172
762 763 768 1172
768 763 769 1170
763 764 769 1170
769 764 770 1167
764 765 770 1167
770 765 771 1167
765 766 771 1163
768 769 772 1183
772 769 773 1182
769 770 773 1182
773 770 774 1182
770 771 774 1179
772 773 775 1187
775 773 776 1188
773 774 776 1188
775 776 777 1189
41 295 299 758
41 245 757 758
245 757 758 759
245 244 754 759
244 243 754 759
243 759 762 1148
762 759 763 1148
243 242 750 762
242 762 767 1173
183 26 242 1173
183 242 767 1173
184 183 767 1173
184 767 772 1183
767 768 772 1183
185 184 772 1183
25 185 772 1187
25 772 775 1187
282 25 775 1187
282 775 777 1189
282 283 692 777
43 283 311 692
283 311 692 777
771 34 774 1179
34 169 575 771
169 170 575 771
766 170 771 1163
170 33 572 766
33 297 572 766
761 297 766 1157
298 297 761 1157
299 298 761 782
758 299 761 782
760 758 761 1144
748 746 749 1145
747 748 750 1171
750 748 751 1146
748 749 751 1146
751 749 752 1141
751 752 754 1141
754 752 755 1141
752 753 755 1141
755 753 756 1141
754 755 757 1144
253 254 535 746
254 535 746 748
535 254 747 748
254 255 534 747
242 26 255 1173
242 255 747 1173
242 747 750 1173
243 750 754 1148
750 751 754 1148
755 295 757 1144
295 755 756 1144
296 295 756 1143
40 296 756 1137
88 40 756 1137
753 88 756 1137
88 87 742 753
87 86 742 749
742 87 749 753
752 749 753 1141
86 85 737 749
746 85 749 1145
7 85 746 1145
253 7 746 1145
727 726 728 1184
729 727 730 1176
727 728 730 1174
730 728 731 1174
733 729 734 1164
729 730 734 1164
734 730 735 1160
730 731 735 1160
735 731 736 1159
732 733 737 1147
737 733 738 1147
733 734 738 1150
738 734 739 1150
734 735 739 1153
739 735 740 1153
735 736 740 1156
740 736 741 1156
738 739 742 1141
742 739 743 1139
739 740 743 1139
743 740 744 1139
740 741 744 1138
742 743 745 1137
277 276 687 726
276 687 726 727
276 6 687 727
6 227 727 729
6 82 227 729
82 83 541 729
83 729 732 1168
732 729 733 1168
83 84 538 732
85 84 732 1145
7 84 85 1145
85 732 737 1145
737 738 742 1141
88 742 745 1137
40 88 745 1137
292 40 745 1137
293 292 744 779
744 292 745 1137
743 744 745 1137
294 293 744 1138
741 294 744 1138
294 14 568 741
14 96 568 741
568 96 736 741
96 97 568 736
97 15 571 736
731 15 736 1159
267 15 304 731
728 304 731 1174
726 303 728 1184
535 534 536 1171
536 534 537 1171
538 535 539 1168
535 536 539 1171
539 536 540 1171
536 537 540 1171
538 539 541 1168
539 540 541 1180
253 535 538 1145
84 7 253 1145
84 253 538 1145
83 538 541 1168
226 227 541 1176
540 226 541 1180
225 226 540 1180
224 225 540 1187
537 224 540 1187
185 25 224 1187
185 224 537 1187
184 185 537 1183
534 184 537 1173
183 184 534 1173
26 183 534 1173
255 26 534 1173
569 568 570 1158
572 569 573 1158
569 570 573 1158
573 570 574 1162
570 571 574 1159
573 574 575 1179
261 568 569 1158
260 261 569 1158
260 569 572 1158
170 572 573 1163
170 573 575 1163
264 34 575 1179
265 264 575 1179
574 265 575 1179
266 265 574 1175
571 266 574 1159
267 266 571 1159
15 267 571 1159
687 688 689 1184
688 690 691 1185
689 688 691 1184
691 690 692 1189
227 226 687 1184
687 226 688 1184
226 225 688 1185
688 225 690 1185
225 224 690 1187
224 282 690 1187
224 25 282 1187
690 282 692 1189
780 778 781 1158
779 780 782 1143
14 261 294 568
293 294 778 1138
293 778 779 1138
779 778 780 1138
40 292 296 1137
296 292 779 1137
296 779 782 1143
295 296 782 1143
781 298 782 1157
780 781 782 1157
297 298 781 1157
260 33 297 572
260 297 781 1157
778 260 781 1158
261 260 778 1158
267 1159 1174 1175
1146 1147 1169 1171
1150 1164 1165 1169
728 303 795 1184
1174 1175 1177 1186
740 1138 1139 1153
730 727 1174 1176
802 803 1186 1189
727 728 1174 1184
1156 1155 1161 1162
304 728 795 1174
739 1139 1141 1150
765 764 1154 1167
689 277 726 797
42 277 305 797
738 739 1141 1150
1144 759 1148 1151
1137 756 1142 1143
776 803 806 1189
761 760 1144 1154
570 1156 1159 1161
1140 1143 1152 1155
735 740 1153 1156
759 763 1148 1151
737 742 749 1141
1139 1142 1150 1152
736 570 1156 1159
1149 1150 1152 1165
763 762 1148 1172
1141 1142 1148 1149
266 574 1159 1175
1142 1149 1150 1152
764 1151 1167 1170
1159 1160 1174 1175
1137 744 1138 1139
170 575 771 1163
751 750 1146 1148
297 260 572 1157
1138 780 1140 1155
800 804 1179 1186
570 573 1158 1162
295 41 757 758
1141 1139 1142 1150
243 754 759 1148
778 780 1138 1158
1152 1150 1153 1165
568 261 778 1158
1177 1165 1180 1181
534 537 1171 1173
779 1137 1138 1140
1139 1138 1140 1153
776 310 777 806
803 776 804 1188
774 309 776 804
774 34 804 1179
1161 1160 1175 1178
803 804 1186 1188
575 34 771 1179
572 170 766 1163
1160 1150 1164 1165
758 295 782 1144
1157 1155 1158 1163
756 755 1142 1144
298 761 782 1157
568 778 1138 1158
732 737 1145 1147
1153 1138 1155 1156
1165 1177 1178 1181
1170 768 1172 1183
1171 1169 1172 1183
756 755 1141 1142
756 753 1137 1141
750 1171 1172 1173
535 253 746 1145
728 795 1174 1184
750 243 762 1148
760 764 1151 1154
245 754 757 759
757 758 759 1144
757 295 758 1144
760 759 1144 1151
296 756 1137 1143
749 742 753 1141
86 737 742 749
568 97 570 736
1174 1177 1185 1186
1155 1161 1162 1166
755 754 1142 1144
1181 1178 1182 1187
1174 1164 1176 1177
780 779 1140 1143
739 1139 1150 1153
734 735 1153 1160
1139 1137 1141 1142
1160 1174 1175 1177
1161 574 1162 1179
739 740 1139 1153
782 761 1154 1157
729 730 1164 1176
742 743 1137 1139
743 744 1137 1139
1138 1137 1139 1140
277 302 726 797
303 726 797 1184
687 726 727 1184
227 727 729 1176
754 757 759 1144
83 541 729 1168
799 1174 1184 1186
538 83 732 1168
85 737 749 1145
742 88 753 1137
292 744 779 1137
294 568 778 1138
740 1138 1153 1156
736 568 741 1156
747 535 748 1171
1137 756 1141 1142
15 571 736 1159
267 15 731 1159
535 746 748 1145
1169 1146 1171 1172
1138 1140 1153 1155
254 534 535 747
779 1137 1140 1143
227 82 541 729
1165 1161 1166 1178
267 266 1159 1175
261 294 568 778
574 570 1161 1162
1155 1162 1163 1167
761 758 782 1144
1178 1166 1181 1182
573 575 1163 1179
570 97 571 736
570 568 736 1156
689 691 801 1184
1179 1178 1186 1188
751 749 1141 1146
184 537 1173 1183
6 227 687 727
227 727 1176 1184
770 769 1167 1182
572 766 1157 1163
1185 802 1186 1189
282 690 1187 1189
692 282 777 1189
691 692 805 1189
307 691 692 805
306 689 691 801
797 689 801 1184
537 1171 1173 1183
1149 1147 1150 1169
759 754 1144 1148
1139 1140 1142 1152
754 751 1141 1148
744 293 779 1138
741 568 1138 1156
779 296 1137 1143
761 765 1154 1157
1138 780 1155 1158
305 277 689 797
1152 1153 1155 1161
801 691 802 1184
570 568 1156 1158
295 299 758 782
782 761 1144 1154
1154 1152 1155 1167
763 1148 1151 1170
1149 1169 1170 1172
1186 1178 1187 1188
1179 774 1182 1188
776 774 804 1188
297 572 766 1157
1152 1143 1154 1155
782 295 1143 1144
750 748 1146 1171
255 534 747 1173
749 748 1145 1146
1143 780 1154 1155
800 265 1175 1179
84 538 732 1145
775 282 1187 1189
1164 1160 1165 1177
1152 1153 1161 1165
772 185 1183 1187
1178 1175 1179 1186
1158 1155 1162 1163
1152 1149 1165 1170
571 570 736 1159
726 689 797 1184
1182 773 1187 1188
1153 735 1159 1160
1137 742 1139 1141
1145 732 1147 1168
748 1145 1146 1171
185 537 1183 1187
1147 733 1150 1164
767 184 1173 1183
1169 1170 1172 1183
768 763 1170 1172
242 750 762 1173
735 736 1156 1159
740 741 1138 1156
756 1142 1143 1144
1167 769 1170 1182
311 692 777 806
802 691 805 1189
734 739 1150 1153
734 730 1160 1164
764 1151 1154 1167
277 687 689 726
227 687 727 1184
773 775 1187 1188
226 227 1176 1184
225 690 1185 1187
777 776 806 1189
1176 226 1184 1185
742 739 1139 1141
692 777 806 1189
1168 1164 1169 1180
568 294 741 1138
805 692 806 1189
537 540 1171 1183
733 738 1147 1150
730 1160 1164 1174
687 689 726 1184
304 267 731 1174
753 742 1137 1141
744 740 1138 1139
1174 799 1175 1186
534 535 747 1171
1165 1169 1180 1181
1149 1146 1169 1172
1161 1166 1178 1179
762 750 1148 1172
799 796 1174 1175
780 779 1138 1140
796 267 1174 1175
744 779 1137 1138
1171 540 1180 1183
1137 1139 1140 1142
1142 1140 1143 1152
749 737 1141 1147
737 738 1141 1147
1142 1143 1151 1152
295 756 1143 1144
1140 1137 1142 1143
733 734 1150 1164
1147 1141 1149 1150
780 782 1143 1154
1140 780 1143 1155
1142 1143 1144 1151
1143 782 1144 1154
735 731 1159 1160
748 535 1145 1171
535 538 1145 1168
732 733 1147 1168
737 749 1145 1147
538 732 1145 1168
1141 751 1146 1148
749 1141 1146 1147
1145 749 1146 1147
1141 1142 1149 1150
754 1141 1142 1148
1148 1149 1151 1170
763 1148 1170 1172
764 763 1151 1170
747 534 1171 1173
738 1141 1147 1150
1141 1146 1147 1149
1152 1166 1167 1170
1146 1145 1147 1171
1149 1142 1151 1152
1162 1155 1166 1167
772 769 1182 1183
1160 1161 1165 1178
1142 1144 1148 1151
750 1146 1148 1172
1146 1141 1148 1149
1178 1179 1182 1188
1146 1147 1149 1169
1148 1146 1149 1172
1142 1148 1149 1151
1178 1177 1186 1187
1143 1144 1151 1154
1139 1140 1152 1153
570 1156 1161 1162
780 782 1154 1157
1147 733 1164 1168
733 729 1164 1168
804 1179 1186 1188
1144 760 1151 1154
1151 1149 1152 1170
729 541 1164 1168
541 729 1164 1176
1143 1151 1152 1154
1150 1139 1152 1153
771 770 1167 1179
1159 574 1161 1175
1150 734 1153 1160
1161 1152 1165 1166
1156 1153 1159 1161
1140 1152 1153 1155
575 771 1163 1179
1154 1155 1163 1167
1151 1152 1154 1167
780 781 1157 1158
731 267 1159 1174
574 570 1159 1161
769 764 1167 1170
1138 1155 1156 1158
1155 1153 1156 1161
765 1154 1163 1167
1156 570 1158 1162
568 1138 1156 1158
1153 735 1156 1159
1154 1155 1157 1163
573 1158 1162 1163
766 765 1157 1163
765 1154 1157 1163
260 572 1157 1158
781 260 1157 1158
1155 1152 1161 1166
780 1154 1155 1157
1155 1156 1158 1162
573 572 1158 1163
572 1157 1158 1163
574 573 1162 1179
1162 573 1163 1179
1175 800 1179 1186
1153 1150 1160 1165
1159 1153 1160 1161
1148 1149 1170 1172
730 731 1160 1174
731 1159 1160 1174
541 226 1176 1180
265 574 1175 1179
1150 734 1160 1164
1153 1160 1161 1165
1155 1152 1166 1167
1160 1159 1161 1175
1166 1162 1167 1179
771 765 1163 1167
1155 780 1157 1158
1175 1161 1178 1179
767 762 1172 1173
1151 1152 1167 1170
540 225 1180 1187
1149 1150 1165 1169
1150 1147 1164 1169
541 227 729 1176
769 768 1170 1183
1152 1165 1166 1170
1161 1162 1166 1179
1166 1167 1170 1182
762 750 1172 1173
540 539 1171 1180
1162 1163 1167 1179
1163 771 1167 1179
1169 1165 1170 1181
1164 1147 1168 1169
1164 1165 1169 1180
1165 1166 1170 1181
1165 1149 1169 1170
1147 1145 1168 1171
539 541 1168 1180
541 1164 1168 1180
1147 1168 1169 1171
769 1170 1182 1183
535 539 1168 1171
1168 1169 1171 1180
539 1168 1171 1180
768 767 1172 1183
750 747 1171 1173
1171 1172 1173 1183
1172 767 1173 1183
1146 750 1171 1172
795 799 1174 1184
225 226 1180 1185
1164 1176 1177 1180
754 1142 1144 1148
1160 1165 1177 1178
1180 225 1185 1187
1164 730 1174 1176
1160 1164 1174 1177
574 1161 1175 1179
799 800 1175 1186
1177 1175 1178 1186
776 775 1188 1189
1164 541 1176 1180
1165 1164 1177 1180
727 1174 1176 1184
1180 1177 1181 1187
226 688 1184 1185
1184 1174 1185 1186
1176 1174 1177 1185
1178 1182 1187 1188
1166 1165 1178 1181
1175 1160 1177 1178
774 773 1182 1188
804 774 1179 1188
1166 1170 1181 1182
1170 1181 1182 1183
755 754 1141 1142
1176 1177 1180 1185
1167 1166 1179 1182
1166 1178 1179 1182
774 770 1179 1182
773 772 1182 1187
770 1167 1179 1182
226 1176 1180 1185
540 1180 1183 1187
537 540 1183 1187
1170 1169 1181 1183
1169 1171 1180 1183
1177 1178 1181 1187
1169 1180 1181 1183
1181 1182 1183 1187
1180 1181 1183 1187
1174 1176 1184 1185
802 799 1184 1186
1185 1186 1187 1189
691 802 1184 1185
1187 1186 1188 1189
691 802 1185 1189
688 691 1184 1185
1177 1180 1185 1187
1182 772 1183 1187
1145 535 1168 1171
802 1184 1185 1186
690 691 1185 1189
690 1185 1187 1189
1177 1185 1186 1187
775 1187 1188 1189
803 776 1188 1189
1186 803 1188 1189
820 819 821 1191
820 821 822 1194
822 821 823 1194
822 823 824 1197
824 823 825 1197
824 825 826 1200
44 314 783 819
316 44 787 819
787 316 819 821
317 316 788 821
788 317 821 823
318 317 789 823
789 318 823 825
319 318 789 825
319 45 321 1200
319 321 825 1200
825 321 826 1200
320 321 794 826
35 320 793 826
268 824 826 1198
268 269 824 1198
269 822 824 1195
269 270 822 1195
270 820 822 1192
270 271 820 1192
315 819 820 1191
314 315 783 819
792 791 793 1199
792 793 794 1200
167 168 583 791
34 168 309 804
309 168 791 804
310 309 791 804
310 791 792 1199
311 310 792 806
311 792 794 1200
43 311 794 1200
301 43 794 1200
45 301 794 1200
321 45 794 1200
35 166 586 793
791 166 793 1199
167 166 791 1199
787 305 788 1194
305 306 788 1194
306 307 788 1194
788 307 789 1194
307 308 789 1197
789 308 790 1200
308 43 790 1200
43 301 790 1200
301 45 790 1200
45 319 790 1200
319 789 790 1200
300 44 783 787
42 300 783 787
305 42 783 787
784 783 785 1191
784 785 786 1190
302 42 783 797
302 783 784 797
303 302 784 797
303 784 786 1190
304 303 786 1190
98 15 304 576
304 98 576 786
98 99 576 786
100 99 786 1190
785 100 786 1190
271 16 315 785
783 315 785 1191
577 576 578 796
580 577 581 799
577 578 581 799
581 578 582 1193
578 579 582 1193
583 580 584 1199
580 581 584 1196
584 581 585 1196
581 582 585 1196
584 585 586 1199
267 576 577 796
266 267 577 796
265 266 577 800
265 577 580 800
264 265 580 800
264 580 583 804
168 34 264 804
168 264 583 804
167 583 584 1199
167 584 586 1199
166 167 586 1199
585 268 586 1198
269 268 585 1198
270 269 585 1195
582 270 585 1195
271 270 582 1192
579 271 582 1192
100 271 579 1192
99 100 579 1190
578 99 579 1190
576 99 578 1190
798 795 799 1193
797 798 801 1192
801 798 802 1195
798 799 802 1193
802 799 803 1196
801 802 805 1195
805 802 806 1198
802 803 806 1199
303 795 798 1190
797 303 798 1190
305 797 801 1194
306 305 801 1194
307 306 801 1194
307 801 805 1195
308 307 805 1197
311 308 805 1200
43 308 311 1200
311 805 806 1200
803 310 806 1199
310 803 804 1199
15 267 304 576
303 304 795 1190
1190 798 1192 1193
585 582 1195 1196
784 797 1191 1192
785 784 1191 1192
585 584 1196 1199
315 783 819 1191
44 783 787 819
821 820 1191 1194
819 787 821 1191
801 797 1192 1194
793 586 1198 1199
823 789 825 1197
268 35 586 793
42 305 783 797
268 35 793 826
795 578 799 1193
793 268 826 1198
100 16 271 785
271 100 785 1192
315 271 785 820
785 315 820 1191
168 583 791 804
788 789 823 1194
824 826 1198 1200
166 586 793 1199
583 167 791 1199
791 310 804 1199
310 792 806 1199
789 823 1194 1197
582 579 1192 1193
305 783 797 1191
821 788 823 1194
823 822 1194 1197
783 787 819 1191
789 319 825 1200
316 787 788 821
799 580 803 1196
820 785 1191 1192
784 785 1190 1192
1196 802 1198 1199
784 303 797 1190
783 784 797 1191
581 580 799 1196
576 304 786 1190
99 576 786 1190
580 800 803 804
267 304 576 796
787 821 1191 1194
579 578 1190 1193
581 799 1193 1196
100 579 1190 1192
578 577 796 799
580 583 804 1199
580 264 800 804
583 791 804 1199
578 576 795 796
576 578 795 1190
795 578 796 799
806 792 1198 1199
792 806 1198 1200
269 585 1195 1198
785 100 1190 1192
795 798 1190 1193
577 796 799 800
580 577 799 800
798 797 1190 1192
822 824 1195 1197
1195 585 1196 1198
798 1192 1193 1195
787 788 821 1194
799 580 800 803
820 822 1192 1194
307 789 1194 1197
577 266 796 800
576 304 795 796
304 576 795 1190
793 320 794 826
802 805 1195 1198
271 785 820 1192
307 1194 1195 1197
792 311 806 1200
797 305 1191 1194
783 305 787 1191
305 787 1191 1194
317 788 789 823
801 307 1194 1195
799 802 1193 1196
1191 820 1192 1194
1193 802 1195 1196
797 1191 1192 1194
803 580 804 1199
578 581 799 1193
308 789 1197 1200
586 268 793 1198
802 1195 1196 1198
797 784 1190 1192
578 795 1190 1193
798 801 1192 1195
579 1190 1192 1193
1194 822 1195 1197
822 270 1192 1195
802 798 1193 1195
585 1196 1198 1199
270 582 1192 1195
794 793 826 1200
582 581 1193 1196
1192 582 1193 1195
805 307 1195 1197
1192 801 1194 1195
802 806 1198 1199
822 1192 1194 1195
803 802 1196 1199
824 269 1195 1198
582 1193 1195 1196
321 794 826 1200
584 580 1196 1199
580 803 1196 1199
789 825 1197 1200
1195 805 1197 1198
792 793 1198 1199
793 792 1198 1200
826 793 1198 1200
586 585 1198 1199
805 308 1197 1200
825 824 1197 1200
824 1195 1197 1198
806 805 1198 1200
805 1197 1198 1200
1197 824 1198 1200
873 876 877 1210
874 873 877 1210
874 593 877 878
876 875 879 1209
876 879 880 1206
877 876 880 1210
877 880 881 1207
596 877 878 881
878 596 881 882
880 879 883 1202
880 883 884 1203
881 880 884 1204
873 323 876 1211
323 875 876 1211
322 323 809 875
46 322 807 875
325 46 811 875
875 325 879 1205
325 326 879 1205
326 327 879 1202
879 327 883 1202
327 328 883 1202
328 331 883 1201
328 47 331 1201
883 331 884 1201
330 331 817 884
330 881 884 1204
881 330 882 1204
329 330 815 882
163 36 329 882
272 36 597 882
272 596 878 882
273 272 596 878
274 273 596 878
274 593 874 878
275 274 593 874
324 275 590 874
103 17 275 324
324 590 873 874
324 323 873 1211
816 815 817 1204
816 817 818 1201
164 165 594 815
165 594 815 816
165 35 268 816
320 35 816 826
320 816 818 826
321 320 818 826
45 321 818 1201
313 45 818 1201
47 313 818 1201
331 47 818 1201
817 331 818 1201
815 330 817 1204
163 164 597 815
811 316 812 821
316 317 812 821
317 318 812 823
812 318 813 1202
318 319 813 1202
813 319 814 1202
319 45 814 1201
45 313 814 1201
313 47 814 1201
47 328 814 1201
328 813 814 1202
328 327 813 1202
327 326 813 1202
326 812 813 1202
326 325 812 1205
325 811 812 1205
312 46 807 811
44 312 807 811
44 316 811 819
808 807 809 1208
808 809 810 1211
314 44 807 819
315 314 807 819
315 807 808 1208
16 271 315 808
16 101 587 808
101 587 808 810
101 102 587 810
103 102 810 1211
324 103 810 1211
323 324 810 1211
809 323 810 1211
588 587 589 1209
591 588 592 1207
588 589 592 1210
592 589 593 1210
589 590 593 1210
594 591 595 1207
591 592 595 1207
595 592 596 1207
271 587 588 1209
270 271 588 820
269 270 588 822
269 588 591 1206
268 269 591 1203
268 591 594 1203
102 103 590 1211
589 102 590 1211
587 102 589 1211
819 820 821 1208
821 820 822 1205
821 822 823 1205
823 822 824 1202
823 824 825 1202
825 824 826 1201
318 823 825 1202
319 318 825 1202
45 319 321 1201
321 319 825 1201
321 825 826 1201
824 268 826 1203
269 268 824 1203
822 269 824 1206
819 315 820 1208
881 880 1204 1207
596 592 877 1207
596 877 881 1207
1203 880 1206 1207
824 826 1201 1203
877 880 1207 1210
884 883 1201 1203
46 807 811 875
883 328 1201 1202
807 811 875 1208
811 325 875 1205
817 330 884 1204
330 815 882 1204
36 163 597 882
596 272 597 882
590 873 874 1210
275 103 324 590
590 324 873 1211
816 817 1201 1203
164 594 595 815
594 815 816 1204
35 268 816 826
808 271 820 1209
818 321 826 1201
597 163 815 882
163 329 815 882
1201 883 1202 1203
824 269 1203 1206
318 812 823 1202
817 884 1203 1204
814 319 1201 1202
328 814 1201 1202
807 44 811 819
811 819 821 1208
822 588 1206 1209
807 315 819 1208
589 590 1210 1211
268 816 826 1203
826 816 1201 1203
809 807 875 1208
873 876 1210 1211
809 808 1209 1211
592 593 596 877
592 593 877 1210
879 326 1202 1205
824 1201 1202 1203
164 595 597 815
815 595 882 1204
595 597 815 882
271 16 587 808
587 808 810 1211
271 315 808 820
268 594 816 1203
593 274 596 878
823 822 1202 1205
879 875 1205 1209
825 824 1201 1202
816 818 826 1201
317 812 821 823
319 825 1201 1202
588 269 822 1206
588 270 820 822
315 808 820 1208
1209 589 1210 1211
812 823 1202 1205
323 809 875 1211
807 322 809 875
822 824 1202 1206
331 817 884 1201
816 817 1203 1204
884 880 1203 1204
165 268 594 816
812 811 821 1205
316 811 819 821
876 879 1206 1209
587 271 808 1209
593 596 877 878
883 880 1202 1203
591 594 1203 1207
812 821 823 1205
590 275 593 874
593 590 874 1210
593 874 877 1210
103 324 590 1211
811 807 819 1208
326 812 1202 1205
1202 879 1205 1206
271 588 820 1209
590 873 1210 1211
880 876 1206 1210
595 596 597 882
595 596 881 1207
1203 594 1204 1207
595 881 882 1204
596 595 881 882
594 595 815 1204
595 881 1204 1207
594 595 1204 1207
269 591 1203 1206
879 1205 1206 1209
1202 824 1203 1206
880 879 1202 1206
594 816 1203 1204
588 592 1207 1210
821 820 1205 1208
820 822 1205 1209
822 1202 1205 1206
811 821 1205 1208
588 591 1206 1207
591 1203 1206 1207
1206 588 1207 1210
1205 822 1206 1209
880 1202 1203 1206
102 587 810 1211
1205 875 1208 1209
880 1206 1207 1210
592 877 1207 1210
817 884 1201 1203
875 809 1208 1209
875 811 1205 1208
820 1205 1208 1209
876 875 1209 1211
809 808 1208 1209
808 820 1208 1209
1206 876 1209 1210
587 589 1209 1211
589 588 1209 1210
588 1206 1209 1210
875 809 1209 1211
808 587 1209 1211
820 588 822 1209
876 1209 1210 1211
880 1203 1204 1207
