1 183.105
2 192.261
3 186.157
4 186.157
5 183.105
6 183.105
7 180.054
8 180.054
9 177.002
10 175.476
20 164.795
30 157.166
40 151.062
50 147.247
60 144.196
70 141.907
80 140.381
90 138.855
100 135.803
200 130.463
300 125.885
400 124.359
500 122.833
600 121.307
700 122.07
800 121.307
900 119.781
1000 119.781
2000 117.493
3000 115.967
4000 115.967
5000 115.204
6000 115.204
7000 115.204
8000 114.441
9000 114.441
10000 113.678
20000 113.678
30000 112.915
40000 112.915
50000 112.915
60000 112.915
70000 112.915
80000 113.678
90000 112.152
100000 112.915
200000 112.915
300000 112.152
400000 112.915
500000 112.152
600000 112.152
700000 112.152
800000 112.152
900000 112.915
1e+06 112.152
