0 53.4058
0.01 126.648
0.02 126.648
0.03 127.411
0.04 127.411
0.05 128.174
0.06 128.174
0.07 128.174
0.08 128.937
0.09 128.937
0.1 129.7
0.2 131.989
0.3 135.04
0.4 137.329
0.5 140.381
0.6 143.433
0.7 146.484
0.8 148.773
0.9 151.062
1 154.114
2 175.476
3 195.312
4 212.097
5 227.356
6 241.089
7 257.874
8 271.606
9 286.865
10 300.598
20 769.043
30 1000.98
40 1110.84
50 1177.98
60 1232.91
70 1269.53
80 1293.95
90 1306.15
100 1330.57
200 1416.02
300 1452.64
400 1477.05
500 1489.26
600 1489.26
700 1489.26
800 1501.46
900 1501.46
1000 1513.67
2000 1525.88
3000 1525.88
4000 1538.09
5000 1525.88
6000 1525.88
7000 1538.09
8000 1525.88
9000 1525.88
10000 1538.09
20000 1538.09
30000 1538.09
40000 1538.09
50000 1538.09
60000 1550.29
70000 1538.09
80000 1538.09
90000 1538.09
100000 1538.09
200000 1538.09
300000 1538.09
400000 1538.09
500000 1538.09
600000 1538.09
700000 1550.29
800000 1538.09
900000 1538.09
1e+06 1538.09
