0 53.0243
0.01 53.4058
0.02 53.4058
0.03 53.7872
0.04 54.1687
0.05 54.5502
0.06 54.9316
0.07 55.3131
0.08 55.6946
0.09 55.6946
0.1 56.076
0.2 58.7463
0.3 62.1796
0.4 65.2313
0.5 68.6646
0.6 71.7163
0.7 74.3866
0.8 77.0569
0.9 80.1086
1 83.1604
2 109.1
3 130.463
4 149.536
5 161.743
6 166.321
7 169.373
8 172.424
9 170.898
10 172.424
20 166.321
30 161.743
40 157.166
50 155.64
60 152.588
70 150.299
80 149.536
90 147.247
100 146.484
200 138.855
300 135.803
400 133.514
500 131.989
600 131.226
700 130.463
800 129.7
900 129.7
1000 128.937
2000 112.152
3000 104.523
4000 99.9451
5000 97.6562
6000 96.1304
7000 95.3674
8000 93.8416
9000 92.3157
10000 92.3157
20000 89.2639
30000 88.501
40000 88.501
50000 87.738
60000 86.9751
70000 86.9751
80000 87.738
90000 87.738
100000 86.9751
200000 87.738
300000 86.9751
400000 86.9751
500000 87.738
600000 86.9751
700000 86.9751
800000 86.9751
900000 86.9751
1e+06 86.9751
