0 52.2614
0.01 52.6428
0.02 53.0243
0.03 53.7872
0.04 53.7872
0.05 54.1687
0.06 54.5502
0.07 54.5502
0.08 54.9316
0.09 55.3131
0.1 55.6946
0.2 58.7463
0.3 61.7981
0.4 65.6128
0.5 69.809
0.6 74.3866
0.7 75.9125
0.8 77.8198
0.9 78.5828
1 78.5828
2 82.3975
3 86.2122
4 90.0269
5 93.0786
6 95.3674
7 98.4192
8 101.471
9 104.523
10 107.574
20 135.04
30 141.907
40 142.67
50 141.907
60 141.907
70 141.907
80 141.144
90 139.618
100 139.618
200 135.803
300 132.751
400 130.463
500 130.463
600 128.937
700 128.174
800 128.174
900 127.411
1000 127.411
2000 124.359
3000 123.596
4000 123.596
5000 122.833
6000 122.833
7000 122.833
8000 122.07
9000 122.07
10000 122.07
20000 121.307
30000 121.307
40000 120.544
50000 120.544
60000 120.544
70000 120.544
80000 120.544
90000 119.781
100000 120.544
200000 120.544
300000 120.544
400000 119.781
500000 119.781
600000 119.781
700000 121.307
800000 119.781
900000 119.781
1e+06 120.544
