0 51.4984
0.01 51.8799
0.02 52.2614
0.03 52.6428
0.04 52.6428
0.05 53.0243
0.06 53.4058
0.07 53.7872
0.08 54.1687
0.09 54.5502
0.1 54.9316
0.2 57.9834
0.3 61.0352
0.4 64.8499
0.5 69.4275
0.6 74.0051
0.7 75.531
0.8 77.0569
0.9 77.8198
1 77.8198
2 80.8716
3 84.6863
4 88.501
5 92.3157
6 94.6045
7 96.8933
8 100.708
9 102.997
10 106.049
20 145.721
30 158.691
40 163.269
50 164.795
60 166.321
70 167.847
80 166.321
90 166.321
100 167.847
200 164.795
300 163.269
400 161.743
500 160.217
600 160.217
700 160.217
800 160.217
900 158.691
1000 158.691
2000 124.359
3000 109.863
4000 102.997
5000 98.4192
6000 96.1304
7000 93.8416
8000 92.3157
9000 89.2639
10000 89.2639
20000 84.6863
30000 83.1604
40000 82.3975
50000 81.6345
60000 80.8716
70000 81.6345
80000 80.8716
90000 81.6345
100000 80.8716
200000 80.8716
300000 80.8716
400000 80.8716
500000 80.8716
600000 80.8716
700000 80.8716
800000 80.8716
900000 80.8716
1e+06 80.8716
