0 64.0869
0.01 64.0869
0.02 64.4684
0.03 64.4684
0.04 64.8499
0.05 64.8499
0.06 65.2313
0.07 65.2313
0.08 65.2313
0.09 65.6128
0.1 65.9943
0.2 67.1387
0.3 67.9016
0.4 69.046
0.5 69.809
0.6 70.9534
0.7 72.0978
0.8 72.4792
0.9 74.0051
1 74.7681
2 80.8716
3 85.4492
4 89.2639
5 92.3157
6 95.3674
7 97.6562
8 99.9451
9 102.997
10 106.049
20 133.514
30 141.907
40 142.67
50 143.433
60 142.67
70 142.67
80 141.907
90 140.381
100 139.618
200 135.803
300 133.514
400 131.226
500 130.463
600 130.463
700 129.7
800 128.937
900 128.174
1000 127.411
2000 107.574
3000 98.4192
4000 93.8416
5000 91.5527
6000 89.2639
7000 87.738
8000 86.9751
9000 85.4492
10000 84.6863
20000 81.6345
30000 81.6345
40000 80.8716
50000 80.8716
60000 80.1086
70000 80.1086
80000 80.1086
90000 80.8716
100000 79.3457
200000 80.1086
300000 80.1086
400000 79.3457
500000 80.1086
600000 80.1086
700000 80.1086
800000 79.3457
900000 80.1086
1e+06 80.1086
