0 43.869
0.01 43.869
0.02 43.869
0.03 45.0134
0.04 45.0134
0.05 45.3949
0.06 45.7764
0.07 45.7764
0.08 45.7764
0.09 46.5393
0.1 46.9208
0.2 50.7355
0.3 54.5502
0.4 58.7463
0.5 67.1387
0.6 67.9016
0.7 71.7163
0.8 75.9125
0.9 80.1086
1 83.1604
2 100.708
3 109.1
4 118.256
5 119.781
6 122.833
7 126.648
8 130.463
9 133.514
10 137.329
20 155.64
30 158.691
40 157.166
50 155.64
60 155.64
70 152.588
80 151.062
90 149.536
100 148.773
200 142.67
300 139.618
400 138.092
500 136.566
600 135.803
700 134.277
800 134.277
900 133.514
1000 132.751
2000 112.152
3000 101.471
4000 96.1304
5000 93.8416
6000 90.7898
7000 90.0269
8000 87.738
9000 86.2122
10000 86.2122
20000 82.3975
30000 82.3975
40000 81.6345
50000 80.8716
60000 81.6345
70000 80.1086
80000 80.1086
90000 80.8716
100000 80.1086
200000 80.1086
300000 80.1086
400000 80.1086
500000 80.1086
600000 80.1086
700000 80.1086
800000 80.1086
900000 80.8716
1e+06 80.1086
