0 50.7355
0.01 122.833
0.02 124.359
0.03 123.596
0.04 123.596
0.05 124.359
0.06 124.359
0.07 124.359
0.08 125.122
0.09 124.359
0.1 125.122
0.2 126.648
0.3 128.937
0.4 131.226
0.5 132.751
0.6 134.277
0.7 136.566
0.8 138.092
0.9 139.618
1 141.907
2 160.217
3 169.373
4 178.528
5 186.157
6 193.787
7 202.942
8 210.571
9 219.727
10 227.356
20 196.838
30 178.528
40 169.373
50 161.743
60 157.166
70 154.114
80 149.536
90 146.484
100 144.958
200 132.751
300 129.7
400 126.648
500 124.359
600 123.596
700 122.833
800 122.833
900 122.07
1000 119.781
2000 116.73
3000 115.967
4000 115.967
5000 115.204
6000 115.967
7000 114.441
8000 114.441
9000 113.678
10000 114.441
20000 113.678
30000 113.678
40000 112.915
50000 112.152
60000 112.915
70000 112.152
80000 112.915
90000 112.915
100000 112.915
200000 112.152
300000 112.152
400000 112.152
500000 112.152
600000 112.152
700000 112.915
800000 112.152
900000 112.152
1e+06 111.389
