0 46.5393
0.01 122.07
0.02 122.07
0.03 122.833
0.04 122.07
0.05 123.596
0.06 122.833
0.07 122.833
0.08 122.833
0.09 122.833
0.1 122.833
0.2 124.359
0.3 125.122
0.4 125.122
0.5 126.648
0.6 127.411
0.7 128.937
0.8 130.463
0.9 131.226
1 132.751
2 141.907
3 149.536
4 160.217
5 167.847
6 199.89
7 244.141
8 274.658
9 300.598
10 320.435
20 402.832
30 442.505
40 503.54
50 558.472
60 592.041
70 616.455
80 634.766
90 646.973
100 665.283
200 714.111
300 732.422
400 744.629
500 744.629
600 756.836
700 762.939
800 762.939
900 762.939
1000 775.146
2000 781.25
3000 787.354
4000 787.354
5000 793.457
6000 787.354
7000 793.457
8000 799.561
9000 793.457
10000 793.457
20000 793.457
30000 793.457
40000 799.561
50000 793.457
60000 793.457
70000 793.457
80000 793.457
90000 799.561
100000 805.664
200000 793.457
300000 793.457
400000 799.561
500000 799.561
600000 793.457
700000 793.457
800000 793.457
900000 799.561
1e+06 793.457
