0 52.2614
0.01 123.596
0.02 124.359
0.03 124.359
0.04 124.359
0.05 125.122
0.06 125.122
0.07 125.122
0.08 125.122
0.09 125.885
0.1 125.885
0.2 126.648
0.3 128.937
0.4 130.463
0.5 131.989
0.6 133.514
0.7 135.04
0.8 137.329
0.9 138.092
1 139.618
2 155.64
3 161.743
4 169.373
5 177.002
6 183.105
7 192.261
8 201.416
9 209.045
10 216.675
20 588.989
30 756.836
40 878.906
50 982.666
60 1043.7
70 1086.43
80 1123.05
90 1153.56
100 1171.88
200 1269.53
300 1306.15
400 1330.57
500 1354.98
600 1354.98
700 1367.19
800 1367.19
900 1367.19
1000 1379.39
2000 1416.02
3000 1428.22
4000 1416.02
5000 1428.22
6000 1428.22
7000 1428.22
8000 1428.22
9000 1428.22
10000 1428.22
20000 1428.22
30000 1428.22
40000 1428.22
50000 1428.22
60000 1428.22
70000 1428.22
80000 1428.22
90000 1428.22
100000 1428.22
200000 1440.43
300000 1428.22
400000 1428.22
500000 1428.22
600000 1428.22
700000 1428.22
800000 1428.22
900000 1428.22
1e+06 1428.22
