100 41.9617
200 41.5802
300 41.9617
400 41.9617
500 41.9617
600 41.9617
700 41.9617
800 42.3431
900 41.9617
1000 41.9617
2000 41.9617
3000 41.9617
4000 41.9617
5000 41.9617
6000 41.9617
7000 41.9617
8000 41.9617
9000 41.9617
10000 41.9617
20000 42.3431
30000 41.9617
40000 41.9617
50000 41.5802
60000 41.9617
70000 41.9617
80000 41.9617
90000 41.9617
100000 41.9617
200000 41.9617
300000 41.9617
400000 41.9617
500000 41.9617
600000 42.3431
700000 41.9617
800000 41.9617
900000 41.9617
1e+06 41.9617
