0 72.8607
0.01 127.411
0.02 128.174
0.03 128.174
0.04 128.937
0.05 128.174
0.06 128.937
0.07 128.174
0.08 128.937
0.09 129.7
0.1 129.7
0.2 131.226
0.3 132.751
0.4 135.803
0.5 137.329
0.6 139.618
0.7 141.144
0.8 142.67
0.9 144.196
1 146.484
2 160.217
3 173.95
4 186.157
5 195.312
6 205.994
7 216.675
8 227.356
9 238.037
10 248.718
20 204.468
30 183.105
40 170.898
50 163.269
60 160.217
70 155.64
80 151.825
90 147.247
100 146.484
200 134.277
300 131.226
400 127.411
500 125.122
600 123.596
700 122.833
800 123.596
900 122.833
1000 119.781
2000 117.493
3000 116.73
4000 115.967
5000 115.967
6000 115.204
7000 115.204
8000 115.204
9000 114.441
10000 114.441
20000 113.678
30000 114.441
40000 113.678
50000 113.678
60000 112.915
70000 113.678
80000 113.678
90000 112.915
100000 112.915
200000 112.915
300000 112.915
400000 112.915
500000 112.915
600000 112.915
700000 112.915
800000 112.915
900000 112.152
1e+06 112.915
