1 1190.19
2 1214.6
3 1232.91
4 1257.32
5 1269.53
6 1269.53
7 1293.95
8 1306.15
9 1293.95
10 1318.36
20 1354.98
30 1391.6
40 1403.81
50 1416.02
60 1428.22
70 1428.22
80 1440.43
90 1440.43
100 1452.64
200 1477.05
300 1489.26
400 1513.67
500 1513.67
600 1501.46
700 1513.67
800 1525.88
900 1525.88
1000 1525.88
2000 1538.09
3000 1525.88
4000 1550.29
5000 1538.09
6000 1538.09
7000 1550.29
8000 1538.09
9000 1538.09
10000 1550.29
20000 1538.09
30000 1550.29
40000 1538.09
50000 1550.29
60000 1550.29
70000 1550.29
80000 1550.29
90000 1550.29
100000 1562.5
200000 1550.29
300000 1562.5
400000 1550.29
500000 1550.29
600000 1550.29
700000 1562.5
800000 1550.29
900000 1550.29
1e+06 1550.29
