0 11.5395
0.01 136.566
0.02 138.092
0.03 137.329
0.04 138.092
0.05 137.329
0.06 138.092
0.07 138.092
0.08 138.092
0.09 138.092
0.1 138.855
0.2 141.144
0.3 143.433
0.4 144.958
0.5 146.484
0.6 148.773
0.7 150.299
0.8 152.588
0.9 154.114
1 155.64
2 169.373
3 183.105
4 192.261
5 198.364
6 204.468
7 212.097
8 216.675
9 225.83
10 230.408
20 224.304
30 213.623
40 205.994
50 199.89
60 198.364
70 195.312
80 192.261
90 190.735
100 187.683
200 180.054
300 177.002
400 173.95
500 170.898
600 170.898
700 169.373
800 169.373
900 167.847
1000 169.373
2000 155.64
3000 150.299
4000 146.484
5000 144.196
6000 143.433
7000 141.144
8000 139.618
9000 139.618
10000 138.855
20000 135.803
30000 135.803
40000 135.803
50000 135.04
60000 134.277
70000 134.277
80000 135.04
90000 135.04
100000 133.514
200000 134.277
300000 134.277
400000 135.04
500000 134.277
600000 134.277
700000 134.277
800000 134.277
900000 134.277
1e+06 134.277
2e+06 78.5828
3e+06 59.1278
4e+06 46.9208
5e+06 40.0543
6e+06 36.2396
7e+06 33.5693
8e+06 30.7083
9e+06 29.3732
1e+07 26.5121
