#Time "Reaction Count" X  
0.0 0 50 0 0
0.1 87 43 40 47
0.2 143 39 66 77
0.3 198 40 94 104
0.4 241 31 111 130
0.5 275 19 122 153
0.6 304 22 138 166
0.7 344 22 158 186
0.8 378 26 177 201
0.9 434 28 206 228
1.0 480 32 231 249
1.1 514 26 245 269
1.2 558 24 266 292
1.3 591 27 284 307
1.4 634 22 303 331
1.5 665 21 318 347
1.6 687 17 327 360
1.7 702 8 330 372
1.8 713 5 334 379
1.9 717 3 335 382
2.0 721 1 336 385
2.1 723 1 337 386
2.2 724 0 337 387
2.3 724 0 337 387
2.4 724 0 337 387
2.5 724 0 337 387
2.6 724 0 337 387
2.7 724 0 337 387
2.8 724 0 337 387
2.9 724 0 337 387
3.0 724 0 337 387
3.1 724 0 337 387
3.2 724 0 337 387
3.3 724 0 337 387
3.4 724 0 337 387
3.5 724 0 337 387
3.6 724 0 337 387
3.7 724 0 337 387
3.8 724 0 337 387
3.9 724 0 337 387
4.0 724 0 337 387
4.1 724 0 337 387
4.2 724 0 337 387
4.3 724 0 337 387
4.4 724 0 337 387
4.5 724 0 337 387
4.6 724 0 337 387
4.7 724 0 337 387
4.8 724 0 337 387
4.9 724 0 337 387
5.0 724 0 337 387

0.0 0 50 0 0
0.1 76 62 44 32
0.2 161 55 83 78
0.3 228 40 109 119
0.4 283 25 129 154
0.5 315 29 147 168
0.6 355 27 166 189
0.7 380 24 177 203
0.8 413 21 192 221
0.9 431 7 194 237
1.0 439 5 197 242
1.1 444 2 198 246
1.2 447 1 199 248
1.3 450 0 200 250
1.4 450 0 200 250
1.5 450 0 200 250
1.6 450 0 200 250
1.7 450 0 200 250
1.8 450 0 200 250
1.9 450 0 200 250
2.0 450 0 200 250
2.1 450 0 200 250
2.2 450 0 200 250
2.3 450 0 200 250
2.4 450 0 200 250
2.5 450 0 200 250
2.6 450 0 200 250
2.7 450 0 200 250
2.8 450 0 200 250
2.9 450 0 200 250
3.0 450 0 200 250
3.1 450 0 200 250
3.2 450 0 200 250
3.3 450 0 200 250
3.4 450 0 200 250
3.5 450 0 200 250
3.6 450 0 200 250
3.7 450 0 200 250
3.8 450 0 200 250
3.9 450 0 200 250
4.0 450 0 200 250
4.1 450 0 200 250
4.2 450 0 200 250
4.3 450 0 200 250
4.4 450 0 200 250
4.5 450 0 200 250
4.6 450 0 200 250
4.7 450 0 200 250
4.8 450 0 200 250
4.9 450 0 200 250
5.0 450 0 200 250

0.0 0 50 0 0
0.1 67 43 30 37
0.2 116 40 53 63
0.3 176 48 87 89
0.4 243 37 115 128
0.5 295 25 135 160
0.6 334 24 154 180
0.7 366 18 167 199
0.8 392 26 184 208
0.9 429 21 200 229
1.0 461 17 214 247
1.1 483 13 223 260
1.2 511 17 239 272
1.3 532 18 250 282
1.4 575 21 273 302
1.5 603 7 280 323
1.6 613 7 285 328
1.7 627 5 291 336
1.8 640 6 298 342
1.9 657 1 304 353
2.0 658 2 305 353
2.1 660 0 305 355
2.2 660 0 305 355
2.3 660 0 305 355
2.4 660 0 305 355
2.5 660 0 305 355
2.6 660 0 305 355
2.7 660 0 305 355
2.8 660 0 305 355
2.9 660 0 305 355
3.0 660 0 305 355
3.1 660 0 305 355
3.2 660 0 305 355
3.3 660 0 305 355
3.4 660 0 305 355
3.5 660 0 305 355
3.6 660 0 305 355
3.7 660 0 305 355
3.8 660 0 305 355
3.9 660 0 305 355
4.0 660 0 305 355
4.1 660 0 305 355
4.2 660 0 305 355
4.3 660 0 305 355
4.4 660 0 305 355
4.5 660 0 305 355
4.6 660 0 305 355
4.7 660 0 305 355
4.8 660 0 305 355
4.9 660 0 305 355
5.0 660 0 305 355

0.0 0 50 0 0
0.1 57 31 19 38
0.2 93 23 33 60
0.3 128 24 51 77
0.4 176 30 78 98
0.5 218 26 97 121
0.6 251 21 111 140
0.7 292 30 136 156
0.8 337 31 159 178
0.9 390 42 191 199
1.0 461 51 231 230
1.1 531 47 264 267
1.2 593 37 290 303
1.3 640 34 312 328
1.4 679 19 324 355
1.5 709 23 341 368
1.6 747 25 361 386
1.7 779 21 375 404
1.8 801 13 382 419
1.9 821 13 392 429
2.0 838 10 399 439
2.1 868 18 418 450
2.2 900 20 435 465
2.3 931 19 450 481
2.4 961 19 465 496
2.5 981 21 476 505
2.6 1008 20 489 519
2.7 1028 16 497 531
2.8 1047 11 504 543
2.9 1059 9 509 550
3.0 1068 8 513 555
3.1 1078 4 516 562
3.2 1082 2 517 565
3.3 1088 2 520 568
3.4 1090 0 520 570
3.5 1090 0 520 570
3.6 1090 0 520 570
3.7 1090 0 520 570
3.8 1090 0 520 570
3.9 1090 0 520 570
4.0 1090 0 520 570
4.1 1090 0 520 570
4.2 1090 0 520 570
4.3 1090 0 520 570
4.4 1090 0 520 570
4.5 1090 0 520 570
4.6 1090 0 520 570
4.7 1090 0 520 570
4.8 1090 0 520 570
4.9 1090 0 520 570
5.0 1090 0 520 570

0.0 0 50 0 0
0.1 56 46 26 30
0.2 123 37 55 68
0.3 184 32 83 101
0.4 228 32 105 123
0.5 274 34 129 145
0.6 333 33 158 175
0.7 382 36 184 198
0.8 434 40 212 222
0.9 487 33 235 252
1.0 533 25 254 279
1.1 566 14 265 301
1.2 588 8 273 315
1.3 598 6 277 321
1.4 603 3 278 325
1.5 615 3 284 331
1.6 618 0 284 334
1.7 618 0 284 334
1.8 618 0 284 334
1.9 618 0 284 334
2.0 618 0 284 334
2.1 618 0 284 334
2.2 618 0 284 334
2.3 618 0 284 334
2.4 618 0 284 334
2.5 618 0 284 334
2.6 618 0 284 334
2.7 618 0 284 334
2.8 618 0 284 334
2.9 618 0 284 334
3.0 618 0 284 334
3.1 618 0 284 334
3.2 618 0 284 334
3.3 618 0 284 334
3.4 618 0 284 334
3.5 618 0 284 334
3.6 618 0 284 334
3.7 618 0 284 334
3.8 618 0 284 334
3.9 618 0 284 334
4.0 618 0 284 334
4.1 618 0 284 334
4.2 618 0 284 334
4.3 618 0 284 334
4.4 618 0 284 334
4.5 618 0 284 334
4.6 618 0 284 334
4.7 618 0 284 334
4.8 618 0 284 334
4.9 618 0 284 334
5.0 618 0 284 334

0.0 0 50 0 0
0.1 78 46 37 41
0.2 138 52 70 68
0.3 207 53 105 102
0.4 277 51 139 138
0.5 343 39 166 177
0.6 399 27 188 211
0.7 442 26 209 233
0.8 483 21 227 256
0.9 505 11 233 272
1.0 521 9 240 281
1.1 533 3 243 290
1.2 539 3 246 293
1.3 548 4 251 297
1.4 556 8 257 299
1.5 562 6 259 303
1.6 571 1 261 310
1.7 572 2 262 310
1.8 576 2 264 312
1.9 579 3 266 313
2.0 588 6 272 316
2.1 599 5 277 322
2.2 602 2 277 325
2.3 605 1 278 327
2.4 608 0 279 329
2.5 608 0 279 329
2.6 608 0 279 329
2.7 608 0 279 329
2.8 608 0 279 329
2.9 608 0 279 329
3.0 608 0 279 329
3.1 608 0 279 329
3.2 608 0 279 329
3.3 608 0 279 329
3.4 608 0 279 329
3.5 608 0 279 329
3.6 608 0 279 329
3.7 608 0 279 329
3.8 608 0 279 329
3.9 608 0 279 329
4.0 608 0 279 329
4.1 608 0 279 329
4.2 608 0 279 329
4.3 608 0 279 329
4.4 608 0 279 329
4.5 608 0 279 329
4.6 608 0 279 329
4.7 608 0 279 329
4.8 608 0 279 329
4.9 608 0 279 329
5.0 608 0 279 329

0.0 0 50 0 0
0.1 59 41 25 34
0.2 113 35 49 64
0.3 165 23 69 96
0.4 200 28 89 111
0.5 245 23 109 136
0.6 274 20 122 152
0.7 304 22 138 166
0.8 348 20 159 189
0.9 381 23 177 204
1.0 411 17 189 222
1.1 445 17 206 239
1.2 465 9 212 253
1.3 478 10 219 259
1.4 492 10 226 266
1.5 514 14 239 275
1.6 546 22 259 287
1.7 568 16 267 301
1.8 591 9 275 316
1.9 613 13 288 325
2.0 635 9 297 338
2.1 649 11 305 344
2.2 662 14 313 349
2.3 677 11 319 358
2.4 684 6 320 364
2.5 689 7 323 366
2.6 696 4 325 371
2.7 706 4 330 376
2.8 712 2 332 380
2.9 714 0 332 382
3.0 714 0 332 382
3.1 714 0 332 382
3.2 714 0 332 382
3.3 714 0 332 382
3.4 714 0 332 382
3.5 714 0 332 382
3.6 714 0 332 382
3.7 714 0 332 382
3.8 714 0 332 382
3.9 714 0 332 382
4.0 714 0 332 382
4.1 714 0 332 382
4.2 714 0 332 382
4.3 714 0 332 382
4.4 714 0 332 382
4.5 714 0 332 382
4.6 714 0 332 382
4.7 714 0 332 382
4.8 714 0 332 382
4.9 714 0 332 382
5.0 714 0 332 382

0.0 0 50 0 0
0.1 76 42 34 42
0.2 134 38 61 73
0.3 196 54 100 96
0.4 272 42 132 140
0.5 332 48 165 167
0.6 412 40 201 211
0.7 451 37 219 232
0.8 513 43 253 260
0.9 564 32 273 291
1.0 612 34 298 314
1.1 674 38 331 343
1.2 735 37 361 374
1.3 794 40 392 402
1.4 838 42 415 423
1.5 893 37 440 453
1.6 949 37 468 481
1.7 1001 47 499 502
1.8 1068 42 530 538
1.9 1121 39 555 566
2.0 1166 42 579 587
2.1 1216 40 603 613
2.2 1273 33 628 645
2.3 1318 24 646 672
2.4 1357 25 666 691
2.5 1390 10 675 715
2.6 1406 12 684 722
2.7 1427 19 698 729
2.8 1455 17 711 744
2.9 1475 13 719 756
3.0 1493 13 728 765
3.1 1505 5 730 775
3.2 1511 1 731 780
3.3 1511 1 731 780
3.4 1512 0 731 781
3.5 1512 0 731 781
3.6 1512 0 731 781
3.7 1512 0 731 781
3.8 1512 0 731 781
3.9 1512 0 731 781
4.0 1512 0 731 781
4.1 1512 0 731 781
4.2 1512 0 731 781
4.3 1512 0 731 781
4.4 1512 0 731 781
4.5 1512 0 731 781
4.6 1512 0 731 781
4.7 1512 0 731 781
4.8 1512 0 731 781
4.9 1512 0 731 781
5.0 1512 0 731 781

0.0 0 50 0 0
0.1 74 54 39 35
0.2 152 56 79 73
0.3 241 57 124 117
0.4 315 57 161 154
0.5 383 49 191 192
0.6 448 40 219 229
0.7 505 49 252 253
0.8 578 42 285 293
0.9 624 30 302 322
1.0 667 13 315 352
1.1 686 10 323 363
1.2 700 10 330 370
1.3 708 8 333 375
1.4 721 9 340 381
1.5 737 15 351 386
1.6 755 9 357 398
1.7 766 6 361 405
1.8 783 15 374 409
1.9 813 25 394 419
2.0 848 16 407 441
2.1 864 12 413 451
2.2 890 18 429 461
2.3 914 16 440 474
2.4 945 15 455 490
2.5 965 7 461 504
2.6 974 6 465 509
2.7 979 5 467 512
2.8 982 8 470 512
2.9 991 7 474 517
3.0 999 7 478 521
3.1 1009 11 485 524
3.2 1034 4 494 540
3.3 1041 5 498 543
3.4 1047 7 502 545
3.5 1058 10 509 549
3.6 1070 14 517 553
3.7 1089 13 526 563
3.8 1108 14 536 572
3.9 1141 19 555 586
4.0 1155 11 558 597
4.1 1172 10 566 606
4.2 1193 13 578 615
4.3 1217 9 588 629
4.4 1229 5 592 637
4.5 1236 6 596 640
4.6 1246 8 602 644
4.7 1257 5 606 651
4.8 1266 6 611 655
4.9 1273 11 617 656
5.0 1282 10 621 661

0.0 0 50 0 0
0.1 86 48 42 44
0.2 147 39 68 79
0.3 191 39 90 101
0.4 259 49 129 130
0.5 324 50 162 162
0.6 403 47 200 203
0.7 471 43 232 239
0.8 527 29 253 274
0.9 577 25 276 301
1.0 625 37 306 319
1.1 676 34 330 346
1.2 713 23 343 370
1.3 747 15 356 391
1.4 763 11 362 401
1.5 778 6 367 411
1.6 783 5 369 414
1.7 790 2 371 419
1.8 791 1 371 420
1.9 792 0 371 421
2.0 792 0 371 421
2.1 792 0 371 421
2.2 792 0 371 421
2.3 792 0 371 421
2.4 792 0 371 421
2.5 792 0 371 421
2.6 792 0 371 421
2.7 792 0 371 421
2.8 792 0 371 421
2.9 792 0 371 421
3.0 792 0 371 421
3.1 792 0 371 421
3.2 792 0 371 421
3.3 792 0 371 421
3.4 792 0 371 421
3.5 792 0 371 421
3.6 792 0 371 421
3.7 792 0 371 421
3.8 792 0 371 421
3.9 792 0 371 421
4.0 792 0 371 421
4.1 792 0 371 421
4.2 792 0 371 421
4.3 792 0 371 421
4.4 792 0 371 421
4.5 792 0 371 421
4.6 792 0 371 421
4.7 792 0 371 421
4.8 792 0 371 421
4.9 792 0 371 421
5.0 792 0 371 421

