3 3
510
-0.00535228475928307 -0.109247580170631 -0.0815823301672935
0.156574875116348 -0.257533371448517 -0.0372672751545906
0.158542826771736 -0.0282083265483379 0.0749035105109215
0.0440109819173813 -0.229757115244865 0.199891641736031
-0.0552351027727127 -0.0417020134627819 0.131256639957428
-0.242296755313873 -0.294296264648438 0.0654392912983894
0.281614601612091 -0.0530379600822926 -0.156031787395477
-0.120947003364563 -0.0304954182356596 -0.412430435419083
-0.143908575177193 0.04237325116992 -0.147567212581635
0.0994433611631393 0.0730153247714043 -0.157851040363312
0.0535667464137077 -0.227779820561409 -0.285715103149414
-0.31700199842453 -0.11051694303751 0.00234399060718715
-0.304935336112976 0.238349229097366 0.037696547806263
-0.147812619805336 0.228455856442451 -0.33105280995369
-0.366258174180984 -0.00351044512353837 -0.408155918121338
-0.0491661205887794 0.285345107316971 -0.0166633483022451
-0.25190207362175 0.323650360107422 -0.150021344423294
-0.380980879068375 0.0125217018648982 -0.137548670172691
0.0927965342998505 0.386886745691299 0.260394364595413
0.152953058481216 0.239939361810684 0.120690859854221
0.0857638046145439 0.561805784702301 0.0581392608582973
-0.107490740716457 0.304425776004791 0.232310980558395
-0.101853683590889 0.5036940574646 0.125395283102989
0.017652278766036 0.502386152744293 -0.290414094924927
-0.0884386450052261 0.777045249938965 -0.290124148130417
-0.190564200282097 0.421596229076385 -0.340996772050858
-0.173984184861183 0.61449658870697 -0.435057431459427
-0.163226589560509 0.698591232299805 -0.0769727379083633
-0.32197967171669 0.59588223695755 -0.333865284919739
-0.340524852275848 0.759409070014954 -0.247484713792801
-0.119901321828365 0.831551790237427 0.103315889835358
0.0289757084101439 0.813696622848511 -0.0621328204870224
-0.249258548021317 0.44011601805687 0.298153638839722
-0.114652320742607 0.3326176404953 0.524662673473358
-0.0529523119330406 0.539376139640808 0.380603969097137
-0.362098455429077 0.146761626005173 0.226969048380852
-0.469182223081589 0.353572696447372 0.315153568983078
-0.36857271194458 0.569944381713867 0.13868311047554
-0.301048994064331 0.286453515291214 -0.74162632226944
-0.255957509727553 0.413158156795003 -0.873948562953121
-0.482985014564869 0.385775758014973 -0.786067770763912
-0.371301353318292 0.58278169014883 -0.722842172712189
-0.14122648537159 0.700815618038177 0.381023526191711
-0.213901698589325 0.538374423980713 0.529295027256012
-0.946285614599709 0.0762643779449635 0.314208975457924
-0.939491614431967 0.27328204222182 0.206573066519059
-0.715884983539581 0.075009822845459 0.140304356813431
-0.990502163644873 0.115556477760924 0.0745128462905244
0.362275540828705 -0.298483401536942 0.0839691832661629
0.252605140209198 -0.363613933324814 -0.175783738493919
0.0320224650204182 -0.449369996786118 0.0835640579462051
0.406885206699371 0.22236992418766 -0.653202950954437
0.449315294542341 0.423369034858495 -0.786685722772007
0.577606379978336 0.226595098451948 -0.784235634975786
0.362684612055688 0.220677614951628 -0.905406683450744
0.300159156322479 -0.125675365328789 0.263577163219452
-0.0446330308914185 -0.487542986869812 -0.22891865670681
-0.0979667156934738 -0.297435194253922 -0.145991489291191
-0.390858829021454 -0.114992119371891 0.236896544694901
0.0430631712079048 -0.000126338825793937 0.310342937707901
0.485259294509888 -0.106028862297535 0.100699037313461
0.341089099645615 0.0936294868588448 0.154800742864609
0.610294461250305 0.0949503108859062 0.130357131361961
0.456578850746155 0.0736758559942245 -0.0912424027919769
0.439876079559326 0.125355675816536 0.354388654232025
0.59916627407074 -0.198348060250282 0.331017792224884
0.746134400367737 -0.0943238288164139 0.0717684924602509
0.592257678508759 -0.103867836296558 -0.0900893732905388
-0.247584193944931 -0.745196461677551 -0.085585243999958
-0.0371097028255463 -0.820710420608521 -0.0141406944021583
-0.161299080580578 -0.984436687095815 0.0697640000550235
-0.15661167218046 -0.970689540404776 -0.182303593726522
-0.454777508974075 -0.745016396045685 0.159818232059479
-0.331341207027435 -0.760709702968597 0.209936484694481
-0.376687351131937 -0.907342585453495 0.186644239449738
-0.388001396147109 -0.919715593727607 -0.0598175830518899
-0.253676444292068 0.165783375501633 0.756910681724548
-0.571556943053998 0.22747123923105 0.78840313049192
-0.484262468614329 0.0160560242419261 0.874775437227806
-0.360699093906719 0.220425370783339 0.906260900386803
-0.375944674015045 -0.546753227710724 0.229489803314209
0.0831745192408562 -0.663224697113037 0.127322003245354
0.00852970778942108 -0.651942491531372 -0.138003870844841
-0.120879612863064 -0.558275759220123 0.245247066020966
-0.187553107738495 -0.487159729003906 -0.011541542597115
-0.176528587937355 -0.794738531112671 0.147322431206703
-0.586996376514435 0.525396406650543 0.281827628612518
-0.592817947958348 0.785833055597355 0.176162678536004
-0.573634088039398 0.607160449028015 0.0784198716282845
-0.852639821236916 0.466557153347832 0.23522278355008
-0.693711817264557 0.413859724998474 0.0432845465838909
-0.74013215303421 0.262953162193298 0.288129776716232
-0.727252693514469 0.491918620013486 0.478664382485242
-0.514043867588043 0.418534815311432 0.515976071357727
-0.575428383834599 0.704906302254496 0.414715902901486
0.243072912096977 -0.0881160125136375 0.519270658493042
0.199795439839363 0.128237053751945 0.392519921064377
0.177795976400375 0.192636981606483 0.568377137184143
0.470332771539688 -0.0268653817474842 0.555645108222961
0.20117013156414 0.562026500701904 -0.459385097026825
0.379367573596046 0.75817687384902 -0.530328268211658
0.158128303159192 0.773694055547512 -0.613508718887057
0.204745705523494 0.890712923043265 -0.40584440958748
0.0646205991506577 -0.103720910847187 0.468206375837326
-0.653097093105316 0.0471183843910694 0.478696525096893
-0.701199233531952 -0.196933791041374 0.409870356321335
-0.602877199649811 -0.0678740888834 0.228839635848999
-0.572846055030823 -0.120182454586029 0.530313611030579
0.121998675167561 -0.265566766262054 0.641370832920074
0.166904717683792 -0.271340131759644 0.38208943605423
0.346419662237167 -0.250786036252975 0.54715222120285
0.347264528274536 -0.104002751410007 0.757774531841278
0.180320769548416 0.0287670306861401 0.70319539308548
-0.0857149511575699 0.152003422379494 0.340828716754913
-0.323604434728622 0.346723079681396 0.491457372903824
-0.411114513874054 0.599709153175354 0.339153110980988
-0.000634336669463664 0.241502955555916 -0.807759642601013
-0.126149863004684 0.360865414142609 -0.679864585399628
0.189113587141037 0.345583558082581 -0.701156914234161
-0.0104338923204842 0.423202329930073 -0.905975122082722
0.312365919351578 0.218576401472092 -0.170430541038513
-0.18525930211286 -0.744569033305227 -0.64132358885634
0.0149533349187379 -0.766703810276556 -0.641826818606249
-0.193315714597702 -0.603115439414978 -0.518884122371674
-0.129855653213053 -0.883145150785802 -0.450768401701067
-0.749686260896337 -0.248703740241396 -0.613283751466815
-0.467006534337997 -0.330049782991409 -0.473276704549789
-0.625075690076153 -0.402872202679921 -0.668561418258375
-0.470525175333023 -0.115528866648674 -0.551240384578705
-0.639404773712158 -0.397352695465088 0.375712931156158
-0.910065418210155 -0.312567595174858 0.272180882915354
-0.635036170482635 -0.273910462856293 0.210607632994652
-0.828700191141286 -0.508647689510045 0.233524133995799
0.628454148769379 -0.384346336126328 0.242855027318001
0.587540924549103 -0.474864840507507 0.00854321196675301
0.456780165433884 0.297939777374268 0.177055880427361
0.428387254476547 -0.260319024324417 -0.128970935940742
0.373147815465927 -0.500927567481995 0.0465553589165211
0.414319753646851 -0.593522787094116 -0.215877637267113
0.475502490997314 -0.422894209623337 -0.454586356878281
0.488677561283112 -0.257559925317764 -0.336915582418442
0.636721193790436 -0.412991344928741 -0.220286428928375
0.757031202316284 -0.25471156835556 -0.136890664696693
-0.110438622534275 0.0231947116553783 -0.730216681957245
-0.247403959254523 1.45917179181078e-10 -0.968912421710645
-0.123701979543016 0.214258113759906 -0.968912421710645
0 0 -1
-0.329795569181442 -0.606994807720184 0.438601613044739
-0.254503011703491 -0.388723760843277 0.687478363513947
-0.110127955675125 -0.366944432258606 0.573470234870911
-0.278777688741684 -0.348973393440247 0.40501394867897
-0.451105117797852 -0.444447726011276 0.551350116729736
-0.37341084505817 -0.577375097983507 0.726087003754701
-0.181631803512573 -0.709944427013397 0.413151800632477
-0.242061401176493 -0.74633509742584 0.619992097055144
-0.320612806164567 -0.848888320205323 0.420233326072869
-0.471523445214575 -0.700693243683061 0.535438716259749
-0.535565348602001 -0.782959519216591 0.31645560296026
-0.676235484406886 -0.609529863198791 0.413737737580038
-0.232591912150383 -0.126250937581062 0.384541898965836
-0.0936135575175285 -0.396911919116974 0.375212967395782
-0.469179451465607 -0.530179738998413 -0.451772630214691
-0.312057733535767 -0.483552068471909 -0.226466938853264
-0.356609344482422 -0.657031536102295 -0.331251710653305
0.0113926185294986 -0.557425320148468 -0.651531398296356
-0.101322736076146 -0.607988677402854 -0.78745378994832
0.113980956375599 -0.466736733913422 0.365490317344666
-0.184587523341179 -0.717831671237946 -0.334639102220535
-0.380133570280374 -0.870205798942084 -0.313433144758917
-0.234213411808014 -0.122412271797657 -0.216247603297234
-0.55968052148819 0.182176649570465 -0.132508799433708
-0.529396891593933 -0.0609006620943546 0.0117270331829786
-0.529265761375427 0.281406670808792 0.13437320291996
-0.472591370344162 0.372258365154266 -0.0533568263053894
-0.665332674980164 -0.384533584117889 -0.314252912998199
-0.431156426668167 -0.226428776979446 -0.208793312311172
-0.618584394454956 0.162761151790619 -0.463649123907089
-0.785839546619608 0.402017496870844 -0.469934186007349
-0.770625918636419 0.174829812772579 -0.612837849754467
-0.898881766720154 0.167253995318174 -0.405015642300595
-0.246427118778229 -0.208003327250481 -0.417913734912872
-0.668603241443634 -0.182606086134911 -0.388384878635406
-0.735399484634399 -0.139780655503273 0.075325571000576
-0.763779401779175 -0.0423889756202698 0.363055020570755
-0.976936462496971 -0.121753464912553 0.175417336730699
-0.636813938617706 -0.0432404391467571 -0.231244057416916
-0.624456584453583 -0.30653578042984 -0.156284287571907
-0.431629568338394 -0.318668305873871 0.224033802747726
-0.771960947442694 0.635067171848864 0.0276763954167399
-0.724570823872096 0.632822134863044 0.273007814578065
0.280820786952972 0.285373687744141 0.273624032735825
0.224940046668053 -0.508237183094025 0.210126146674156
-0.511075019836426 0.211750283837318 0.619122266769409
-0.366041234719342 -0.758535647900658 -0.53910804608081
0.174031272530556 0.363830476999283 -0.202421501278877
-0.367162227630615 0.305581986904144 -0.351091295480728
-0.76164048910141 0.189218983054161 -0.272283375263214
-0.841671884059906 0.053134772926569 -0.0420206263661385
-0.7454993724823 0.354826003313065 -0.121452547609806
-0.353796392679214 0.582805335521698 -0.112728901207447
-0.595491051673889 0.431920766830444 -0.286592096090317
-0.686812991242924 0.0348663375169288 0.725997419808158
-0.435881942510605 -0.0354842059314251 0.63828057050705
-0.369633167982101 0.754961788654327 -0.0108820181339979
-0.573260349784274 0.817034038734835 -0.0618704365093379
-0.689121837999982 0.698116388346585 -0.194279697121049
-0.570936679840088 0.591557145118713 -0.103839360177517
-0.60124659538269 -0.53890061378479 0.158153235912323
-0.00963476486504078 -0.551275014877319 0.537660956382751
0.215792840215478 -0.944157107109858 -0.248999612862514
0.113354241606957 -0.993107997521825 -0.0297879366170669
0.347055995387313 -0.929179576393122 -0.127190608456834
0.275103062391281 -0.719918191432953 -0.121748045086861
0.115788832306862 -0.802411556243896 -0.193215221166611
0.193016603589058 -0.616530001163483 -0.314760595560074
-0.00165472738444805 -0.817874670028687 -0.336887747049332
0.176225304603577 -0.804235458374023 0.100271411240101
0.344022542238235 -0.413987100124359 0.32768526673317
0.433890014886856 0.595522880554199 -0.401542216539383
0.580918870804946 0.701449800025032 -0.412918204475836
0.530684869376817 0.582907200989546 -0.615298922840796
0.429129213094711 0.235029861330986 0.619625747203827
-0.187048974901489 0.890400701547474 0.414969000856772
-0.291335314512253 0.75491327047348 0.179901331663132
-0.406272503650351 0.857830958439134 0.314751806223684
-0.394301535690332 0.915892963080017 0.075275355414324
-0.0414738655090332 0.134816855192184 -0.510898649692535
0.178065299987793 0.00810127332806587 -0.460679858922958
0.385576874017715 0.433972418308258 -0.198285952210426
0.203299164772034 0.609007239341736 -0.250380635261536
0.448435455560684 0.667724370956421 -0.192629411816597
0.766764127765813 -0.589387882631537 0.254351520889192
0.56614887714386 -0.547271132469177 0.271193295717239
0.280733555555344 0.642541825771332 -0.012810898013413
0.38924041390419 0.527167081832886 0.141592815518379
0.328227877616882 0.37850034236908 -0.433140188455582
0.530362069606781 0.341542452573776 -0.408956944942474
0.107360430061817 0.26023867726326 -0.481717497110367
-0.701339185980785 -0.682662042674145 0.205172809357803
-0.781434616059958 -0.623710411421557 -0.0185812676526106
-0.583183172391848 -0.808959158200383 0.0740436884731469
0.592263786457962 -0.713476973746183 -0.374398471129978
0.742378627008518 -0.516911670648289 -0.426235027782258
0.75833549270478 -0.621907889350293 -0.195340363642699
0.537426948547363 0.251337885856628 -0.152419567108154
0.453267335891724 0.121722735464573 -0.393224209547043
0.365287661552429 0.408175110816956 0.503707110881805
0.488758981227875 0.556291878223419 0.360824823379517
0.303276211023331 0.548061728477478 0.354881793260574
0.635800421237946 0.381215810775757 0.162210524082184
0.506267726421356 0.547646701335907 -0.0567443482577801
-0.567431151866913 0.182246446609497 0.336461663246155
-0.358636679946887 0.919114049909429 -0.163122944602413
-0.162051596034711 0.951687066767415 -0.260827542967066
0.202193304896355 -0.134926781058311 -0.781529545783997
0.247403959254523 0 -0.968912421710645
0.3759366205156 -0.209599402057765 -0.902629352509842
0.123701979416648 -0.214258113832865 -0.968912421710645
-0.589928448200226 -0.543690383434296 -0.191061526536942
-0.574736613933942 -0.707549213181529 -0.411159258110463
0.258350431919098 0.784351825714111 -0.178359627723694
0.254907603225043 0.946905704660709 -0.19593800116126
0.164290796790917 0.986001371682783 0.028457496894071
0.146358832716942 0.815089762210846 0.128431409597397
-0.136574916603949 0.990524726460269 -0.0144242304971059
0.052416879683733 0.695261716842651 0.260783553123474
0.990210219465212 0.0716278071314075 -0.119804751626143
0.839087069034576 0.0513582527637482 -0.0879856273531914
0.996249079166219 0.070850866333678 0.0496782346730322
0.958515656683345 0.262975016173811 -0.109963069988431
0.783509790897369 0.286035478115082 0.0221686530858278
0.715380549430847 0.295439779758453 -0.210950165987015
0.651629030704498 0.514001131057739 -0.121195614337921
0.852149257839082 0.475453115701693 -0.218600039189966
0.87993380051925 0.473636335002535 0.0372173194778233
0.94579148658425 0.276499587433374 0.170371482513738
0.795069396495819 0.156497195363045 0.206047117710114
0.847196014562405 0.457837697442693 0.269524684787778
0.232925906777382 -0.199594140052795 -0.39636504650116
-0.482692157477936 -0.381265696779145 0.788444512675945
-0.255749842633964 -0.411345887815851 0.874863748574423
-0.371245799746036 -0.202148492320103 0.906262954789412
0.390185409628671 0.903378776875609 0.177938561317202
0.415540804675858 0.907207827037394 -0.0655728466015471
-0.747997879981995 -0.338721185922623 0.000691640307195485
0.0463187942337876 0.973603657933598 -0.223496054907119
-0.117174468934536 -0.39975106716156 -0.408666491508484
0.00915028806775808 -0.151756152510643 -0.566489696502686
0.135475173592567 -0.410443782806396 -0.423496425151825
0.461989343166351 -0.424756824970245 0.563025832176208
0.686421685765333 -0.548408310796834 0.477570512029419
0.252503246068954 -0.735586583614349 0.308603584766388
0.0412037074565887 -0.796428561210632 0.26764053106308
0.230310031746675 -0.952271354822319 0.200341099282474
0.777612268924713 -0.243708282709122 0.140567868947983
0.905721714652122 -0.365642572742075 0.21441474904068
0.861296901540407 -0.508012618227921 0.00953032623304942
0.810171294419429 -0.387906462100616 0.43948953384504
0.0732773542404175 0.0791186988353729 -0.709547758102417
0.123701979669384 0.214258113686947 -0.968912421710645
0.229118487413252 0.427906293398026 -0.874300247509873
0.984431140771286 -0.122579395649421 -0.125974683337437
0.955694801495159 0.0697310885744379 -0.285980806491192
-0.421994000673294 0.0536653250455856 0.419701009988785
0.419650146734796 0.853558818368981 -0.308757344738571
0.625660068629992 0.405809077632134 -0.666234546562448
0.568165763901093 -0.814880638574345 -0.114704880486203
0.39810731782166 -0.858668927014121 -0.322797517458332
0.146614238619804 -0.357900738716125 -0.691612005233765
-0.0217790585011244 -0.322278738021851 -0.672406673431396
-0.478775799274445 -0.383202016353607 0.00733947986736894
0.554849211439982 0.530087210356588 0.641209717628173
0.700935058825854 0.554050948632161 0.44912981378283
0.476176708449504 0.692163240935647 0.542370528538985
-0.926215655881757 0.376682491822956 -0.0153251151243815
-0.806892335414886 0.225026741623878 0.0657528638839722
0.54842209815979 -0.0358104258775711 -0.283855378627777
0.763544261455536 0.0875144824385643 -0.321414619684219
0.361275374889374 -0.665455400943756 0.193150237202644
0.409523707343154 -0.859138891796194 0.306872445369615
-0.040489935879106 -0.738588249587773 0.672939791261726
-0.0598951241464886 -0.873554388193359 0.483027230051892
-0.659801840782166 -0.0193593762814999 -0.455258518457413
-0.951319853738979 -0.0530330709104734 -0.303608348488398
0.190123803703424 0.942477853068052 0.274933511492464
-0.743216502527853 0.255851541457323 0.618198365497821
0.390496658464883 -0.91822275882149 0.0661764679475363
0.595218132512051 -0.787123699128166 0.161714739586897
0.434159338474274 -0.71648907661438 0.026451513171196
-0.465974867343903 -0.258947998285294 0.442826330661774
-0.661684999465742 -0.333743670954834 0.671407568902535
-0.0204969302212086 0.97139872408242 0.236567949440651
0.401510387659073 -0.0851355120539665 -0.390529096126556
-0.0875073969364166 0.0424948893487453 0.551444470882416
0.592793345451355 0.483132988214493 -0.264315098524094
0.722316572714738 0.633249204786096 -0.277946421850348
0.734039798182037 0.490200707019043 -0.469988129129773
-0.213257849216461 -0.174902841448784 0.632493853569031
-0.296724170446396 0.408637136220932 0.675316095352173
-0.446498721256792 0.42258305807887 0.788709357710912
0.154588207602501 0.403408497571945 0.444641023874283
-0.520611936980344 0.798324321273206 -0.302723453232896
-0.818861651181123 0.5286425313279 -0.223612768633981
0.856675791300213 0.0570737440974618 -0.512688186264177
0.88133407502072 0.280599839047015 -0.380149942173033
-0.76861008839452 -0.163671663151405 0.618425515886449
-0.0212735421955585 -0.639947891235352 -0.417573094367981
0.09133926267516 0.610913147091404 -0.786411003105141
-0.0698585584759712 0.440280884504318 -0.492747455835342
0.747037708759308 -0.0387363061308861 0.34428945183754
0.979769492585742 -0.14141017535184 0.141615337111629
0.952096048693878 0.0635186081830673 0.299129571383356
0.268720746040344 0.0224691834300756 -0.743108868598938
0.597351779987866 0.781706014785427 -0.179183027638263
0.596665512318929 0.799645487344392 0.0675082289720218
0.125848591327667 -0.639694213867188 0.427691161632538
0.230914458632469 -0.463641047477722 0.54308408498764
0.61126047372818 0.329981327056885 0.420382291078568
0.677195699560155 0.368807276520351 0.636700225602971
0.617609441280365 0.151867121458054 0.368725478649139
0.849383267096581 0.0280180622724721 0.527032308082564
0.849915300211903 0.287929939126699 0.441293929960753
0.907742681033994 -0.170757355422926 0.383203797734555
0.775607984482318 -0.196501028924432 0.599849647860958
0.620387136936188 0.109533928334713 0.532873868942261
-0.156507179141045 0.593227446079254 -0.60638827085495
-0.035211129996008 0.744053358759816 -0.667191708313766
-0.140773463188112 0.601167423072419 -0.7866260620514
-0.234265070755659 0.754696567580744 -0.612823765454384
0.575844943523407 -0.180399417877197 0.545340299606323
-0.228418841371689 0.427409945385951 0.874725997951126
0.0295462179929018 -0.0584593079984188 0.802173018455505
0.00903042033314705 0.132941216230392 0.828270494937897
-0.123701979543016 0.214258113759906 0.968912421710645
-0.247403959254523 1.45917179181078e-10 0.968912421710645
0.279677003622055 0.427513748407364 0.664628446102142
-0.0533207654953003 0.382329255342484 0.722565114498138
0.148979485034943 0.26563423871994 0.750780522823334
0.139939979325387 0.597920608397728 0.789245049550329
-0.0153952306136489 0.594487071037292 0.575354993343353
-0.0894922168884522 0.608603099608027 0.788411954668302
0.624047636985779 0.0753077194094658 -0.513267159461975
0.950287564082351 -0.311358860716705 -0.00303404080848378
0.895429116364832 -0.378889875527891 -0.233771597480437
-0.23813085258007 -0.180564180016518 -0.604470491409302
-0.264806807041168 0.231502875685692 -0.567158102989197
-0.182144145268236 -0.939686875570838 0.289503171354685
-0.403991758823395 -0.604988038539886 -0.0417672358453274
-0.525795670181855 0.583904773801284 0.618541937422261
-0.313174314740332 0.612232886960505 0.726011529323694
-0.208791017532349 -0.120488822460175 0.815179944038391
-0.0466160579040727 0.881457180870311 -0.469957637918194
-0.30482966170143 0.862158374683656 -0.404674948952648
-0.201617687940598 -0.377782553434372 -0.637122988700867
-0.341076403856277 -0.430218905210495 -0.552787780761719
0.913125154484932 -0.148664278732206 -0.379606881491764
0.240768879652023 0.57317978143692 0.583678185939789
0.316008132011066 0.613043878720761 -0.724096722314003
0.0574619323015213 0.621691703796387 -0.512409031391144
0.343651324510574 0.703203856945038 0.244748115539551
0.330939597660411 0.846003434177904 0.418039677613929
0.561418822443409 0.763079381709885 0.320185513437936
0.7459541374952 0.63859751755934 0.189065161573571
0.618731737136841 0.590200662612915 0.0548014305531979
-0.42590868473053 -0.221054345369339 0.679270446300507
-0.0679132416844368 -0.23969778418541 0.772208213806152
-0.14213304304974 -0.597852361469046 0.788904780033247
-0.00958402520928039 -0.42236269608636 0.906376246056487
-0.377182930707932 -0.224810317158699 -0.71092963218689
-0.122775614261627 -0.223795235157013 -0.768775165081024
-0.232585778169655 -0.424378764928513 -0.875103719379004
-0.323290228843689 0.0352944955229759 -0.729512512683868
-0.485815376596019 -0.0148590378495382 -0.873935139960085
-0.57553427159288 -0.224685192801731 -0.786305835128865
-0.690272555609609 -0.0301592412456123 -0.72292061745372
-0.450925008585486 -0.419812876829819 -0.787669845227079
-0.461499860462474 0.713831782147566 -0.526746680662675
0.394042747911715 -0.748334095783071 -0.533597595484385
0.166460593421977 -0.87075010734848 -0.462693334067191
0.298720479011536 -0.589922845363617 -0.54645973443985
0.359950512647629 -0.268417149782181 -0.659472703933716
0.349220774730084 -0.594371992481057 -0.724407885828846
0.123408527688734 -0.604210200937199 -0.787210498137016
0.214386718534057 -0.735370598629424 -0.642859562881039
0.558482989863433 -0.576900405314018 -0.596055930581789
0.0378376375364031 -0.9589738973907 -0.280957963597678
0.0235691721779581 -0.969771957794376 0.242872073319494
-0.123701979795752 -0.214258113613989 0.968912421710645
-0.86334249949297 -0.451154139702536 -0.226052362957117
-0.84880667924881 -0.159736946225166 -0.0676334500312805
-0.934286647414777 -0.355590513114196 0.0257652371547116
-0.947921474810197 -0.251189879883564 -0.195827786173826
0.185238629579544 0.695923268795013 0.42083215713501
0.123701979669384 0.214258113686947 0.968912421710645
0.00981398099324083 0.422989008005881 0.906081665681005
0.251597589787909 0.413073076682591 0.875253840970089
0.101508677005768 -0.368873566389084 0.753113865852356
0.438918888568878 0.0111270416527987 -0.634995639324188
0.492391535140384 0.0128954833910869 -0.870278278845454
0.697827088315922 0.0336864752623445 -0.715473672609217
0.603355537821625 -0.189103668069945 -0.774726982686462
-0.735121804551911 -0.485898015158915 -0.472756862813189
-0.732198303533254 -0.627080737850047 -0.265810820924326
0.363995701228586 0.578006579648277 0.730353012844071
0.681135550980024 -0.373485959818599 -0.629732164502909
0.484194051623326 -0.406064453125583 -0.775027599689462
0.562134563922882 -0.241021886467934 -0.560056686401367
-0.865395735039458 0.282127941578224 0.414118396544214
0.191417074725491 -0.890143527639274 0.413526303523058
0.301346957683563 -0.307213008403778 0.726231455802917
-0.975273193345881 0.148336388560763 -0.163824644573638
-0.904868959047562 0.335972187636994 -0.261409364955799
0.368063891213574 -0.217329452712428 0.904044733942098
0.589634911918297 -0.212339516707772 0.779257723921561
0.659087781948681 -0.399431034859946 0.63722691725686
0.461755707047932 -0.420622233591994 0.780934442585769
0.525582041434143 -0.590399095940316 0.612529530092041
0.233308859768163 -0.426361729562404 0.873946595346784
0.0909509290615615 -0.608456304219646 0.788358328654051
0.316866124334783 -0.612992897588254 0.723764855982529
-0.619710070256084 0.406250960585898 0.671505462260907
-0.232050891114115 0.950321207337689 0.207465628038435
0.243808605502025 0.745163991939157 0.620715707067622
0.0423162220773243 0.739040617668167 0.672330501156802
0.370043691796631 0.2075590026038 0.905531295207204
0.382887691259384 -0.563265979290009 0.467116922140121
-0.993957664645511 -0.0899081841556514 -0.0629656995059608
0.00498696660500018 -0.423692763409699 -0.905792234675443
-0.123701979795752 -0.214258113613989 -0.968912421710645
0.15287245626305 -0.771103541505809 0.618085220979519
0.374429871052149 -0.76112922283222 0.529607947272972
0.728929184809092 -0.684159205013559 0.024257488096815
0.700500786304474 -0.255515336990356 -0.388280302286148
-0.59307514021841 -0.515942051483746 0.618114615233822
0.247403959254523 0 0.968912421710645
0.488464864459642 -0.00555827216561571 0.872565861009332
-0.848643179191843 -0.0434017688511375 -0.527182170479763
-0.874235697223322 -0.266471983899938 -0.405838178954227
-0.665777646122908 0.627157132172859 -0.404245046336692
0.06520574388426 0.874728028719612 0.480207337237575
0.478517737016106 0.389969714418713 0.786730193393625
-0.479055225849152 0.0811857804656029 -0.600359380245209
-0.513395965099335 0.313805282115936 -0.597494900226593
-0.285211324691772 0.433189749717712 -0.541871130466461
-0.494259059429169 0.492680162191391 -0.465597718954086
-0.589203759585241 -0.175390025571477 0.788718751279982
0.782964802104769 -0.159523560637349 -0.60126396222177
-0.843180481654289 0.0581521412997742 0.534476382845391
0 0 1
0.123701979416648 -0.214258113832865 0.968912421710645
0.587758105290355 0.194814908991289 0.785230896552223
-0.59392061756129 -0.786584690080629 -0.168946220337649
0.691094372755675 -0.00451340924034576 0.72275043900538
0.754614815118563 0.255729995634646 -0.60428358420222
-0.361771415429447 -0.219907140275354 -0.905959321732543
0.251670525651143 -0.419576054550115 -0.872134095748261
-0.149374233970463 0.771323495669931 0.618665825186146
-0.370751666589453 0.759348113100335 0.534727636140217
-0.5910026003499 0.178822981986316 -0.786599178421372
-0.371701888289803 0.2026487939597 -0.905964222554331
0.75082388164859 0.180212084094253 0.635442447033993
0.755380852905046 0.652446200672029 -0.060940317467833
-0.661578884219703 0.342519947142204 -0.667078305571628
-0.589335574656812 0.526762442213247 -0.612539721093629
-0.530232686000096 -0.581803509304961 -0.616731688222322
-0.322399436418213 -0.603906744858044 -0.728941182066276
-0.789559635274168 -0.384528175140436 0.478261084418216
0.579080797617955 -0.709555332026867 0.401493039319982
-0.898240285010655 -0.146508705284875 0.414366491960591
0.824953879630011 -0.324301169481457 -0.462903713483001
2259
0 1 2 3
0 4 5 3
0 1 6 2
0 7 8 9
0 6 1 10
0 4 11 5
8 11 4 12
0 9 10 7
8 13 7 14
8 15 16 12
8 13 14 17
8 15 13 16
15 18 19 20
15 21 19 18
15 21 22 12
8 15 9 13
15 23 13 16
24 25 26 23
23 27 24 25
27 24 28 29
27 30 20 31
16 23 27 22
32 33 21 34
32 21 35 12
36 12 37 32
38 39 40 41
32 42 43 34
44 45 46 47
32 22 21 12
32 42 22 37
48 49 50 1
51 52 53 54
0 4 2 9
55 2 48 3
2 48 3 1
1 49 56 10
1 49 50 56
0 4 3 2
8 12 17 11
0 57 3 5
4 58 11 5
4 35 11 58
4 35 12 11
4 2 19 59
60 61 62 63
60 64 61 55
60 55 65 64
60 66 67 62
68 69 70 71
72 73 74 75
76 77 78 79
68 80 72 73
68 81 69 82
68 83 81 84
68 69 85 70
85 68 73 83
37 86 87 88
86 89 90 91
86 89 91 92
86 92 93 94
95 96 97 98
99 100 101 102
97 95 103 96
104 105 106 107
64 98 96 55
95 108 109 110
95 111 98 112
15 21 4 19
4 21 113 19
33 114 32 21
32 37 36 115
21 19 18 113
21 113 18 33
114 113 21 33
32 21 22 34
0 2 6 9
116 117 118 119
2 61 120 19
8 15 12 4
121 122 123 124
0 1 3 57
125 126 127 128
2 61 19 59
61 55 64 96
2 19 120 9
129 130 131 132
63 2 60 61
60 2 48 55
60 62 61 64
60 133 48 134
61 19 135 120
136 49 137 48
49 138 139 140
140 138 139 141
136 134 142 67
136 134 141 142
143 144 145 146
1 49 136 48
147 148 149 150
147 148 151 152
147 153 154 155
147 151 156 152
147 157 158 80
150 159 160 5
161 123 162 163
3 159 160 103
164 121 165 122
3 160 109 103
3 160 166 109
2 59 3 55
4 5 3 159
83 160 50 5
167 124 71 168
0 169 8 7
15 4 21 12
12 170 171 172
12 171 11 35
8 15 4 9
12 170 173 16
162 126 174 175
176 177 178 179
180 181 126 175
175 14 180 181
182 130 183 184
175 185 186 171
175 174 186 181
175 169 14 17
4 113 159 59
11 187 5 58
11 171 58 35
88 188 189 87
61 55 96 59
4 59 19 113
19 18 96 190
3 191 55 109
169 5 0 11
76 192 78 77
0 10 57 169
167 193 124 168
0 9 8 4
15 19 9 194
15 19 194 20
61 19 59 96
170 17 185 14
12 170 16 17
170 173 16 195
170 196 185 197
12 173 170 172
170 90 173 198
12 173 37 199
173 199 195 200
5 57 84 162
5 80 84 83
1 6 49 10
159 160 5 3
107 192 201 202
160 50 5 3
88 203 199 204
88 199 203 37
173 172 88 90
205 206 204 188
206 204 188 88
88 87 203 204
88 90 189 188
147 80 73 157
80 129 187 207
153 147 83 73
160 83 208 147
160 150 83 147
209 210 211 212
213 82 214 215
213 216 81 69
95 109 55 110
55 217 48 65
3 191 48 55
103 109 55 95
218 100 219 220
95 103 96 55
61 135 62 63
64 96 98 221
61 64 135 190
98 96 55 95
222 223 30 42
223 224 42 222
223 87 203 37
223 22 42 37
27 22 223 37
223 203 225 30
15 194 13 23
9 7 226 227
228 229 230 218
228 194 120 135
133 134 231 232
228 233 230 229
233 194 228 234
228 120 235 236
9 13 226 7
9 226 13 237
207 238 239 240
141 241 242 243
19 135 234 190
233 234 20 194
120 237 194 235
9 237 120 227
9 227 120 6
228 120 194 235
228 120 236 244
120 235 236 245
13 23 194 237
13 23 25 16
15 9 13 194
135 246 247 248
135 246 248 190
135 249 244 250
135 244 62 63
64 246 135 190
135 249 234 247
86 172 91 90
173 88 172 37
172 36 251 35
32 36 12 35
12 16 173 199
86 88 172 90
15 194 23 20
27 20 23 31
27 29 252 253
20 229 31 233
254 255 256 257
163 258 161 259
27 203 252 29
31 260 261 262
261 31 24 260
31 263 262 264
27 31 23 24
20 265 263 30
31 229 23 24
20 31 263 233
31 260 229 24
88 37 203 87
27 25 23 16
27 30 223 22
27 199 22 37
27 30 31 264
223 225 203 87
203 199 204 29
203 30 264 225
266 267 268 269
267 268 269 270
270 271 272 273
270 272 249 274
270 271 273 269
270 275 276 268
277 270 276 249
270 249 277 274
136 49 6 278
49 278 140 139
136 49 138 137
148 279 280 281
233 263 282 283
207 239 284 258
285 261 31 24
260 24 102 229
263 260 283 233
9 10 7 227
10 57 286 56
10 287 288 286
232 48 137 217
133 289 232 290
216 291 292 293
133 294 295 296
60 48 133 65
133 295 294 297
133 232 231 290
133 134 294 296
116 118 237 298
117 118 237 116
116 118 299 300
116 119 118 300
267 266 301 302
116 117 119 39
116 38 117 39
32 36 35 114
303 251 114 35
260 102 261 304
36 93 251 114
32 12 37 22
235 236 305 220
19 9 194 120
120 135 63 244
194 23 229 99
194 237 23 99
235 227 237 51
120 227 235 245
235 118 237 99
10 288 287 278
212 306 211 307
287 308 288 309
287 143 7 226
287 254 298 227
287 7 227 226
175 5 310 162
0 4 8 11
4 3 2 59
3 5 57 50
49 212 214 138
1 10 56 57
1 2 48 6
247 311 312 313
15 21 18 22
12 173 172 37
12 172 171 35
170 185 176 14
173 206 200 198
23 15 22 16
86 189 90 89
90 314 198 315
90 188 198 314
194 234 135 228
194 20 233 229
60 61 2 55
61 19 96 190
60 67 63 62
244 316 267 63
317 244 316 267
61 120 135 63
61 135 19 190
120 63 245 244
63 6 245 316
60 63 67 6
63 244 62 267
147 153 155 73
291 318 319 293
153 320 208 154
153 208 320 321
196 177 176 179
170 46 197 171
170 315 172 90
196 185 322 176
322 196 323 185
196 197 323 185
263 282 262 324
104 91 325 251
91 183 251 104
91 44 46 183
36 93 91 251
91 45 46 44
86 91 93 92
91 325 93 92
326 318 327 328
329 129 330 105
3 48 191 50
49 288 139 214
263 262 331 324
60 134 136 67
134 48 137 232
133 48 217 65
136 6 332 278
48 137 191 50
159 160 103 149
187 58 159 5
159 35 4 58
159 58 303 35
4 159 3 59
5 187 150 159
159 187 150 329
113 159 35 4
58 171 187 131
159 113 333 59
329 303 202 159
58 131 187 329
334 335 336 219
107 303 329 106
159 150 337 329
150 83 147 80
5 150 83 160
159 149 337 150
159 149 103 337
83 208 147 153
192 338 339 76
160 166 149 208
95 110 55 98
95 111 108 110
59 19 113 96
96 340 246 190
96 113 333 97
96 221 246 97
96 103 333 59
96 103 97 333
212 307 211 209
112 97 95 103
172 251 36 91
86 115 36 37
86 88 189 87
86 172 37 36
88 90 188 206
173 206 199 200
341 206 204 205
206 198 342 200
317 343 344 302
206 198 188 342
107 345 105 330
56 288 214 346
57 56 162 286
82 162 56 167
118 347 117 348
271 269 317 344
116 143 146 298
349 350 276 351
116 118 298 299
116 226 143 298
237 298 352 227
118 298 352 237
230 353 283 354
118 117 347 119
237 116 226 117
3 166 50 191
153 355 321 292
149 109 108 166
103 55 3 59
3 166 160 50
95 103 109 108
109 110 356 217
27 199 16 22
120 63 6 245
27 37 223 203
357 311 358 312
15 2 9 19
28 25 26 24
349 359 360 361
349 65 362 363
349 62 276 66
349 65 98 359
349 359 364 360
365 366 367 368
349 65 363 369
349 359 276 62
79 76 339 370
76 333 371 337
76 372 373 374
340 97 375 376
97 376 372 377
76 333 372 371
376 377 375 378
376 33 43 379
376 379 380 378
245 316 332 381
142 382 296 383
8 16 13 17
223 87 224 225
287 226 298 143
309 384 180 287
10 180 287 286
13 7 14 385
10 7 180 169
9 13 194 237
0 7 10 169
120 235 227 237
10 286 57 180
156 157 158 147
147 154 153 208
80 187 310 207
68 80 83 84
73 157 72 74
73 85 386 74
153 155 73 386
80 72 157 207
147 150 80 151
68 72 80 387
147 148 154 149
153 73 83 85
15 16 12 22
19 113 96 18
21 34 18 22
338 43 388 389
113 340 18 33
76 390 78 202
113 333 114 303
58 35 171 106
57 169 5 0
159 113 35 303
12 171 170 17
12 17 11 171
20 15 22 23
31 24 253 285
24 391 26 392
27 199 29 28
26 392 28 24
180 384 128 14
180 384 126 128
7 180 14 384
180 309 286 393
180 394 384 393
180 394 286 162
267 301 395 302
57 162 180 286
349 276 350 66
349 66 65 62
267 62 276 270
276 66 268 350
349 351 276 361
319 326 318 327
246 396 340 375
357 64 359 221
64 135 357 359
246 247 311 357
96 97 246 340
135 190 248 234
61 135 64 62
27 16 199 25
173 195 199 16
199 200 28 195
173 199 88 37
99 397 118 398
398 397 118 347
235 237 118 51
399 400 401 282
228 235 194 229
23 26 24 398
23 398 348 26
229 398 23 24
118 99 348 237
235 118 52 51
66 267 62 276
359 249 277 276
357 249 277 359
249 247 312 402
249 274 403 402
228 334 244 236
244 271 334 272
249 135 244 62
135 249 250 234
244 236 271 317
249 272 270 244
81 318 191 291
326 216 293 318
23 25 26 348
81 318 216 137
216 213 212 210
216 212 328 211
152 151 279 148
272 250 230 334
148 404 281 390
148 337 149 150
148 149 337 405
148 154 149 406
147 73 155 157
148 281 404 279
148 407 280 406
408 409 393 410
408 411 412 128
413 128 412 414
408 128 413 127
415 127 394 408
408 409 411 384
408 410 393 415
408 384 411 128
173 206 88 199
28 200 199 341
86 172 36 91
99 398 23 229
29 28 416 392
29 28 341 416
223 115 37 42
260 102 24 261
392 28 24 29
27 24 29 253
27 252 203 264
93 43 388 338
93 339 338 388
93 251 114 192
91 251 93 325
172 251 91 46
86 94 115 87
339 93 338 192
72 157 240 74
86 93 115 94
93 115 94 388
138 214 139 417
418 419 346 214
419 214 418 417
419 288 139 420
419 308 420 421
419 164 422 423
419 424 139 417
419 139 424 421
213 69 215 425
214 418 307 212
68 70 85 75
68 69 81 85
81 213 82 212
69 85 70 426
0 10 9 6
214 139 417 419
419 164 288 308
56 346 214 82
49 214 139 138
136 134 48 137
419 346 288 164
288 164 286 309
287 309 288 286
213 212 214 82
374 371 427 390
423 418 419 346
212 418 307 209
214 138 307 417
137 328 134 232
137 318 191 81
137 318 216 328
137 48 49 50
332 136 316 6
136 134 138 141
137 50 81 191
82 50 212 49
50 212 49 137
328 318 232 137
91 315 46 45
91 46 251 183
11 5 187 310
170 173 90 172
46 184 197 182
170 173 200 198
76 33 376 372
76 373 376 370
76 114 333 303
76 338 114 192
76 339 370 338
339 76 77 192
338 43 389 380
338 114 93 43
93 338 192 114
99 102 229 100
118 237 348 117
397 101 398 99
118 299 255 298
235 397 99 218
99 100 218 397
186 284 428 258
186 310 258 162
186 310 171 182
429 197 185 323
429 182 184 430
184 429 197 182
429 197 182 185
429 185 431 323
186 182 429 284
429 430 284 182
276 359 361 277
66 294 382 350
66 267 268 301
66 382 294 142
60 136 134 48
60 294 134 67
66 142 67 267
262 260 283 263
27 199 28 25
27 264 203 30
260 230 304 283
31 233 260 263
31 30 263 264
263 331 265 324
25 27 24 28
20 399 234 233
328 326 306 327
75 73 74 85
292 386 426 321
72 387 75 240
80 158 207 157
5 310 80 187
72 207 240 238
72 157 207 238
399 247 313 248
399 432 400 324
399 234 401 247
399 234 354 401
400 313 432 399
237 227 226 298
13 237 226 348
49 278 10 6
235 99 229 218
235 51 245 227
398 26 365 348
49 10 288 56
13 348 23 237
13 16 25 195
7 411 143 384
226 117 143 385
287 7 143 384
143 385 7 226
64 96 246 190
249 234 403 250
109 191 55 217
63 267 67 316
135 249 359 62
377 372 97 112
377 372 433 434
377 375 378 435
218 304 219 100
33 97 376 372
407 149 148 405
149 108 436 208
149 405 407 436
159 150 160 149
437 438 439 440
149 154 208 406
11 171 310 187
291 216 81 318
11 58 171 187
13 348 226 385
135 194 120 19
0 8 169 11
4 5 159 58
69 82 215 167
212 210 211 216
215 346 418 122
215 124 346 122
213 210 69 425
214 215 82 346
27 22 20 30
190 248 18 340
234 20 194 19
227 10 6 9
194 235 99 229
276 249 62 359
55 65 64 98
60 6 136 48
22 23 27 20
8 12 16 17
174 428 441 442
96 340 113 97
20 18 265 22
8 11 17 169
246 313 396 443
96 190 18 340
159 329 337 202
139 444 445 446
35 303 251 106
175 171 186 310
186 182 284 310
46 171 182 197
171 187 131 310
171 310 131 182
153 83 292 85
153 83 355 292
83 81 355 292
5 83 84 50
83 84 50 81
251 104 303 192
45 46 47 315
86 93 36 115
447 104 91 325
91 315 45 89
278 308 287 420
310 162 387 258
292 448 321 426
287 180 7 384
411 143 385 7
420 288 139 278
1 136 49 6
191 166 109 3
49 50 56 82
287 420 227 278
10 56 286 288
111 449 108 110
68 81 83 85
84 50 81 82
57 84 56 50
5 57 50 84
1 57 56 50
73 68 75 72
162 68 82 84
147 83 73 80
147 148 152 154
147 149 160 150
103 109 108 149
148 329 150 151
329 58 159 187
148 151 404 329
147 160 149 208
235 52 220 305
187 207 129 131
58 171 131 106
80 72 207 387
162 175 169 180
80 151 187 129
170 196 198 200
170 200 195 176
206 205 200 342
172 46 91 315
315 450 314 198
90 315 89 314
198 342 200 451
450 196 198 315
175 11 5 169
113 33 114 333
292 448 426 293
31 229 260 233
19 190 234 18
20 234 399 248
399 234 233 354
111 452 449 453
175 11 17 171
20 30 22 265
27 31 253 264
289 454 455 456
263 30 331 264
436 457 458 459
223 42 22 30
142 301 382 383
32 37 115 42
15 19 4 2
20 18 248 265
2 6 9 120
18 22 34 265
109 160 149 103
6 63 2 60
60 65 133 294
109 356 108 166
109 108 356 110
60 62 64 65
55 103 96 59
103 333 337 371
59 96 113 333
103 333 371 112
20 23 31 229
263 282 399 233
260 304 229 102
24 102 229 398
251 114 192 303
93 192 460 325
104 107 201 345
104 105 107 345
104 201 192 325
251 104 192 325
80 129 207 158
187 207 131 310
72 207 387 240
90 206 198 188
170 196 176 185
170 17 171 185
173 90 88 206
170 17 195 16
113 97 33 333
60 133 134 294
48 133 232 134
134 67 294 142
2 61 59 55
212 306 138 328
1 48 3 50
141 136 142 140
349 294 362 65
8 14 7 169
244 271 236 334
244 245 317 316
216 211 328 326
80 5 150 83
223 225 224 461
8 169 17 14
172 171 35 46
175 186 185 181
175 310 11 171
175 14 181 185
13 17 195 14
172 46 35 251
113 114 35 303
251 114 35 36
109 103 55 3
76 372 376 373
175 11 169 17
159 58 329 303
107 329 303 202
13 385 195 25
237 117 226 348
153 386 73 85
68 82 69 167
462 396 463 432
153 292 321 386
68 72 387 75
167 68 82 162
85 68 75 73
376 338 370 380
19 234 135 194
55 191 48 217
194 23 20 229
20 18 234 248
216 210 293 426
66 294 67 142
66 67 62 267
349 294 350 362
377 112 433 372
377 112 464 433
97 221 377 112
60 55 48 65
32 36 114 115
97 333 372 33
64 246 96 221
103 97 333 112
233 230 354 250
348 347 117 365
234 403 401 247
234 403 354 401
399 265 248 432
399 354 233 282
191 318 465 291
223 461 30 225
76 333 33 372
32 43 42 115
27 199 203 29
199 29 28 341
213 215 214 418
69 81 85 292
68 168 387 163
84 162 56 82
56 286 288 346
214 215 346 418
437 227 420 332
278 420 332 140
84 310 162 387
347 398 348 118
15 20 22 18
245 227 51 437
245 317 316 381
244 317 245 236
245 381 51 236
196 200 176 177
170 315 196 197
197 315 450 47
429 197 323 466
196 323 197 450
46 171 106 182
86 36 93 91
170 171 197 185
164 309 165 393
164 123 165 121
164 122 123 121
164 423 346 122
164 309 467 165
422 164 308 467
7 384 14 411
38 145 116 143
1 3 57 50
298 143 254 287
143 254 287 409
332 381 446 437
116 146 143 145
116 298 146 299
143 468 257 409
143 411 144 468
143 411 145 144
143 298 254 146
320 208 469 321
355 321 292 448
355 291 470 448
355 191 465 291
355 191 81 166
355 81 191 291
403 250 354 353
216 326 210 211
135 249 247 357
199 341 206 204
399 234 247 248
294 65 297 362
35 21 4 12
263 264 331 262
66 267 301 142
140 316 136 142
217 289 232 133
60 67 136 6
133 134 296 231
66 142 301 382
134 231 232 471
140 420 332 446
213 69 82 215
140 316 142 472
140 316 446 332
63 244 316 245
48 191 137 217
221 64 359 98
329 337 148 150
148 151 279 404
68 80 84 387
147 208 149 154
80 147 151 158
151 330 329 129
151 129 158 473
258 428 239 284
442 258 428 239
284 182 130 131
186 284 258 310
186 171 185 182
429 431 284 430
111 474 112 371
111 110 453 449
111 112 474 464
111 221 112 464
111 98 475 453
355 291 292 81
138 136 140 49
180 162 57 169
10 227 287 7
137 217 191 318
191 217 465 318
93 325 251 192
91 183 447 44
466 184 429 197
46 315 197 47
196 197 315 450
72 238 240 157
46 183 182 106
80 158 151 129
68 168 167 71
49 138 137 212
207 258 284 310
187 129 151 329
135 250 228 234
175 171 17 185
5 175 169 162
127 126 125 441
126 125 441 181
181 125 322 128
185 322 181 323
181 431 185 323
186 429 185 431
476 323 477 181
181 322 125 476
181 441 174 477
171 197 185 182
200 478 342 205
186 185 429 182
175 11 310 5
175 169 180 14
181 14 128 322
181 14 180 128
35 106 46 171
170 195 14 176
207 284 132 131
171 182 131 106
186 174 258 428
284 310 182 131
49 288 278 139
169 162 57 5
170 17 14 195
432 42 379 479
479 265 432 42
263 324 399 282
15 4 9 2
398 102 229 99
139 446 445 420
27 31 24 253
229 218 100 304
228 250 244 334
432 324 479 400
331 265 42 30
461 222 223 30
228 230 233 250
316 136 142 67
235 51 305 236
34 18 265 340
432 399 265 324
263 30 265 331
187 329 131 129
160 83 50 166
68 387 162 163
58 303 35 106
69 167 215 71
216 69 210 426
216 210 326 293
19 20 18 234
249 403 247 402
249 357 277 312
246 221 480 375
10 57 169 180
135 247 246 357
246 221 311 480
246 248 396 313
399 313 247 401
143 384 411 409
298 118 352 255
287 226 227 298
396 313 462 443
298 116 226 237
143 38 117 116
287 278 288 308
49 82 214 212
159 337 103 333
13 25 23 348
136 49 278 140
298 227 254 352
111 464 474 475
408 384 128 126
287 309 286 180
217 133 232 48
180 126 384 394
180 393 286 394
384 393 409 309
385 481 195 482
385 348 117 483
10 278 287 227
118 54 52 51
284 430 132 130
385 195 481 14
76 338 33 114
115 43 388 93
251 106 104 183
208 356 458 469
32 33 34 43
247 312 402 401
206 341 200 205
208 436 458 356
46 251 183 106
260 233 230 283
387 84 310 80
106 329 107 105
95 98 97 112
104 106 303 107
195 25 483 28
195 481 176 482
200 484 195 482
115 37 86 87
385 483 195 25
185 322 176 14
7 385 411 14
196 198 200 451
58 329 106 131
357 312 361 277
329 107 105 330
303 329 106 58
329 107 404 202
118 99 398 348
254 143 257 409
287 143 409 384
39 145 116 38
104 345 183 105
104 107 192 201
107 202 201 485
104 107 303 192
86 88 90 189
91 104 447 183
172 90 315 91
293 318 319 326
36 93 114 115
76 303 333 202
104 183 106 105
172 36 12 37
103 371 337 108
376 379 378 375
166 160 149 109
18 34 33 340
381 446 439 486
27 203 223 30
80 150 187 151
20 263 399 233
76 192 202 78
113 33 97 340
183 487 447 44
329 337 202 404
175 185 17 14
76 303 202 192
337 202 404 390
159 202 333 303
159 333 113 303
149 337 405 108
337 108 371 405
148 390 281 280
151 129 473 330
337 405 371 390
80 387 207 310
148 337 390 405
33 340 34 379
76 114 33 333
420 308 287 254
134 232 327 471
340 432 34 379
340 396 379 375
227 420 352 437
64 246 221 357
246 190 340 248
249 403 234 247
120 244 245 236
115 87 94 224
21 114 32 35
194 99 235 237
31 263 260 262
35 113 21 114
227 237 51 352
271 236 336 344
228 233 234 250
203 29 204 252
25 483 28 26
197 466 450 323
235 397 220 52
376 372 377 434
108 208 356 436
111 112 108 371
95 103 108 112
1 48 136 6
337 159 202 333
488 474 371 372
221 475 111 98
404 329 337 148
111 371 489 474
221 364 358 490
464 475 111 221
221 98 490 475
379 375 376 340
221 375 464 480
112 372 474 433
163 491 258 259
163 259 161 193
163 123 167 193
472 444 139 446
484 478 341 416
394 161 123 162
68 167 163 162
96 97 98 221
98 110 65 369
98 369 492 453
111 110 98 453
149 436 108 405
98 492 364 490
95 98 111 110
340 396 432 379
221 98 364 490
377 221 375 464
95 108 111 112
108 110 449 356
449 436 489 108
376 33 379 340
349 369 98 65
64 359 98 65
110 449 356 289
278 227 10 6
140 332 136 316
245 381 236 317
271 236 334 336
63 67 6 316
249 272 244 250
64 135 359 62
249 403 274 272
60 48 2 6
277 359 361 357
55 109 217 110
20 31 30 263
49 214 56 288
140 446 316 472
270 62 244 267
227 352 51 437
51 352 438 437
235 118 99 397
258 442 491 239
54 299 255 118
344 493 317 236
135 249 357 359
270 276 267 268
236 218 334 336
228 235 229 218
51 53 381 437
236 51 305 493
9 237 227 226
387 163 491 258
207 240 491 387
68 82 84 81
149 108 103 337
213 215 418 425
56 167 286 346
167 123 286 346
215 167 346 124
68 163 167 168
393 384 180 309
412 128 413 408
384 14 411 128
409 309 410 467
494 409 468 411
494 408 409 411
408 409 410 494
118 51 352 54
309 393 410 165
164 309 393 286
164 308 467 309
8 9 7 13
245 227 437 332
136 6 67 316
309 257 308 467
287 309 254 308
419 288 214 139
419 422 164 308
308 495 420 421
288 164 346 286
278 308 420 288
308 254 420 495
227 420 254 352
300 118 54 52
164 346 123 122
254 352 256 255
254 420 495 256
298 254 255 352
338 114 43 33
76 372 374 371
474 371 372 112
372 371 488 374
377 97 375 221
33 379 34 43
97 375 376 377
134 243 141 296
42 43 496 497
221 377 112 464
478 484 341 200
484 341 200 28
230 335 334 219
195 28 483 484
90 315 91 89
159 333 103 59
69 85 426 292
216 81 292 291
292 293 291 448
85 426 292 386
216 69 292 81
199 29 341 204
38 482 498 481
226 385 348 117
38 411 498 499
38 411 499 145
38 482 483 41
117 38 41 39
98 360 369 349
272 334 335 273
265 340 432 34
270 267 271 269
272 403 353 250
244 250 272 334
244 271 267 317
432 248 313 396
133 231 296 295
313 432 399 248
22 265 42 34
265 479 432 324
23 99 348 398
20 248 399 265
216 137 212 81
34 42 379 432
208 469 321 355
136 137 138 134
254 256 495 257
405 407 280 148
151 329 330 404
151 279 404 330
260 261 283 304
153 386 85 292
149 108 208 166
208 436 406 458
230 304 353 219
355 292 291 448
108 405 436 489
108 436 356 449
76 337 390 202
111 371 108 489
107 404 485 330
148 405 390 280
329 129 105 131
76 370 376 338
76 390 371 374
390 78 202 281
76 78 390 374
405 390 427 371
78 202 281 485
404 390 202 281
192 202 78 201
80 72 73 157
329 107 330 404
32 114 43 115
376 338 43 33
105 182 183 106
173 198 90 206
460 93 339 192
104 447 183 487
316 317 267 142
270 249 244 62
364 361 500 360
349 65 66 294
349 62 65 359
276 268 66 267
196 176 322 179
88 206 204 199
272 501 273 335
414 481 176 322
176 482 502 177
28 25 199 195
385 481 38 411
176 481 14 322
275 277 270 276
267 317 269 302
134 141 142 296
170 196 315 198
270 274 269 273
500 364 358 361
133 297 65 290
267 395 142 317
246 313 247 248
267 317 302 395
142 141 383 296
5 162 84 310
432 462 400 479
290 65 133 289
190 234 18 248
501 272 403 353
245 437 51 381
51 438 352 54
6 332 245 316
23 99 237 348
143 38 385 117
108 356 208 166
436 459 449 457
436 356 459 458
108 371 405 489
457 449 436 489
409 257 309 467
227 420 332 278
7 180 169 14
296 294 142 134
175 181 126 174
46 182 183 184
207 158 132 238
31 262 261 285
420 139 140 278
50 82 212 81
215 82 346 167
213 216 69 210
60 67 66 294
284 131 130 132
83 50 166 81
50 81 191 166
228 194 233 229
56 167 162 286
83 166 355 81
68 84 162 387
387 491 163 168
69 213 82 81
124 123 193 167
153 321 355 208
271 334 273 336
167 162 286 123
175 186 174 162
175 180 162 126
482 177 503 502
408 384 394 393
217 465 356 166
465 191 166 217
163 193 167 168
123 504 193 161
505 504 193 123
180 162 126 394
394 393 505 415
322 414 178 176
428 477 431 174
182 131 105 130
284 130 182 430
174 161 259 441
181 322 185 14
181 174 441 126
175 310 186 162
162 174 161 258
174 442 258 428
57 56 84 162
431 186 284 428
195 14 176 481
61 96 64 190
128 181 126 180
164 286 123 346
223 115 87 37
35 251 46 106
179 322 196 323
14 322 481 128
210 213 212 209
127 161 394 126
408 384 126 394
128 126 127 408
408 412 411 494
46 197 184 47
181 128 126 125
126 161 441 127
149 208 436 406
405 436 489 407
449 459 289 455
436 356 449 459
110 289 356 217
455 289 449 453
111 489 449 452
38 482 41 40
482 484 503 177
385 482 38 481
117 483 348 365
276 277 361 275
38 498 482 40
148 337 404 390
202 281 485 404
106 131 329 105
207 132 284 239
68 73 83 80
129 131 130 105
129 330 105 506
376 340 97 33
127 128 413 125
14 411 128 481
143 411 385 38
22 265 30 42
502 176 498 482
482 484 41 503
484 483 41 416
381 343 486 439
28 416 484 341
32 43 114 33
199 12 22 37
352 237 51 118
200 195 484 28
28 26 416 392
316 332 381 446
272 270 244 271
73 74 155 157
364 358 361 357
361 359 364 357
359 221 364 357
246 443 396 375
221 358 357 311
270 267 244 271
249 312 247 357
228 135 120 244
99 229 218 100
26 365 416 368
46 183 44 184
483 28 416 484
482 484 483 41
26 483 28 416
248 340 432 265
64 135 246 357
230 354 250 353
233 354 230 283
16 199 12 22
228 235 218 236
230 219 218 304
229 230 218 304
207 310 387 258
235 236 245 51
254 420 227 287
365 398 348 347
260 233 229 230
271 344 273 269
465 507 456 470
398 101 347 366
260 229 304 230
228 334 236 218
449 457 452 489
385 38 482 483
449 452 457 455
25 199 195 16
224 223 115 87
30 331 222 42
42 115 497 224
66 350 301 268
223 42 224 115
376 377 378 434
98 453 492 475
376 43 338 380
340 18 265 248
147 148 150 151
333 112 372 371
207 129 131 132
186 174 162 258
244 250 228 135
68 75 387 168
138 241 306 307
468 411 144 494
338 370 389 339
315 314 45 89
65 110 289 369
166 465 356 355
349 364 98 360
246 248 340 396
232 231 507 327
129 105 130 506
432 379 463 479
42 265 432 34
160 208 83 166
13 17 16 195
42 43 379 496
403 272 501 274
120 6 227 245
364 360 500 492
162 126 394 161
394 123 505 393
232 290 289 465
246 247 313 311
352 54 438 255
271 267 317 269
111 452 474 489
403 401 247 402
234 403 250 354
270 276 249 62
10 287 180 7
436 406 458 407
482 503 40 502
432 462 396 313
63 267 62 67
260 262 283 261
334 273 336 335
42 331 222 479
284 428 239 430
86 92 189 89
436 407 457 489
377 464 435 433
76 370 79 373
217 65 110 289
258 491 442 259
298 255 146 299
327 318 232 328
232 465 289 217
182 184 430 130
232 318 327 507
232 465 507 290
65 369 289 290
308 467 495 422
289 369 453 454
398 365 26 366
289 459 456 455
449 356 289 459
49 288 10 278
289 465 459 356
107 345 485 201
289 456 465 290
294 295 362 297
116 145 299 146
289 449 453 110
409 494 468 410
139 424 421 445
141 243 138 241
232 328 134 327
369 297 290 65
267 142 395 301
371 488 489 474
372 474 433 488
134 141 243 138
387 491 75 240
472 242 383 141
142 141 472 383
254 257 146 255
209 213 212 418
232 318 507 465
318 507 465 319
216 69 426 292
153 83 208 355
60 66 62 65
196 179 451 177
437 440 256 438
84 310 80 5
288 164 309 308
311 443 246 480
446 444 440 486
167 123 346 124
235 52 118 397
284 430 431 428
381 472 486 317
122 123 124 346
215 71 167 124
355 470 291 465
107 404 202 485
247 401 313 312
150 187 151 329
372 433 373 488
60 294 66 65
212 216 81 213
270 269 274 275
170 176 196 200
137 212 138 328
318 216 293 291
328 137 212 216
93 325 460 92
408 393 394 415
390 281 280 427
318 319 327 507
105 506 508 130
216 292 426 293
42 222 224 497
322 178 179 176
375 443 378 435
24 102 398 391
24 391 398 26
13 7 385 226
69 71 425 210
117 38 483 41
449 455 453 452
26 348 483 365
123 121 193 505
174 477 431 181
26 365 483 416
117 367 365 347
242 472 444 139
365 41 483 416
117 365 41 483
56 84 82 50
26 392 368 416
3 159 103 59
174 259 258 442
408 127 413 415
96 113 340 18
170 171 172 46
141 136 140 138
161 162 126 174
109 166 217 356
200 176 177 482
137 81 50 212
316 472 446 381
419 417 423 421
399 313 401 400
163 258 162 161
196 200 177 451
270 275 274 277
142 472 317 395
138 241 307 417
42 115 43 497
43 114 93 115
465 507 290 456
317 302 344 269
294 295 382 350
93 92 460 388
115 43 497 388
316 317 142 472
379 479 496 463
406 149 148 407
86 88 37 172
24 392 29 253
221 311 480 358
134 296 471 243
484 478 503 177
267 266 268 301
267 302 269 266
287 309 409 254
51 437 438 53
103 108 112 371
246 375 97 221
323 477 181 431
375 480 435 464
69 426 70 210
436 457 407 458
146 143 257 254
287 384 409 309
128 125 414 413
117 365 367 41
491 207 258 239
298 255 254 146
411 409 468 143
396 463 432 379
316 472 381 317
147 152 156 154
212 328 211 306
76 79 374 373
379 396 463 378
271 272 273 334
42 379 43 34
31 264 285 253
104 487 345 201
317 493 344 343
138 417 139 241
134 138 306 328
134 328 471 327
79 76 77 339
357 312 358 361
408 409 384 393
443 246 480 375
121 124 123 193
141 139 242 241
349 361 360 351
396 378 375 443
134 328 306 471
419 139 421 420
509 472 242 383
20 399 263 265
411 144 494 412
379 43 380 496
504 127 161 394
207 310 284 131
419 288 346 214
385 117 38 483
340 248 432 396
409 309 257 254
232 217 318 465
377 375 435 464
272 334 230 335
233 354 283 282
429 430 184 466
230 218 219 334
309 165 410 467
381 439 493 343
437 53 439 438
399 265 324 263
245 332 437 381
493 317 236 381
381 493 439 53
236 220 336 305
493 51 305 53
249 402 277 274
235 218 220 397
38 145 499 39
38 40 499 498
317 472 486 395
381 446 437 439
236 218 336 220
218 334 336 219
398 365 366 347
390 281 427 374
235 236 220 218
104 325 487 201
398 366 26 391
26 365 368 366
32 22 42 34
365 368 367 41
130 182 183 105
187 80 5 150
322 481 128 414
472 509 486 395
170 197 46 315
183 130 105 508
107 303 192 202
98 490 475 492
106 131 105 182
129 506 132 158
117 39 41 367
65 362 363 297
129 506 473 330
183 105 345 508
73 74 386 155
104 487 183 345
233 234 250 354
472 509 242 444
349 351 362 350
294 350 362 295
346 418 122 423
465 470 456 459
88 87 204 188
356 459 469 470
419 423 422 421
51 381 493 236
381 317 343 493
484 503 416 41
403 274 501 402
213 425 418 209
151 156 473 158
255 118 352 54
129 132 506 130
202 78 201 485
215 124 425 71
360 359 364 361
403 354 401 402
381 437 53 439
107 330 485 345
129 158 473 506
364 490 492 500
504 394 123 505
203 225 264 252
207 239 238 132
364 500 358 490
111 453 475 452
396 463 378 462
446 445 420 440
30 331 264 461
31 264 262 285
27 264 253 252
29 392 341 252
123 121 505 165
212 307 138 306
164 165 422 122
215 124 418 425
139 241 417 424
138 306 241 243
399 282 324 400
431 174 186 428
230 283 353 304
198 451 314 342
196 450 451 179
90 89 189 188
355 208 356 166
24 392 253 391
29 392 416 341
128 411 412 481
26 366 368 391
473 152 151 279
291 319 448 293
105 345 508 506
221 464 475 490
43 496 497 389
369 454 363 453
111 475 474 452
424 139 444 445
153 155 386 321
133 297 290 231
393 505 415 410
163 193 168 259
419 417 421 424
332 446 420 437
272 335 353 501
419 423 417 418
207 158 238 157
482 40 503 41
365 416 368 41
429 323 431 466
308 421 422 495
369 492 363 360
116 119 299 145
29 252 253 392
472 446 381 486
356 469 459 458
375 480 443 435
91 325 92 447
192 325 77 460
91 44 447 45
116 300 299 119
183 508 487 44
385 483 25 348
203 252 204 225
372 373 374 488
104 487 325 447
420 256 437 440
355 191 166 465
181 477 125 441
398 391 101 366
372 434 373 433
208 469 458 320
214 417 307 418
147 156 157 155
376 434 378 380
420 445 421 495
355 469 448 470
139 242 424 444
76 202 333 337
139 241 424 242
151 152 473 156
403 501 354 402
349 363 362 360
398 101 391 102
338 339 389 388
404 279 281 485
99 397 101 100
347 101 398 397
164 165 467 422
338 370 380 389
151 330 473 279
116 39 119 145
118 397 300 347
134 471 296 231
369 297 363 454
409 467 468 257
405 280 407 427
208 406 154 320
51 54 53 438
208 458 406 320
91 89 45 447
221 480 464 490
148 279 152 280
148 406 152 154
46 47 184 44
176 178 177 502
200 451 342 177
377 434 433 435
377 434 435 378
90 314 89 188
69 71 210 70
26 392 391 368
29 204 252 341
24 391 253 285
134 471 306 243
328 306 471 327
249 402 312 277
221 480 490 358
43 496 389 380
294 296 382 295
66 350 382 301
379 378 463 380
349 360 362 351
68 71 75 168
164 122 422 423
432 479 463 462
135 234 248 247
486 317 343 381
432 313 400 462
396 443 462 378
411 412 481 498
133 297 231 295
2 120 63 6
65 369 297 363
403 353 354 501
232 231 327 471
136 140 278 332
146 143 468 257
148 280 152 406
352 437 256 438
0 10 1 57
76 374 79 78
115 94 388 497
83 85 81 292
68 75 71 70
387 168 75 491
51 53 52 305
308 254 495 257
72 240 75 74
139 141 472 140
215 122 418 124
408 494 415 413
42 496 379 479
164 123 286 393
216 328 318 326
376 373 372 434
2 61 63 120
236 336 493 305
213 425 209 210
176 498 482 481
139 420 445 421
85 75 70 74
163 259 168 491
385 411 14 481
276 351 268 275
76 192 114 303
86 87 189 94
161 394 123 504
411 498 499 412
197 47 450 466
174 441 126 161
482 502 40 498
276 361 351 275
68 69 71 167
69 215 425 71
315 450 47 314
195 483 482 484
409 467 410 468
394 127 415 504
411 145 144 499
153 154 321 320
117 367 119 39
192 325 201 77
115 224 94 497
174 428 477 441
408 415 494 410
284 132 430 239
170 173 195 200
481 412 414 498
291 319 465 470
30 461 264 225
30 331 461 222
382 296 294 142
355 470 356 469
161 504 441 127
322 414 125 476
498 481 176 414
323 322 181 476
6 278 227 332
451 196 198 450
322 476 323 179
355 465 356 470
419 164 423 346
149 436 407 406
446 139 140 420
228 334 230 250
349 360 369 363
83 208 355 166
509 444 472 486
349 359 98 364
141 241 138 139
270 268 269 275
116 143 226 117
6 245 332 227
200 484 177 478
174 258 259 161
288 308 420 419
42 222 497 496
289 459 465 456
223 222 461 224
93 92 388 94
86 94 189 92
355 448 469 321
291 470 448 319
289 290 454 456
418 213 212 214
176 178 502 498
200 478 205 341
214 212 307 138
479 265 42 331
192 460 77 339
91 92 89 447
43 497 388 389
228 218 230 334
42 222 496 479
192 77 201 78
239 240 491 207
217 166 109 191
170 172 315 46
249 403 272 250
399 282 401 354
289 356 217 465
271 317 236 344
137 232 217 318
142 383 395 301
56 82 167 346
444 472 486 446
317 302 395 343
322 414 476 178
93 388 460 339
200 342 478 177
133 294 65 297
454 369 297 290
99 398 102 101
404 330 279 485
163 193 161 123
27 37 203 199
232 231 290 507
183 508 345 487
12 36 172 35
289 65 133 217
181 477 476 125
289 454 453 455
186 431 185 181
161 504 193 259
113 35 21 4
111 108 449 489
465 507 470 319
13 195 385 14
25 26 348 483
176 414 178 498
276 351 350 268
246 443 311 313
408 494 413 412
143 146 468 144
411 412 499 144
153 154 155 321
200 484 482 177
349 66 350 294
272 230 250 353
200 482 195 176
98 221 112 111
118 300 119 347
387 163 258 162
200 199 341 206
117 347 119 367
140 139 446 472
147 156 155 154
118 397 52 300
137 138 134 328
405 407 489 427
376 434 380 370
419 308 421 422
128 412 414 481
105 330 345 506
64 65 62 359
143 411 38 145
164 123 393 165
286 123 394 393
409 309 393 410
465 459 356 470
123 393 165 505
38 499 40 39
127 394 408 126
355 208 469 356
286 123 162 394
322 128 125 414
161 259 441 504
385 195 483 482
141 242 383 243
318 291 319 465
174 442 441 259
55 98 110 65
24 285 261 102
158 147 151 156
449 459 455 457
472 383 395 142
369 453 363 492
196 450 179 323
21 33 18 34
140 472 142 141
163 167 123 162
55 65 110 217
236 336 344 493
420 440 445 256
13 385 25 348
365 367 366 347
393 165 505 410
308 467 257 495
390 281 374 78
492 360 369 98
183 508 44 184
488 374 371 427
315 314 47 45
97 372 333 112
218 220 219 336
271 344 336 273
246 221 357 311
221 357 358 364
246 340 97 375
352 255 438 256
118 299 300 54
235 305 51 52
379 496 380 463
207 129 132 158
76 337 371 390
387 207 258 491
379 375 396 378
112 464 433 474
371 488 427 489
270 273 272 274
446 486 440 439
349 361 276 359
229 304 100 102
405 427 390 280
218 397 100 220
254 352 420 256
420 256 445 495
24 391 285 102
484 478 416 503
360 364 98 492
289 369 454 290
98 110 369 453
376 434 370 373
429 431 186 284
134 138 243 306
394 504 415 505
76 376 33 338
376 380 379 43
110 289 369 453
198 450 314 451
405 371 427 489
85 386 70 426
53 381 493 51
328 211 306 326
97 221 112 98
67 142 316 267
395 317 343 486
49 82 56 214
141 243 383 296
272 230 353 335
242 141 472 139
85 70 386 74
476 322 178 179
247 311 357 312
183 508 184 130
181 174 186 431
198 188 342 314
309 308 257 254
446 437 439 440
509 472 383 395
429 466 431 430
98 221 364 359
251 303 104 106
265 324 331 479
38 411 481 498
9 120 237 194
170 90 198 315
197 47 466 184
283 263 282 262
230 219 353 335
203 87 225 204
446 420 437 440
446 440 444 445
352 420 256 437
272 273 501 274
206 342 188 205
