3 3
90
0.00218238448724151 -0.23564401268959 0.296800434589386
-0.0684841647744179 0.109606146812439 0.00586111424490809
-0.335302948951721 -0.398306429386139 0.0046285530552268
-0.535663306713104 -0.106988921761513 0.269967079162598
-0.188991546630859 -0.522951126098633 0.252412557601929
0.144672676920891 -0.492051392793655 -0.0194302890449762
0.257039576768875 0.129060834646225 0.14806717634201
-0.15788771212101 -0.0611832402646542 0.517891407012939
0.189470991492271 0.00961291324347258 0.682572364807129
-0.672653079032898 -0.26484677195549 -0.0771007016301155
-0.42174419760704 -0.390404164791107 -0.36865970492363
-0.776131282691892 -0.567613029033071 -0.274655568483402
-0.831469471100905 -0.0786536704859343 -0.549974652821629
-0.603003790196125 -0.78478656372531 0.143165912162521
-0.883477790301428 -0.384431428652045 0.267730220013829
-0.44900369644165 0.0465381629765034 -0.0890364870429039
-0.981018869887988 0.123350484567288 0.14962163907908
-0.196366056799889 -0.094858281314373 -0.505987107753754
0.14972759783268 -0.190442979335785 -0.370151996612549
0.665208392822101 -0.382221135969908 -0.641408448133411
0.562942385673523 -0.32061967253685 -0.037095945328474
0.372437619477722 -0.709369315560777 -0.598402367758185
-0.14740626513958 -0.603294968605042 -0.232143834233284
0.351108491420746 0.203497782349586 -0.499261647462845
0 0 -1
-0.0155762080103159 0.218162581324577 -0.505913138389587
0.479425538604203 0 -0.877582561890373
0.0158853733219 -0.715701763771822 -0.698225350619932
0.34945285320282 0.513437867164612 0.096069723367691
0.631144375408625 0.346306548374627 0.694066676871113
0.0545950643718243 0.478655576705933 0.407126307487488
0.767791718734107 0.585553053736013 -0.260045184350251
0.868131458477629 0.40242885044486 0.290514700370107
0.594186782836914 0.195659354329109 -0.202631399035454
0.0496415533125401 0.55751496553421 -0.134160652756691
0.0978305468198165 0.958016094512702 0.269507600567341
0.468475470014456 0.691354668824152 0.550054048153253
0.0483935458545785 0.724712217967581 0.687350177019058
0.370702612325004 0.916693495263757 -0.149173083887588
-0.47663414478302 0.457881838083267 -0.031249625608325
-0.239712769138849 0.415194695748531 0.877582561890373
-0.353046395223078 0.758848260465113 0.547272839093137
-0.346471607685089 0.29314523935318 0.417012840509415
-0.239712769628607 -0.415194695465769 -0.877582561890373
-0.360598672076026 -0.749981983071519 -0.554522878486648
-0.311501145362854 0.32776290178299 -0.455636978149414
0.616162240505219 0.0624360255897045 0.241183459758759
-0.0558401681741328 -0.730024388578133 0.681136012628468
0.391120702028275 -0.33443009853363 0.30893486738205
0.584326343680722 0.796064757409557 0.157618609596652
0.982269596961234 0.149072409691741 -0.113683136631222
0.479425538604203 0 0.877582561890373
0.671260175463145 -0.38561518977525 0.633017142146866
0.95511361511616 -0.184811311881901 0.23152270130644
-0.390057820184104 -0.905668440756321 -0.166191372613738
-0.115438715797442 -0.96094802955888 0.251501068351494
0.0901022015938901 -0.94934257964693 -0.301048600291127
-0.883503562077638 0.380925548181206 -0.272611779897665
-0.486800907915283 0.678280023355104 -0.550419009455756
0.922643433799791 -0.286642645246788 -0.258002108503116
-0.980006923310615 -0.12536085557372 -0.154502705973351
-0.388615651876345 0.909203633225818 0.149420977261216
-0.776676796693323 0.569712436801585 0.268702238233699
0.345309108965927 -0.774082127357262 0.530620843325262
0.369077236564654 -0.923880539525301 0.101127356023167
-0.0565106664504821 0.723201441342537 -0.688321305654125
0.341590453784529 0.763663136834653 -0.547845393631394
0.639981879339421 -0.727619523021678 -0.246967657467305
0.239712769383728 0.41519469560715 0.877582561890373
0 0 1
-0.486158622938507 -0.684140184978708 0.543692928627763
-0.239712769628607 -0.415194695465769 0.877582561890373
0.23971276889397 -0.415194695889912 0.877582561890373
-0.603399282124071 0.782420485874364 -0.154037299431922
0.716806155797464 -0.653859002034685 0.242192775427072
-0.479425538604203 2.82761934899048e-10 0.877582561890373
-0.833082155485217 0.0768196707194778 0.547789065610711
-0.600531171046428 -0.405801143909745 -0.688975866197901
0.836333570686363 0.0953559190586148 -0.539864248902893
0.867755914188545 -0.496927360311511 -0.0079291843613262
-0.239712769138849 0.415194695748531 -0.877582561890373
0.239712769383728 0.41519469560715 -0.877582561890373
-0.652924088151904 0.313659445191359 -0.689425766528387
0.23971276889397 -0.415194695889912 -0.877582561890373
-0.116739650162712 0.955181360484743 -0.272030187042548
-0.654844421468387 -0.316041167111221 0.686510571195164
-0.601683162861646 0.407475446174475 0.686979717527176
0.806471985674663 0.0350784311606917 0.590230836189767
-0.479425538604203 2.82761934899048e-10 -0.877582561890373
0.598492446849579 0.416859976367636 -0.684130507408329
303
0 1 2 3
0 2 4 3
0 2 1 5
0 6 7 8
0 5 1 6
9 10 11 12
9 2 13 11
9 2 14 13
9 10 12 15
9 3 16 14
9 15 16 3
9 10 15 2
10 15 17 12
18 19 20 21
18 22 5 2
18 5 22 21
18 23 24 25
18 19 23 20
18 23 26 24
10 22 27 17
28 29 30 6
28 31 32 33
31 28 34 33
30 35 36 28
37 30 35 36
28 34 35 38
30 7 1 6
30 1 39 34
30 40 41 42
37 30 40 41
1 15 17 2
18 6 5 20
27 10 43 44
18 1 6 23
1 45 15 39
1 15 45 17
1 6 23 34
28 6 46 29
47 0 48 4
1 15 2 3
6 46 20 33
30 42 1 7
6 48 46 8
49 28 31 32
46 33 32 50
6 20 46 48
46 51 8 52
46 52 48 53
4 13 54 55
46 29 8 51
22 56 54 44
0 1 3 7
1 39 34 45
15 39 45 57
15 39 16 3
9 10 2 11
15 57 45 12
39 58 34 45
57 45 58 39
53 46 50 59
9 16 15 60
39 42 61 62
39 3 62 16
42 3 39 1
18 2 17 22
5 22 55 4
5 4 63 48
9 15 12 60
64 5 55 63
4 47 63 48
30 39 61 34
30 42 41 61
30 6 29 8
6 23 34 33
34 25 65 66
5 56 67 64
30 6 8 7
30 8 29 68
0 6 8 48
46 20 59 53
46 8 48 52
8 40 7 69
8 40 30 7
47 7 70 71
0 8 7 72
8 72 48 52
9 60 12 11
28 49 38 35
72 7 69 8
2 54 22 4
10 22 2 54
4 14 70 3
14 2 4 13
3 2 4 14
4 0 7 47
10 2 22 17
18 5 21 20
17 10 43 27
68 8 40 30
30 61 39 42
28 30 34 6
34 65 45 58
1 45 34 25
39 61 34 73
48 20 74 64
39 73 34 58
18 1 23 25
3 75 42 76
10 17 43 77
20 5 64 48
33 20 59 46
33 19 78 59
20 74 53 48
79 20 74 53
67 5 64 20
6 5 20 48
23 19 78 33
30 7 40 42
28 29 46 32
45 25 17 80
25 17 80 24
48 52 72 63
34 66 31 33
23 81 26 24
34 45 65 25
18 25 24 17
39 3 42 62
2 54 13 11
1 17 45 25
5 56 22 21
1 7 42 3
15 39 57 16
10 15 2 17
0 6 48 5
28 36 30 29
45 80 82 58
18 1 25 17
17 27 43 83
44 22 27 10
33 6 23 20
5 55 22 56
5 20 67 21
18 1 2 5
18 1 5 6
9 14 60 11
34 58 73 84
39 73 62 61
0 6 1 7
7 3 85 75
7 42 75 40
5 21 67 56
20 59 67 19
33 31 50 78
33 31 32 50
6 8 46 29
19 20 33 23
33 78 50 59
46 53 50 32
39 73 57 62
34 84 61 35
42 62 86 41
34 23 25 66
18 17 24 83
6 23 20 18
10 54 11 44
46 32 29 87
28 6 34 33
46 53 48 20
17 12 88 77
45 88 12 82
30 35 34 61
33 31 78 89
59 46 50 33
23 33 78 89
23 24 25 81
23 25 66 81
30 68 36 37
20 67 21 19
72 0 48 47
8 51 68 69
1 34 23 25
30 68 29 36
66 23 33 34
34 58 84 65
42 62 76 86
39 16 62 57
33 66 31 89
34 84 66 65
34 35 38 84
3 16 14 76
38 31 28 34
18 26 23 19
22 56 27 21
48 74 52 63
5 56 64 55
34 66 38 31
71 72 7 69
22 27 56 44
15 12 45 17
0 5 4 2
30 61 41 35
46 51 87 29
48 63 64 74
18 83 21 27
45 57 82 12
18 2 1 17
7 4 70 3
27 18 17 22
7 42 3 75
13 14 70 4
0 48 8 72
83 18 17 27
15 12 60 57
48 47 63 72
25 65 81 80
5 48 63 64
28 36 49 35
28 32 36 29
0 4 5 48
30 1 34 6
10 44 22 54
23 81 66 89
10 54 2 11
59 20 33 19
3 7 85 70
3 42 62 76
18 22 27 21
28 30 35 34
2 4 13 54
47 0 7 72
72 47 71 7
0 7 3 4
28 6 33 46
42 40 41 86
82 57 45 58
22 55 54 56
10 11 77 44
45 17 12 88
46 53 87 52
42 75 86 76
4 47 70 55
7 75 85 71
9 2 3 14
25 66 81 65
4 55 63 47
23 26 89 78
3 14 70 85
8 52 51 72
28 46 33 32
28 49 36 32
28 49 31 38
4 47 7 70
42 86 75 40
3 39 1 15
17 77 88 43
42 41 61 62
23 78 19 26
46 87 53 32
45 17 88 80
9 2 15 3
30 39 1 42
45 80 58 65
39 73 58 57
9 60 14 16
46 52 87 51
10 12 17 77
8 29 68 51
18 21 83 19
20 79 74 67
18 26 19 83
45 65 25 80
23 81 89 26
17 88 80 24
25 81 24 80
10 77 43 44
30 37 40 68
17 24 83 43
34 84 73 61
17 88 24 43
3 76 85 75
18 83 24 26
30 37 35 41
70 7 85 71
3 16 76 62
7 71 69 75
22 4 54 55
7 69 40 75
8 69 72 51
8 69 68 40
3 14 85 76
9 11 13 14
89 23 33 66
15 60 16 57
45 82 80 88
5 2 22 4
10 77 11 12
64 20 74 67
5 55 63 4
34 38 66 84
20 79 67 59
4 13 55 70
48 53 52 74
20 53 79 59
