0.003275 0.00754356823741
0.003331 0.0213059001159
0.003336 0.0211482197052
0.003389 0.0663723363634
0.003304 0.060474380695
0.003318 0.0581055802418
0.003327 0.0375423194569
0.003291 0.0796405278264
0.003296 0.0195550485602
0.003226 0.0779733818155
0.003323 0.0701724998866
0.003319 0.0262882223118
0.003284 0.0288778992552
0.003324 0.0444947106267
0.003386 0.0852850985895
0.003333 0.0361084790158
0.003291 0.0188028416262
0.003305 0.0240623698788
0.003404 0.0213693520333
0.003344 0.0270094468441
0.00332 0.0397359503661
0.003347 0.0367936651962
0.003309 0.0226881166423
0.003283 0.028260952738
0.003288 0.0622022271921
0.003301 0.0310093931274
0.003328 0.0509366721127
0.003291 0.0336108362878
0.003343 0.0490063486979
0.0033 0.0327385514159
0.003302 0.0109898334906
0.00327 0.0836184968588
0.00332 0.0115640507901
0.003314 0.0256359475726
0.0033 0.0779658651872
0.00335 0.0925570103543
0.003376 0.0792828076581
0.003308 0.0712238122891
0.003253 0.0278025187304
0.003392 0.0407089095725
0.003315 0.0333817434173
0.003345 0.0387528853787
0.003356 0.0409751625675
0.003305 0.0615585225023
0.003345 0.0326268248931
0.00323 0.0833466501335
0.003312 0.0688470644462
0.003353 0.0706007178845
0.003295 0.0678709204116
0.003335 0.0533346460903
0.003376 0.0573404169747
0.003328 0.0254669204833
0.003239 0.0163661983296
0.003405 0.0239388215703
0.003382 0.0270055595823
0.003297 0.0556614265399
0.003269 0.0419718946115
0.003336 0.0762273329851
0.003319 0.118643988805
0.003339 0.0328767006343
0.003326 0.0300088180933
0.003258 0.0628936581684
0.00329 0.0259138922854
0.003291 0.0303787210882
0.003298 0.0655404208707
0.003248 0.0193223433681
0.003344 0.0485412709484
0.003348 0.0665677037599
0.003375 0.101708367685
0.003293 0.0144876179428
0.003332 0.0272100457996
0.00333 0.0411787896259
0.003327 0.044460455625
0.003325 0.0845632709332
0.003382 0.0250588574575
0.003328 0.0212986526294
0.003298 0.0269168180481
0.003364 0.0426518660044
0.0033 0.0360125893233
0.003334 0.100967422507
0.003365 0.0564181207848
0.003317 0.0192865419423
0.003412 0.0334443828878
0.003256 0.0594052838438
0.00336 0.0776381930392
0.003377 0.0687679972149
0.003311 0.0356302019459
0.003324 0.0339546072668
0.00333 0.0581429182617
0.003341 0.0744161521462
0.003276 0.0631225078464
0.003388 0.0168271224438
0.003349 0.0424428118641
0.003349 0.0217794344251
0.003347 0.114850112104
0.003439 0.039070987476
0.003282 0.0198537331503
0.003368 0.0219498391232
0.003331 0.0377822815754
0.003293 0.0363654640393
0.03315 0.0115217213247
0.03288 0.0176056001132
0.03311 0.0147100581767
0.03304 0.0221930233319
0.032739 0.0154928147136
0.032908 0.0154033773626
0.033072 0.00591980336467
0.032899 0.0200868543933
0.032832 0.00224307390863
0.032845 0.014755485203
0.032843 0.0232386827605
0.03311 0.00419799569584
0.033146 0.0155766799887
0.032937 0.00585069164079
0.032891 0.0280295542982
0.033064 0.0236019501448
0.03286 0.0241592959133
0.033083 0.0122917301335
0.033126 0.0151661477179
0.033096 0.00978030184737
0.033177 0.0175175264622
0.032984 0.0132346744398
0.033078 0.00885280577117
0.033005 0.00742800955361
0.033186 0.00573073709641
0.033012 0.0130688446212
0.032884 0.0126798218362
0.032961 0.0198336761102
0.032939 0.0134146088967
0.033004 0.0185788332353
0.032988 0.00977436384108
0.033042 0.0148346308938
0.032965 0.0112656069008
0.033003 0.0152814006383
0.033169 0.00556458012881
0.033064 0.0130654100028
0.032938 0.0166560822666
0.033231 0.0204158683781
0.032851 0.0114726088066
0.032884 0.0150864983414
0.033101 0.0191950645592
0.032907 0.0114557986374
0.033121 0.0215623820361
0.033076 0.018045512574
0.033142 0.0089859762751
0.033166 0.0048765831572
0.032967 0.00617740541726
0.032937 0.0158392622415
0.033051 0.0221611336945
0.03285 0.00477205125188
0.033209 0.0104688017452
0.032898 0.00621278280011
0.032602 0.0115444127145
0.033074 0.0369317587807
0.032908 0.0139405110648
0.032946 0.0162395109759
0.032884 0.0284118846679
0.03287 0.0201067406949
0.032964 0.00313998265419
0.032997 0.0232675370506
0.032904 0.0197302639806
0.032899 0.0170469392848
0.032854 0.0216235359159
0.033072 0.0215407332877
0.033135 0.00994719922921
0.033096 0.0250975482888
0.032715 0.0175653705438
0.032861 0.0273646604913
0.033003 0.0149290754961
0.032958 0.0157761032179
0.032979 0.0169071436862
0.032973 0.0225345114292
0.032997 0.00435547756566
0.03299 0.0142972190327
0.032934 0.00559774257783
0.032697 0.0212871322063
0.033041 0.0137154717149
0.033002 0.0193025835108
0.032788 0.0171158946698
0.033 0.0107512873626
0.033115 0.0120374919307
0.033055 0.00519010084531
0.032758 0.00923950385556
0.033012 0.0103714981251
0.033054 0.01259094708
0.033055 0.0175096345293
0.032928 0.00829980447428
0.033119 0.0133736519177
0.033093 0.0165025903446
0.032981 0.0139749630331
0.033055 0.00753719037859
0.032735 0.0167379953287
0.03322 0.00400245528862
0.033059 0.0186553638525
0.033044 0.0131822274723
0.033155 0.0169633237383
0.03297 0.0086112322334
0.03299 0.0135055561826
0.033065 0.00715970040148
0.032943 0.010960051486
0.329678 0.00301458868443
0.329634 0.00854580600106
0.329711 0.00573302586598
0.328566 0.00554860930406
0.328301 0.00220348413365
0.329157 0.0066809945793
0.329115 0.00213395964581
0.329068 0.00611955560409
0.329328 0.00750552208222
0.329483 0.00177027126978
0.329551 0.00450493578256
0.329047 0.00281316335662
0.329184 0.00415870331657
0.329038 0.00237547502553
0.328617 0.00293743643715
0.328521 0.00411079317603
0.3293 0.00519039011717
0.328758 0.00506786475136
0.328949 0.00321073472603
0.327961 0.00607000619545
0.328887 0.000869291704861
0.328348 0.0039989410132
0.328815 0.00287278922467
0.328701 0.0053093881366
0.329087 0.00184214861917
0.329146 0.00350515524233
0.328917 0.00287916092632
0.328706 0.00267663447036
0.328944 0.00474040151749
0.329454 0.00581379791682
0.328535 0.00349078524847
0.328349 0.00483032597957
0.329058 0.00240665897644
0.32869 0.00519417259437
0.329781 0.00522639525864
0.328621 0.00337453637854
0.329122 0.00419489829637
0.329171 0.00298493782211
0.32872 0.00276662240461
0.328454 0.00635206409496
0.328735 0.00467112698864
0.328695 0.00419445196263
0.329031 0.00493054517779
0.328624 0.00244307324171
0.329331 0.00391119757569
0.328473 0.0048347053477
0.328318 0.00602260879638
0.328779 0.00237412052502
0.329145 0.00265215274997
0.329501 0.00815861306984
0.329656 0.00252103913432
0.328212 0.00389471870921
0.32954 0.00300711564987
0.328796 0.00340092404456
0.328709 0.00192083853164
0.328782 0.00703378365435
0.32851 0.00572745404003
0.328627 0.00145317946209
0.329105 0.0042666274355
0.328634 0.00236814998545
0.328692 0.00225480708945
0.32937 0.00219191072347
0.328642 0.00299780332834
0.328788 0.0047612968854
0.329234 0.00534344054219
0.32897 0.00504971695131
0.328462 0.0073436865977
0.328675 0.00602154734177
0.328385 0.00588089564951
0.32912 0.00175850844307
0.328256 0.0075451213205
0.328142 0.00290833052993
0.328805 0.00474123699184
0.328913 0.00459031966776
0.329042 0.00536316579236
0.328696 0.00337790517381
0.329643 0.00572980584671
0.328851 0.00996387222598
0.328677 0.0025578003664
0.32923 0.00291779805179
0.329135 0.00266189113221
0.32856 0.00120170240678
0.328538 0.00531152560095
0.328537 0.00629609752648
0.329032 0.00272914930262
0.328788 0.00437805028482
0.329377 0.00573629999987
0.329239 0.00953544411794
0.32914 0.00410054214261
0.328755 0.0018946928006
0.32881 0.00225321102989
0.329123 0.00208668313113
0.329066 0.00447412162354
0.328893 0.00625613002744
0.328918 0.00303897997202
0.328907 0.00236564096574
0.328956 0.0073215766277
0.329711 0.00542218491752
0.328525 0.00340440008424
0.328755 0.00442114029913
3.29063 0.00264875869573
3.28896 0.00106878282497
3.29064 0.00175947378256
3.29188 0.00279363593248
3.28935 0.00104331410868
3.291 0.000832856441878
3.29129 0.00267897143112
3.28944 0.00172677497978
3.28906 0.00224539547516
3.29187 0.00147804180061
3.29463 0.00180771262197
3.29357 0.00140426254299
3.2918 0.00101387808652
3.29369 0.0022966323904
3.29512 0.00169940005711
3.28986 0.00222836433778
3.28842 0.000910762217418
3.28912 0.00117281315025
3.28813 0.00160376094157
3.28765 0.00232046115076
3.28776 0.00353830985767
3.28669 0.00119023353503
3.28803 0.00105123711761
3.28616 0.000921320223986
3.28846 0.00106356672844
3.28832 0.00280450773562
3.29047 0.00147554597093
3.29007 0.000471104906318
3.29392 0.000663445009222
3.29125 0.000875073469891
3.2935 0.00155448803083
3.29208 0.000680320086397
3.29238 0.00212605164283
3.29282 0.000763555074674
3.29385 0.00119808130324
3.29483 0.0008814180157
3.29193 0.00158592465484
3.29098 0.000576899521907
3.29535 0.00147221566202
3.29355 0.00312464425992
3.29315 0.00101556918495
3.29308 0.00220641472139
3.29352 0.00261305940902
3.29306 0.00353620484925
3.29352 0.00216552093035
3.29305 0.000967554163769
3.29128 0.000676678282894
3.29267 0.00213040079043
3.29121 0.00108659171204
3.29332 0.00194926734058
3.29491 0.000875819733365
3.2924 0.00198409200225
3.29085 0.00265310045964
3.28996 0.00156959908794
3.29171 0.00148983803134
3.29452 0.00225086493395
3.29056 0.000878743423388
3.28946 0.00240269424508
3.28938 0.00210994111294
3.29437 0.0008102226229
3.29192 0.00391907381716
3.29437 0.00183001643819
3.29359 0.00142618192837
3.2902 0.00222160648758
3.29098 0.00263782728352
3.29119 0.00030946461823
3.29392 0.000458914280267
3.29381 0.00162686936219
3.29228 0.000757086164013
3.29161 0.00131102868636
3.29189 0.00168799726438
3.29637 0.0030307128354
3.29175 0.00070673014598
3.29315 0.00163469031453
3.29193 0.0019599649767
3.29427 0.00187108665008
3.29343 0.000256851797568
3.2896 0.00133480210422
3.2897 0.000729591519906
3.29092 0.000882438566543
3.29251 0.00126223197981
3.29155 0.00125526839978
3.29188 0.0028331775729
3.2919 0.000911097860964
3.29126 0.00241770152104
3.29279 0.00122052571782
3.29173 0.000923525448605
3.29325 0.000656816983835
3.29186 0.000349976298832
3.29356 0.000243296043581
3.29155 0.00128379165519
3.293 0.0016708973846
3.29453 0.00176765983606
3.29177 0.00155798926509
3.29118 0.00196786531903
3.29164 0.00131537972615
3.29342 0.00167484828489
3.29162 0.0012776759366
3.29073 0.000735617657834
3.29013 0.00362151983815
32.9196 0.0006247937966
32.9268 0.000452051700328
32.9328 0.000452567733412
32.9036 0.000509183166287
32.9199 0.000203734954368
32.9246 0.000319919848156
32.9186 0.000493362021341
32.9138 0.000439992755745
32.9227 0.000640928401444
32.9256 0.000473165419841
32.9203 0.000633186486126
33.0387 0.00024910591986
32.9248 0.000786007888626
32.921 0.000313416294914
32.9195 0.000677077683571
32.9219 0.000454854758523
32.9166 0.000498612948689
32.9107 0.000528294132229
32.9106 0.000290666505702
32.9036 0.000191014595218
32.9206 0.000723383272241
32.924 0.000307485899468
32.9146 0.000668917592986
32.9353 0.00025523769325
32.919 0.000279082385911
32.9154 0.000173386307348
32.9176 0.000684632285176
32.9221 0.000361046829667
32.9294 0.000434600756884
32.9165 0.000245838651898
32.9098 0.000383728998784
32.9197 0.000353058572736
32.9265 0.0002492881478
32.9881 0.000289967876288
32.9144 0.000646458477668
32.9218 0.000444400132897
32.9264 0.000382829012106
32.9145 0.000448495961402
32.9278 0.000743525455495
32.9641 0.000609943515111
32.929 0.000374259737081
32.9185 0.000205819224833
32.9151 0.000439635697934
32.9115 0.000168206406532
32.9217 0.000439807181567
32.92 0.000189345121323
32.9216 0.00066219943177
32.9136 0.000398606792803
32.9254 0.000333984022519
32.9183 0.000238774553912
32.9305 0.00021670941985
32.9332 0.000212762887857
32.9291 0.000236096841088
32.899 0.000740328954908
32.8667 0.000236583713733
32.8569 0.000355974528073
32.862 0.000857091716276
32.8653 0.000738136388399
32.865 0.000262885066363
32.871 0.000189042311527
32.8968 0.000351568301817
32.9163 0.000708888006441
32.9141 0.000228096784936
32.9158 0.000395246787538
32.9036 0.000389950661066
32.8942 0.000490103158482
32.9469 0.000293137162854
32.9229 0.000452103390822
32.9205 0.000288585639062
32.9049 0.000432629565385
32.9209 0.000496096791915
32.9231 0.000235772253677
32.9279 0.000509370927019
32.9198 0.0010116077281
32.9221 0.00014952675969
32.9228 0.000167279079235
32.9174 8.90559551346e-05
32.9236 0.000264980601216
32.9492 0.00044705266734
32.923 0.000521055152418
32.9195 0.000892103079313
32.9205 0.000351872922588
32.8933 0.000388106936176
32.9228 0.000382631775486
32.9124 0.000536769982347
32.9297 0.000282924837799
32.9121 0.000747271379128
32.9222 0.000246079538852
32.9026 0.000335311691421
32.909 0.000527488406104
32.9184 0.000160016867592
32.9225 0.000395082816172
32.9111 0.000560015437293
32.9682 0.00013259558731
32.9301 0.000487553392783
32.9315 0.000143764287114
32.9161 0.000342848874069
32.9253 0.000485499492199
32.9157 0.000645456833655
32.9143 0.000311248731796
