0.408976 0.568769910337
0.440323 0.470632159838
0.429492 0.588771359107
0.401866 0.426156595523
0.437039 0.495589975224
0.444844 0.3667617343
0.444736 0.479991243076
0.388505 0.419821114033
0.395195 0.442376933083
0.449084 0.513399433484
0.784564 0.402284989406
0.85913 0.347315383837
0.871232 0.392781897839
0.896184 0.40791525944
0.784499 0.36704333902
0.856965 0.351710169139
0.79819 0.3240846914
0.934069 0.44670874228
0.799726 0.345886005594
0.764157 0.350628283908
1.65534 0.252362787103
1.6654 0.282336115315
1.77841 0.264093296331
1.63963 0.240958158582
1.5758 0.222597200983
1.54504 0.246415230228
1.67754 0.273266526541
1.55095 0.239114349579
1.66078 0.230785105427
1.71089 0.276510633895
3.07189 0.188915040273
3.33997 0.168234654695
3.272 0.156600620923
3.21966 0.171878765674
3.19087 0.169751635248
3.0601 0.18035767262
3.19065 0.1486651396
3.225 0.169456049082
3.18196 0.17684043853
3.22628 0.187237802602
6.31738 0.10960977405
6.49221 0.152890233665
6.35054 0.162792568718
6.57038 0.143889715716
6.42031 0.144820731917
6.27753 0.137100445318
6.26412 0.124337704283
6.36316 0.113975866711
6.84314 0.141974163377
6.48465 0.147886795521
12.7606 0.0838812184137
12.605 0.0813722936042
13.0338 0.1021445494
12.6929 0.0823206916833
12.8733 0.102768986011
12.5695 0.080798666577
12.7852 0.0762377822084
12.6103 0.0937716784705
12.7621 0.0751172713276
12.8792 0.0924309553427
25.6032 0.060624764842
25.4774 0.0622901121646
25.3093 0.0637590154349
25.4041 0.0598690326945
25.6142 0.0649898115989
25.3785 0.0676821888023
25.6182 0.064889573507
25.3193 0.0616259260465
25.4984 0.0610217160313
25.6516 0.0502868392546
50.9952 0.0490494798567
51.6408 0.0478988404865
50.9084 0.0513723758189
51.4163 0.0501418388612
50.5507 0.0485752339248
51.0676 0.0368825913039
50.5812 0.0467723239543
50.4222 0.0476284654658
50.5077 0.0476073766028
50.3538 0.0453965128626
