1 216.064
2 158.691
3 172.119
4 169.678
5 172.119
6 169.678
7 167.236
8 163.574
9 161.133
10 158.691
20 144.043
30 137.939
40 134.277
50 140.381
60 137.939
70 136.719
80 135.498
90 135.498
100 134.277
200 130.615
300 128.174
400 128.174
500 128.174
600 115.967
700 115.967
800 115.967
900 115.356
1000 115.356
2000 114.136
3000 113.525
4000 113.525
5000 113.525
6000 112.915
7000 123.291
8000 123.291
9000 123.291
10000 123.291
20000 123.291
30000 123.291
40000 123.291
50000 122.07
60000 122.07
70000 122.07
80000 122.07
90000 122.07
100000 123.291
200000 123.291
300000 122.07
400000 123.291
500000 122.07
600000 122.07
700000 122.07
800000 122.07
900000 122.07
1e+06 122.07
