0 50.6592
0.01 129.395
0.02 129.395
0.03 130.615
0.04 131.836
0.05 131.836
0.06 133.057
0.07 133.057
0.08 134.277
0.09 135.498
0.1 134.277
0.2 140.381
0.3 146.484
0.4 151.367
0.5 157.471
0.6 161.133
0.7 166.016
0.8 169.678
0.9 173.34
1 177.002
2 211.182
3 240.479
4 270.996
5 300.293
6 329.59
7 356.445
8 385.742
9 417.48
10 446.777
20 1416.02
30 1425.78
40 1445.31
50 1455.08
60 1455.08
70 1474.61
80 1474.61
90 1484.38
100 1484.38
200 1513.67
300 1523.44
400 1523.44
500 1533.2
600 1533.2
700 1533.2
800 1542.97
900 1533.2
1000 1533.2
2000 1542.97
3000 1552.73
4000 1542.97
5000 1552.73
6000 1542.97
7000 1552.73
8000 1542.97
9000 1552.73
10000 1552.73
20000 1562.5
30000 1562.5
40000 1562.5
50000 1552.73
60000 1552.73
70000 1552.73
80000 1552.73
90000 1562.5
100000 1562.5
200000 1552.73
300000 1562.5
400000 1562.5
500000 1562.5
600000 1552.73
700000 1562.5
800000 1552.73
900000 1562.5
1e+06 1562.5
