0 51.2695
0.01 52.1851
0.02 52.7954
0.03 53.4058
0.04 54.6265
0.05 55.542
0.06 55.8472
0.07 56.7627
0.08 57.373
0.09 57.9834
0.1 58.8989
0.2 66.5283
0.3 73.8525
0.4 80.5664
0.5 86.6699
0.6 92.1631
0.7 97.6562
0.8 102.539
0.9 106.812
1 111.084
2 152.588
3 181.885
4 180.664
5 184.326
6 180.664
7 177.002
8 174.561
9 173.34
10 169.678
20 155.029
30 147.705
40 144.043
50 142.822
60 140.381
70 139.16
80 137.939
90 136.719
100 135.498
200 131.836
300 129.395
400 128.174
500 128.174
600 126.953
700 126.953
800 125.732
900 125.732
1000 87.2803
2000 87.2803
3000 87.2803
4000 87.2803
5000 87.2803
6000 87.2803
7000 87.2803
8000 87.2803
9000 87.2803
10000 87.2803
20000 87.2803
30000 87.2803
40000 87.2803
50000 87.2803
60000 87.2803
70000 87.2803
80000 87.2803
90000 87.2803
100000 87.2803
200000 87.2803
300000 87.2803
400000 87.2803
500000 87.8906
600000 87.2803
700000 87.2803
800000 87.2803
900000 87.2803
1e+06 87.2803
