0 50.354
0.01 51.2695
0.02 51.8799
0.03 53.1006
0.04 53.4058
0.05 54.3213
0.06 55.2368
0.07 55.8472
0.08 56.7627
0.09 57.373
0.1 58.2886
0.2 66.5283
0.3 73.2422
0.4 76.2939
0.5 78.7354
0.6 81.1768
0.7 83.0078
0.8 84.2285
0.9 85.4492
1 87.8906
2 95.2148
3 101.318
4 106.812
5 111.694
6 117.187
7 123.291
8 128.174
9 134.277
10 139.16
20 156.25
30 148.926
40 145.264
50 142.822
60 141.602
70 139.16
80 137.939
90 137.939
100 136.719
200 131.836
300 129.395
400 129.395
500 128.174
600 128.174
700 126.953
800 126.953
900 126.953
1000 85.4492
2000 85.4492
3000 85.4492
4000 85.4492
5000 85.4492
6000 84.8389
7000 84.8389
8000 84.8389
9000 84.8389
10000 85.4492
20000 85.4492
30000 85.4492
40000 85.4492
50000 85.4492
60000 84.8389
70000 84.8389
80000 84.8389
90000 85.4492
100000 85.4492
200000 85.4492
300000 85.4492
400000 85.4492
500000 84.8389
600000 84.8389
700000 84.8389
800000 84.8389
900000 85.4492
1e+06 85.4492
