0 51.2695
0.01 51.8799
0.02 52.7954
0.03 53.4058
0.04 54.6265
0.05 55.2368
0.06 56.1523
0.07 56.7627
0.08 57.6782
0.09 58.2886
0.1 59.2041
0.2 67.1387
0.3 74.4629
0.4 76.2939
0.5 78.7354
0.6 80.5664
0.7 81.7871
0.8 83.0078
0.9 84.8389
1 85.4492
2 93.9941
3 100.708
4 105.591
5 111.084
6 116.577
7 122.07
8 126.953
9 133.057
10 137.939
20 155.029
30 147.705
40 142.822
50 141.602
60 139.16
70 137.939
80 135.498
90 135.498
100 135.498
200 130.615
300 128.174
400 128.174
500 125.732
600 125.732
700 126.953
800 125.732
900 124.512
1000 124.512
2000 123.291
3000 123.291
4000 123.291
5000 123.291
6000 123.291
7000 123.291
8000 123.291
9000 122.07
10000 123.291
20000 122.07
30000 122.07
40000 122.07
50000 122.07
60000 122.07
70000 122.07
80000 122.07
90000 122.07
100000 122.07
200000 123.291
300000 122.07
400000 122.07
500000 122.07
600000 122.07
700000 121.46
800000 121.46
900000 121.46
1e+06 122.07
