0 64.0869
0.01 64.6973
0.02 65.3076
0.03 65.3076
0.04 65.918
0.05 65.918
0.06 66.5283
0.07 66.5283
0.08 67.1387
0.09 67.749
0.1 67.749
0.2 72.0215
0.3 75.0732
0.4 76.9043
0.5 79.3457
0.6 80.5664
0.7 81.7871
0.8 83.6182
0.9 84.8389
1 85.4492
2 93.3838
3 99.4873
4 104.98
5 110.474
6 114.746
7 119.629
8 124.512
9 128.174
10 133.057
20 159.912
30 153.809
40 148.926
50 146.484
60 145.264
70 144.043
80 142.822
90 141.602
100 140.381
200 136.719
300 135.498
400 133.057
500 133.057
600 133.057
700 133.057
800 131.836
900 131.836
1000 82.3975
2000 82.3975
3000 82.3975
4000 82.3975
5000 82.3975
6000 82.3975
7000 82.3975
8000 82.3975
9000 82.3975
10000 82.3975
20000 82.3975
30000 82.3975
40000 81.7871
50000 82.3975
60000 82.3975
70000 82.3975
80000 82.3975
90000 82.3975
100000 82.3975
200000 82.3975
300000 81.7871
400000 82.3975
500000 82.3975
600000 82.3975
700000 82.3975
800000 82.3975
900000 82.3975
1e+06 82.3975
