0 42.7246
0.01 43.6401
0.02 44.5557
0.03 45.4712
0.04 46.0815
0.05 46.9971
0.06 47.9126
0.07 48.5229
0.08 49.4385
0.09 50.354
0.1 51.5747
0.2 60.4248
0.3 69.5801
0.4 78.7354
0.5 86.0596
0.6 92.1631
0.7 98.2666
0.8 103.76
0.9 109.253
1 113.525
2 125.732
3 134.277
4 139.16
5 144.043
6 150.146
7 156.25
8 162.354
9 167.236
10 173.34
20 155.029
30 147.705
40 145.264
50 140.381
60 139.16
70 137.939
80 136.719
90 134.277
100 134.277
200 130.615
300 128.174
400 126.953
500 126.953
600 125.732
700 126.953
800 125.732
900 124.512
1000 90.332
2000 90.332
3000 90.332
4000 90.332
5000 90.332
6000 90.332
7000 90.9424
8000 90.9424
9000 90.9424
10000 90.9424
20000 90.9424
30000 90.9424
40000 90.9424
50000 90.9424
60000 90.9424
70000 91.5527
80000 90.9424
90000 90.9424
100000 90.332
200000 90.332
300000 90.332
400000 90.332
500000 90.332
600000 90.332
700000 90.9424
800000 90.332
900000 90.332
1e+06 90.332
