0 45.166
0.01 120.239
0.02 120.85
0.03 120.85
0.04 121.46
0.05 122.681
0.06 122.07
0.07 122.07
0.08 122.07
0.09 123.291
0.1 123.291
0.2 126.953
0.3 130.615
0.4 134.277
0.5 136.719
0.6 137.939
0.7 140.381
0.8 141.602
0.9 144.043
1 144.043
2 158.691
3 174.561
4 186.768
5 208.74
6 476.074
7 471.191
8 468.75
9 468.75
10 468.75
20 473.633
30 625
40 727.539
50 742.188
60 742.188
70 747.07
80 742.188
90 742.188
100 747.07
200 742.188
300 751.953
400 751.953
500 766.602
600 771.484
700 771.484
800 756.836
900 771.484
1000 756.836
2000 771.484
3000 795.898
4000 771.484
5000 795.898
6000 795.898
7000 791.016
8000 776.367
9000 791.016
10000 795.898
20000 795.898
30000 791.016
40000 795.898
50000 791.016
60000 795.898
70000 791.016
80000 795.898
90000 791.016
100000 795.898
200000 795.898
300000 791.016
400000 795.898
500000 791.016
600000 795.898
700000 791.016
800000 791.016
900000 805.664
1e+06 800.781
