0 48.5229
0.01 123.291
0.02 124.512
0.03 124.512
0.04 125.732
0.05 124.512
0.06 125.732
0.07 125.732
0.08 128.174
0.09 129.395
0.1 128.174
0.2 133.057
0.3 139.16
0.4 142.822
0.5 146.484
0.6 148.926
0.7 152.588
0.8 155.029
0.9 156.25
1 157.471
2 170.898
3 186.768
4 205.078
5 225.83
6 241.699
7 258.789
8 275.879
9 295.41
10 937.5
20 922.852
30 1171.88
40 1269.53
50 1347.66
60 1337.89
70 1347.66
80 1347.66
90 1337.89
100 1337.89
200 1337.89
300 1376.95
400 1367.19
500 1386.72
600 1357.42
700 1406.25
800 1386.72
900 1396.48
1000 1376.95
2000 1396.48
3000 1425.78
4000 1396.48
5000 1425.78
6000 1425.78
7000 1416.02
8000 1396.48
9000 1425.78
10000 1425.78
20000 1416.02
30000 1425.78
40000 1425.78
50000 1416.02
60000 1425.78
70000 1416.02
80000 1425.78
90000 1425.78
100000 1416.02
200000 1425.78
300000 1425.78
400000 1416.02
500000 1425.78
600000 1425.78
700000 1416.02
800000 1425.78
900000 1416.02
1e+06 1435.55
