0 49.7437
0.01 125.732
0.02 125.732
0.03 126.953
0.04 126.953
0.05 126.953
0.06 128.174
0.07 128.174
0.08 129.395
0.09 129.395
0.1 129.395
0.2 134.277
0.3 137.939
0.4 142.822
0.5 146.484
0.6 148.926
0.7 151.367
0.8 155.029
0.9 156.25
1 159.912
2 178.223
3 195.312
4 211.182
5 228.271
6 244.141
7 263.672
8 285.645
9 305.176
10 159.912
20 147.705
30 139.16
40 135.498
50 131.836
60 130.615
70 129.395
80 128.174
90 126.953
100 126.953
200 122.07
300 120.239
400 119.019
500 118.408
600 117.798
700 117.187
800 117.187
900 117.187
1000 116.577
2000 115.967
3000 115.356
4000 114.746
5000 114.746
6000 114.746
7000 114.136
8000 114.746
9000 114.136
10000 114.136
20000 114.136
30000 113.525
40000 113.525
50000 112.915
60000 113.525
70000 112.915
80000 112.915
90000 113.525
100000 113.525
200000 112.915
300000 113.525
400000 113.525
500000 112.915
600000 112.915
700000 112.915
800000 112.915
900000 112.915
1e+06 112.915
