100 42.4194
200 42.1143
300 42.1143
400 42.4194
500 42.4194
600 42.1143
700 42.1143
800 42.4194
900 42.4194
1000 42.1143
2000 42.1143
3000 42.4194
4000 42.4194
5000 42.4194
6000 42.1143
7000 42.4194
8000 42.4194
9000 42.4194
10000 42.1143
20000 42.7246
30000 42.4194
40000 42.4194
50000 42.1143
60000 42.1143
70000 42.4194
80000 42.4194
90000 42.1143
100000 42.1143
200000 42.4194
300000 42.4194
400000 42.1143
500000 42.1143
600000 42.4194
700000 42.4194
800000 42.4194
900000 42.1143
1e+06 42.4194
