0 72.6318
0.01 124.512
0.02 124.512
0.03 125.732
0.04 125.732
0.05 125.732
0.06 126.953
0.07 126.953
0.08 126.953
0.09 129.395
0.1 128.174
0.2 134.277
0.3 137.939
0.4 141.602
0.5 145.264
0.6 148.926
0.7 152.588
0.8 156.25
0.9 158.691
1 159.912
2 181.885
3 201.416
4 222.168
5 244.141
6 266.113
7 288.086
8 312.5
9 332.031
10 159.912
20 145.264
30 137.939
40 134.277
50 131.836
60 129.395
70 129.395
80 126.953
90 125.732
100 125.732
200 122.07
300 119.629
400 118.408
500 117.798
600 117.798
700 117.187
800 117.187
900 116.577
1000 116.577
2000 115.967
3000 114.746
4000 114.746
5000 114.746
6000 114.746
7000 114.136
8000 114.136
9000 114.136
10000 114.136
20000 113.525
30000 113.525
40000 113.525
50000 113.525
60000 113.525
70000 113.525
80000 112.915
90000 112.915
100000 113.525
200000 112.915
300000 113.525
400000 113.525
500000 112.915
600000 113.525
700000 112.915
800000 113.525
900000 112.915
1e+06 112.915
