1 1181.64
2 1210.94
3 1259.77
4 1289.06
5 1318.36
6 1328.12
7 1337.89
8 1347.66
9 1357.42
10 1357.42
20 1416.02
30 1416.02
40 1435.55
50 1455.08
60 1445.31
70 1464.84
80 1464.84
90 1474.61
100 1474.61
200 1513.67
300 1513.67
400 1513.67
500 1523.44
600 1533.2
700 1533.2
800 1523.44
900 1533.2
1000 1523.44
2000 1533.2
3000 1542.97
4000 1533.2
5000 1552.73
6000 1542.97
7000 1542.97
8000 1542.97
9000 1542.97
10000 1542.97
20000 1552.73
30000 1552.73
40000 1542.97
50000 1542.97
60000 1552.73
70000 1542.97
80000 1552.73
90000 1552.73
100000 1542.97
200000 1552.73
300000 1542.97
400000 1552.73
500000 1542.97
600000 1552.73
700000 1542.97
800000 1552.73
900000 1552.73
1e+06 1552.73
