0 9.99451
0.01 139.16
0.02 139.16
0.03 140.381
0.04 140.381
0.05 140.381
0.06 141.602
0.07 141.602
0.08 142.822
0.09 142.822
0.1 142.822
0.2 147.705
0.3 151.367
0.4 155.029
0.5 158.691
0.6 161.133
0.7 163.574
0.8 167.236
0.9 169.678
1 172.119
2 189.209
3 203.857
4 217.285
5 231.934
6 246.582
7 261.23
8 275.879
9 292.969
10 208.74
20 194.092
30 186.768
40 183.105
50 179.443
60 179.443
70 177.002
80 175.781
90 174.561
100 173.34
200 169.678
300 168.457
400 167.236
500 166.016
600 164.795
700 164.795
800 164.795
900 164.795
1000 144.043
2000 136.719
3000 136.719
4000 136.719
5000 136.719
6000 136.719
7000 136.719
8000 136.719
9000 136.719
10000 136.719
20000 136.719
30000 136.719
40000 136.719
50000 136.719
60000 136.719
70000 136.719
80000 136.719
90000 136.719
100000 136.719
200000 136.719
300000 136.719
400000 136.719
500000 136.719
600000 136.719
700000 136.719
800000 136.719
900000 136.719
1e+06 75.6836
2e+06 13.6566
3e+06 13.6566
4e+06 13.6566
5e+06 13.5803
6e+06 13.5803
7e+06 13.6566
8e+06 13.6566
9e+06 13.6566
1e+07 13.5803
