0 0 0 0 0 0 
9.51626 3.084843594 0 0 0 0 
18.12692 4.257572078 0 0 0 0 
25.91818 5.090990081 0 0 0 0 
32.968 5.741776729 0 0 0 0 
39.34693 6.272713129 0 0 0 0 
45.11884 6.717055903 0 0 0 0 
50.34147 7.095172302 0 0 0 0 
55.0671 7.420720989 0 0 0 0 
59.34303 7.703442737 0 0 0 0 
63.21206 7.950601235 0 0 0 0 
66.71289 8.167795908 0 0 0 0 
69.88058 8.359460509 0 0 0 0 
72.74682 8.529174638 0 0 0 0 
75.3403 8.679879031 0 0 0 0 
77.68698 8.814021783 0 0 0 0 
79.81035 8.933663862 0 0 0 0 
81.73165 9.040555846 0 0 0 0 
83.47011 9.136197787 0 0 0 0 
85.04314 9.221883756 0 0 0 0 
86.46647 9.29873486 0 0 0 0 
87.75436 9.367729714 0 0 0 0 
88.91968 9.42972322 0 0 0 0 
89.97412 9.485468887 0 0 0 0 
90.9282 9.535627929 0 0 0 0 
91.7915 9.580788068 0 0 0 0 
92.57264 9.621467664 0 0 0 0 
93.27945 9.658128701 0 0 0 0 
93.919 9.691181559 0 0 0 0 
94.49768 9.720991719 0 0 0 0 
95.0213 9.747886951 0 0 0 0 
95.49508 9.772158411 0 0 0 0 
95.92378 9.794068613 0 0 0 0 
96.31168 9.813851436 0 0 0 0 
96.66267 9.831717551 0 0 0 0 
96.98026 9.847855604 0 0 0 0 
97.26763 9.862435298 0 0 0 0 
97.52765 9.875608842 0 0 0 0 
97.76292 9.887513338 0 0 0 0 
97.9758 9.898272577 0 0 0 0 
98.16844 9.907998789 0 0 0 0 
98.34273 9.916790307 0 0 0 0 
98.50044 9.924738787 0 0 0 0 
98.64314 9.931925292 0 0 0 0 
98.77227 9.938423919 0 0 0 0 
98.8891 9.944299875 0 0 0 0 
98.99482 9.949614063 0 0 0 0 
99.09047 9.954419621 0 0 0 0 
99.17703 9.95876649 0 0 0 0 
99.25534 9.962697426 0 0 0 0 
99.3262 9.966253057 0 0 0 0 
