100 0 
99.50125 3.228244105 
99.00498 4.548344754 
98.5112 5.549725218 
98.01987 6.384308107 
97.531 7.111189774 
97.04455 7.760805371 
96.56054 8.351308281 
96.07894 8.894576999 
95.59975 9.398894616 
95.12294 9.87031965 
94.64851 10.31344268 
94.17645 10.73184979 
93.70675 11.1284006 
93.23938 11.50542046 
92.77435 11.86484724 
92.31163 12.20829226 
91.85123 12.53713285 
91.39312 12.85254839 
90.9373 13.15556916 
90.48374 13.44708147 
90.03245 13.72787675 
89.58341 13.99864993 
89.13661 14.26002454 
88.69204 14.51256008 
88.24969 14.75675777 
87.80954 14.9930684 
87.37159 15.22190855 
86.93582 15.44365242 
86.50223 15.65864937 
86.0708 15.86721463 
85.64152 16.06963907 
85.21438 16.26619193 
84.78937 16.45712308 
84.36648 16.64266806 
83.9457 16.82304372 
83.52702 16.99844699 
83.11043 17.16906812 
82.69591 17.33508581 
82.28347 17.4966654 
81.87308 17.65396556 
81.46473 17.80712779 
81.05842 17.95629695 
80.65414 18.10159938 
80.25188 18.2431631 
79.85162 18.38110171 
79.45336 18.51553132 
79.05708 18.64655464 
78.66279 18.77427495 
78.27045 18.89878568 
77.88008 19.02018139 
