0 0 
0.9516258 0.975513096 
1.812692 1.346362507 
2.591818 1.60991242 
3.2968 1.815709228 
3.934693 1.98360606 
4.511884 2.124119582 
5.034147 2.243690487 
5.50671 2.346638021 
5.934303 2.436042487 
6.321206 2.514200867 
6.671289 2.582883853 
6.988058 2.643493522 
7.274682 2.697161842 
7.53403 2.744818755 
7.768698 2.787238418 
7.981035 2.825072565 
8.173165 2.858874779 
8.347011 2.889119416 
8.504314 2.916215698 
8.646647 2.940518152 
8.775436 2.96233624 
8.891968 2.981940308 
8.997412 2.999568636 
9.09282 3.015430318 
50.0 0.0 
46.1934967214 2.29280593761 
42.7492301231 3.03862268492 
39.6327288273 3.49172550791 
36.8128018414 3.7876580674 
34.2612263885 3.9833722309 
31.9524654438 4.11007966445 
29.8634121517 4.18730987086 
27.9731585647 4.22827774217 
26.2627863896 4.24238635423 
24.7151776469 4.23655679592 
23.3148433479 4.21600349025 
22.0477684765 4.18471872556 
20.9012717214 4.14579218131 
19.8638785577 4.10163082522 
18.9252064059 4.05411556169 
18.0758607198 4.00471603499 
17.3073409621 3.95457677433 
16.6119555289 3.90458312839 
15.9827447689 3.85541258183 
15.4134113295 3.80757526321 
14.8982571301 3.76144630283 
14.4321263345 3.71729193625 
14.0103537489 3.67529073159 
13.6287181316 3.6355509595 
13.283399945 3.59812487207 
