0 0 
951.6258 30.84843 
1812.692 42.57572 
2591.818 50.9099 
3296.8 57.41777 
3934.693 62.72713 
4511.884 67.17056 
5034.147 70.95172 
5506.71 74.20721 
5934.303 77.03443 
6321.206 79.50601 
6671.289 81.67796 
6988.058 83.59461 
7274.682 85.29175 
7534.03 86.79879 
7768.698 88.14022 
7981.035 89.33664 
8173.165 90.40556 
8347.011 91.36198 
8504.314 92.21884 
8646.647 92.98735 
8775.436 93.6773 
8891.968 94.29723 
8997.412 94.85469 
9092.82 95.35628 
9179.15 95.80788 
9257.264 96.21468 
9327.945 96.58129 
9391.9 96.91182 
9449.768 97.20992 
9502.13 97.47887 
9549.508 97.72158 
9592.378 97.94069 
9631.168 98.13851 
9666.267 98.31718 
9698.026 98.47856 
9726.763 98.62435 
9752.765 98.75609 
9776.292 98.87513 
9797.58 98.98273 
9816.844 99.07999 
9834.273 99.1679 
9850.044 99.24739 
9864.314 99.31925 
9877.227 99.38424 
9888.91 99.443 
9899.482 99.49614 
9909.047 99.5442 
9917.703 99.58766 
9925.534 99.62697 
9932.62 99.66253 
