0 0 
0.9516258 0.975513096 
1.812692 1.346362507 
2.591818 1.60991242 
3.2968 1.815709228 
3.934693 1.98360606 
4.511884 2.124119582 
5.034147 2.243690487 
5.50671 2.346638021 
5.934303 2.436042487 
6.321206 2.514200867 
6.671289 2.582883853 
6.988058 2.643493522 
7.274682 2.697161842 
7.53403 2.744818755 
7.768698 2.787238418 
7.981035 2.825072565 
8.173165 2.858874779 
8.347011 2.889119416 
8.504314 2.916215698 
8.646647 2.940518152 
8.775436 2.96233624 
8.891968 2.981940308 
8.997412 2.999568636 
9.09282 3.015430318 
9.17915 3.029711207 
9.257264 3.042575225 
9.327945 3.054168463 
9.3919 3.064620694 
9.449768 3.074047495 
9.50213 3.082552514 
9.549508 3.090227823 
9.592378 3.097156438 
9.631168 3.103412316 
9.666267 3.109062077 
9.698026 3.114165378 
9.726763 3.118775882 
9.752765 3.122941722 
9.776292 3.126706254 
9.79758 3.130108624 
9.816844 3.133184323 
9.834273 3.135964445 
9.850044 3.138477975 
9.864314 3.140750547 
9.877227 3.142805594 
9.88891 3.144663734 
9.899482 3.146344228 
9.909047 3.147863879 
9.917703 3.149238479 
9.925534 3.15048155 
9.93262 3.15160594 
