100 0 0 0 
91.031766 3.862504 4.484117 1.931252 
83.61694 4.815194 8.19153 2.407597 
77.396987 5.26609 11.301506 2.633045 
72.11532 5.489485 13.94234 2.744742 
67.58357 5.592782 16.208215 2.796391 
63.660652 5.628553 18.169674 2.814277 
60.241525 5.629354 19.879237 2.814677 
57.259404 5.644596 21.370298 2.822298 
54.705487 5.819744 22.647257 2.909872 
52.65165 6.461539 23.674175 3.230769 
51.241282 7.869708 24.379359 3.934854 
50.629007 10.018325 24.685496 5.009163 
50.894888 12.560974 24.552556 6.280487 
51.9837 15.061078 24.00815 7.530539 
53.701505 17.154083 23.149247 8.577042 
55.763834 18.618783 22.118083 9.309391 
57.865479 19.389595 21.067261 9.694797 
59.741684 19.529099 20.129158 9.764549 
61.204643 19.180337 19.397678 9.590169 
62.154097 18.516868 18.922952 9.258434 
62.56949 17.702558 18.715255 8.851279 
62.492938 16.866746 18.753531 8.433373 
62.010078 16.095863 18.994961 8.047932 
61.232533 15.439193 19.383733 7.719596 
60.28305 14.92299 19.858475 7.461495 
59.283033 14.564765 20.358484 7.282382 
58.342045 14.380218 20.828977 7.190109 
57.549233 14.379936 21.225384 7.189968 
56.967113 14.559591 21.516443 7.279795 
56.628328 14.8919 21.685836 7.44595 
56.535711 15.327127 21.732145 7.663564 
56.665592 15.802472 21.667204 7.901236 
56.973702 16.255258 21.513149 8.127629 
57.402696 16.634262 21.298652 8.317131 
57.890188 16.90626 21.054906 8.45313 
58.376228 17.0576 20.811886 8.5288 
58.809437 17.092033 20.595282 8.546017 
59.151292 17.026367 20.424354 8.513184 
59.378402 16.885351 20.310799 8.442675 
59.482812 16.696881 20.258594 8.348441 
59.470654 16.48822 20.264673 8.24411 
59.359498 16.283475 20.320251 8.141738 
59.174899 16.102238 20.41255 8.051119 
58.94659 15.958999 20.526705 7.9795 
58.704772 15.862951 20.647614 7.931475 
58.476869 15.817928 20.761566 7.908964 
58.285024 15.822498 20.857488 7.911249 
58.144491 15.870371 20.927754 7.935185 
58.062983 15.951297 20.968508 7.975649 
58.0409 16.052483 20.97955 8.026242 
