100 0 0 0 
99.00498 4.54834 0 0 
98.01987 6.38431 0 0 
97.04455 7.76081 0 0 
96.07894 8.89458 0 0 
95.12294 9.87032 0 0 
94.17645 10.73185 0 0 
93.23938 11.50542 0 0 
92.31163 12.20829 0 0 
91.39312 12.85255 0 0 
90.48374 13.44708 0 0 
89.58341 13.99865 0 0 
88.69204 14.51256 0 0 
87.80954 14.99307 0 0 
86.93582 15.44365 0 0 
86.0708 15.86721 0 0 
85.21438 16.26619 0 0 
84.36648 16.64267 0 0 
83.52702 16.99845 0 0 
82.69591 17.33509 0 0 
81.87308 17.65397 0 0 
81.05842 17.9563 0 0 
80.25188 18.24316 0 0 
79.45336 18.51553 0 0 
78.66279 18.77427 0 0 
77.88008 19.02018 0 0 
77.10516 19.25397 0 0 
76.33795 19.47628 0 0 
75.57837 19.68773 0 0 
74.82636 19.88886 0 0 
74.08182 20.08018 0 0 
73.3447 20.26216 0 0 
72.6149 20.43524 0 0 
71.89237 20.59981 0 0 
71.17703 20.75625 0 0 
70.46881 20.90493 0 0 
69.76763 21.04615 0 0 
69.07343 21.18025 0 0 
68.38614 21.3075 0 0 
67.70569 21.42818 0 0 
67.032 21.54255 0 0 
66.36503 21.65085 0 0 
65.70468 21.7533 0 0 
65.05091 21.85014 0 0 
64.40364 21.94157 0 0 
63.76282 22.02777 0 0 
63.12836 22.10895 0 0 
62.50023 22.18527 0 0 
61.87834 22.25691 0 0 
61.26264 22.32403 0 0 
60.65307 22.38677 0 0 
