0 0 
4.75813 2.18131 
9.06346 3.01056 
12.95909 3.59987 
16.484 4.06005 
19.67347 4.43548 
22.55942 4.74968 
25.17073 5.01704 
27.53355 5.24724 
29.67152 5.44716 
31.60603 5.62192 
33.35645 5.7755 
34.94029 5.91103 
36.37341 6.03104 
37.67015 6.1376 
38.84349 6.23245 
39.90517 6.31705 
40.86582 6.39264 
41.73506 6.46027 
42.52157 6.52086 
43.23324 6.5752 
43.87718 6.62399 
44.45984 6.66782 
44.98706 6.70724 
45.4641 6.74271 
45.89575 6.77464 
46.28632 6.80341 
46.63972 6.82933 
46.9595 6.8527 
47.24884 6.87378 
47.51065 6.8928 
47.74754 6.90996 
47.96189 6.92545 
48.15584 6.93944 
48.33134 6.95207 
48.49013 6.96349 
48.63381 6.97379 
48.76382 6.98311 
48.88146 6.99153 
48.9879 6.99914 
49.08422 7.00601 
49.17137 7.01223 
49.25022 7.01785 
49.32157 7.02293 
49.38613 7.02753 
49.44455 7.03168 
49.49741 7.03544 
49.54524 7.03884 
49.58851 7.04191 
49.62767 7.04469 
49.6631 7.04721 
