0 0 
9.51626 3.084843594 
18.12692 4.257572078 
25.91818 5.090990081 
32.968 5.741776729 
39.34693 6.272713129 
45.11884 6.717055903 
50.34147 7.095172302 
55.0671 7.420720989 
59.34303 7.703442737 
63.21206 7.950601235 
66.71289 8.167795908 
69.88058 8.359460509 
72.74682 8.529174638 
75.3403 8.679879031 
77.68698 8.814021783 
79.81035 8.933663862 
81.73165 9.040555846 
83.47011 9.136197787 
85.04314 9.221883756 
86.46647 9.29873486 
87.75436 9.367729714 
88.91968 9.42972322 
89.97412 9.485468887 
90.9282 9.535627929 
91.7915 9.580788068 
92.57264 9.621467664 
93.27945 9.658128701 
93.919 9.691181559 
94.49768 9.720991719 
95.0213 9.747886951 
95.49508 9.772158411 
95.92378 9.794068613 
96.31168 9.813851436 
96.66267 9.831717551 
96.98026 9.847855604 
97.26763 9.862435298 
97.52765 9.875608842 
97.76292 9.887513338 
97.9758 9.898272577 
98.16844 9.907998789 
98.34273 9.916790307 
98.50044 9.924738787 
98.64314 9.931925292 
98.77227 9.938423919 
98.8891 9.944299875 
98.99482 9.949614063 
99.09047 9.954419621 
99.17703 9.95876649 
99.25534 9.962697426 
99.3262 9.966253057 
