0.00000 0.00000 
24.54211 35.51939 
24.99161 35.53156 
24.99985 35.53167 
25.00000 35.53168 
25.00000 35.53168 
25.00000 35.53168 
25.00000 35.53168 
25.00000 35.53168 
25.00000 35.53168 
25.00000 35.53168 
25.00000 35.53168 
25.00000 35.53168 
25.00000 35.53168 
25.00000 35.53168 
25.00000 35.53168 
25.00000 35.53168 
25.00000 35.53168 
25.00000 35.53168 
25.00000 35.53168 
25.00000 35.53168 
25.00000 35.53168 
25.00000 35.53168 
25.00000 35.53168 
25.00000 35.53168 
25.00000 35.53168 
25.00000 35.53168 
25.00000 35.53168 
25.00000 35.53168 
25.00000 35.53168 
25.00000 35.53168 
25.00000 35.53168 
25.00000 35.53168 
25.00000 35.53168 
25.00000 35.53168 
25.00000 35.53168 
25.00000 35.53168 
25.00000 35.53168 
25.00000 35.53168 
25.00000 35.53168 
25.00000 35.53168 
25.00000 35.53168 
25.00000 35.53168 
25.00000 35.53168 
25.00000 35.53168 
25.00000 35.53168 
25.00000 35.53168 
25.00000 35.53168 
25.00000 35.53168 
25.00000 35.53168 
25.00000 35.53168 
