100.00000 0.00000 200.00000 0.00000 
99.00498 4.54834 198.00996 9.09668 
98.01987 6.38431 196.03974 12.76862 
97.04455 7.76081 194.08910 15.52162 
96.07894 8.89458 192.15788 17.78916 
95.12294 9.87032 190.24588 19.74064 
94.17645 10.73185 188.35290 21.46370 
93.23938 11.50542 186.47876 23.01084 
92.31163 12.20829 184.62326 24.41658 
91.39312 12.85255 182.78624 25.70510 
90.48374 13.44708 180.96748 26.89416 
89.58341 13.99865 179.16682 27.99730 
88.69204 14.51256 177.38408 29.02512 
87.80954 14.99307 175.61908 29.98614 
86.93582 15.44365 173.87164 30.88730 
86.07080 15.86721 172.14160 31.73442 
85.21438 16.26619 170.42876 32.53238 
84.36648 16.64267 168.73296 33.28534 
83.52702 16.99845 167.05404 33.99690 
82.69591 17.33509 165.39182 34.67018 
81.87308 17.65397 163.74616 35.30794 
81.05842 17.95630 162.11684 35.91260 
80.25188 18.24316 160.50376 36.48632 
79.45336 18.51553 158.90672 37.03106 
78.66279 18.77427 157.32558 37.54854 
77.88008 19.02018 155.76016 38.04036 
77.10516 19.25397 154.21032 38.50794 
76.33795 19.47628 152.67590 38.95256 
75.57837 19.68773 151.15674 39.37546 
74.82636 19.88886 149.65272 39.77772 
74.08182 20.08018 148.16364 40.16036 
73.34470 20.26216 146.68940 40.52432 
72.61490 20.43524 145.22980 40.87048 
71.89237 20.59981 143.78474 41.19962 
71.17703 20.75625 142.35406 41.51250 
70.46881 20.90493 140.93762 41.80986 
69.76763 21.04615 139.53526 42.09230 
69.07343 21.18025 138.14686 42.36050 
68.38614 21.30750 136.77228 42.61500 
67.70569 21.42818 135.41138 42.85636 
67.03200 21.54255 134.06400 43.08510 
66.36503 21.65085 132.73006 43.30170 
65.70468 21.75330 131.40936 43.50660 
65.05091 21.85014 130.10182 43.70028 
64.40364 21.94157 128.80728 43.88314 
63.76282 22.02777 127.52564 44.05554 
63.12836 22.10895 126.25672 44.21790 
62.50023 22.18527 125.00046 44.37054 
61.87834 22.25691 123.75668 44.51382 
61.26264 22.32403 122.52528 44.64806 
60.65307 22.38677 121.30614 44.77354 
