 0.000000 0.000000 
 4.531731 4.584292 
 8.241999 5.981267 
11.279709 6.798529 
13.766776 7.326114 
15.803014 7.683505 
17.470145 7.933111 
18.835076 8.111385 
19.952587 8.241024 
20.867528 8.336746 
21.616618 8.408379 
22.229921 8.462627 
22.732051 8.504150 
23.143161 8.536236 
23.479748 8.561241 
23.755323 8.580873 
23.980945 8.596387 
24.165668 8.608715 
24.316907 8.618560 
24.440731 8.626454 
24.542109 8.632806 
24.625111 8.637932 
24.693067 8.642079 
24.748704 8.645441 
24.794256 8.648171 
24.831551 8.650392 
24.862086 8.652200 
24.887085 8.653674 
24.907553 8.654875 
24.924311 8.655857 
24.938031 8.656658 
24.949264 8.657312 
24.958461 8.657847 
24.965991 8.658285 
24.972156 8.658643 
24.977203 8.658935 
24.981335 8.659175 
24.984719 8.659371 
24.987489 8.659531 
24.989757 8.659662 
24.991613 8.659770 
24.993134 8.659857 
24.994378 8.659929 
24.995397 8.659988 
24.996232 8.660036 
24.996915 8.660076 
24.997474 8.660108 
24.997932 8.660135 
24.998307 8.660156 
24.998614 8.660174 
24.998865 8.660189 
