1000 0 0 0 
833.775625 15.287342 83.112188 7.643671 
715.495313 17.390293 142.252343 8.695147 
627.159302 17.757485 186.420349 8.878742 
558.773544 17.556405 220.613228 8.778202 
504.344816 17.15378 247.827592 8.57689 
460.061025 16.689629 269.969488 8.344815 
423.381776 16.222018 288.309112 8.111009 
392.548909 15.775414 303.725545 7.887707 
366.306929 15.359448 316.846535 7.679724 
343.735327 14.976939 328.132336 7.488469 
324.143827 14.627542 337.928087 7.313771 
307.004622 14.309493 346.497689 7.154747 
291.90722 14.020461 354.04639 7.01023 
278.527545 13.757964 360.736227 6.878982 
266.606332 13.519576 366.696834 6.759788 
255.933678 13.303021 372.033161 6.65151 
246.337825 13.106206 376.831088 6.553103 
237.676865 12.927231 381.161568 6.463616 
229.832516 12.764385 385.083742 6.382193 
222.705402 12.616127 388.647299 6.308064 
216.211413 12.481076 391.894294 6.240538 
210.278879 12.357992 394.86056 6.178996 
204.846354 12.24576 397.576823 6.12288 
199.860848 12.143381 400.069576 6.07169 
195.276425 12.049954 402.361788 6.024977 
191.053061 11.964669 404.47347 5.982334 
187.155726 11.886793 406.422137 5.943396 
183.553628 11.815665 408.223186 5.907833 
180.21959 11.750688 409.890205 5.875344 
177.129533 11.69132 411.435233 5.84566 
174.262054 11.63707 412.868973 5.818535 
171.598056 11.587491 414.200972 5.793745 
169.120456 11.542179 415.439772 5.771089 
166.813919 11.500764 416.593041 5.750382 
164.664646 11.462911 417.667677 5.731455 
162.660188 11.428313 418.669906 5.714157 
160.789281 11.396693 419.605359 5.698347 
159.041718 11.367795 420.479141 5.683898 
157.408219 11.341387 421.295891 5.670694 
155.880339 11.317257 422.059831 5.658628 
154.450371 11.29521 422.774815 5.647605 
153.111272 11.275069 423.444364 5.637534 
151.856593 11.256672 424.071704 5.628336 
150.680419 11.239871 424.659791 5.619935 
149.577317 11.224529 425.211342 5.612264 
148.542288 11.210522 425.728856 5.605261 
147.570727 11.197737 426.214636 5.598868 
146.658387 11.186069 426.670807 5.593034 
145.801342 11.175423 427.099329 5.587711 
144.995965 11.165711 427.502018 5.582855 
