10.00000 0 
9.90050 1.43831151 
9.80199 2.018895738 
9.70446 2.454182145 
9.60789 2.812712214 
9.51229 3.121268973 
9.41765 3.393708886 
9.32394 3.63833341 
9.23116 3.860600989 
9.13931 4.064332664 
9.04837 4.252340532 
8.95834 4.426761796 
8.86920 4.589274452 
8.78095 4.741224525 
8.69358 4.883711703 
8.60708 5.017653834 
8.52144 5.143821537 
8.43665 5.26287374 
8.35270 5.375380917 
8.26959 5.481835459 
8.18731 5.58267409 
8.10584 5.678279669 
8.02519 5.768994713 
7.94534 5.855125105 
7.86628 5.936947027 
7.78801 6.014709469 
7.71052 6.0886386 
7.63380 6.158941467 
7.55784 6.225807578 
7.48264 6.289410942 
7.40818 6.34991181 
7.33447 6.407458935 
7.26149 6.462189258 
7.18924 6.514230576 
7.11770 6.563703223 
7.04688 6.610717813 
6.97676 6.655377525 
6.90734 6.697782469 
6.83861 6.738022707 
6.77057 6.776184767 
6.70320 6.812351283 
6.63650 6.846598425 
6.57047 6.878998474 
6.50509 6.909621553 
6.44036 6.938532986 
6.37628 6.965793566 
6.31284 6.991464081 
6.25002 7.015599048 
6.18783 7.038253334 
6.12626 7.059476609 
6.06531 7.079319176 
