100 0 0 0 
91.031766 3.862504 4.484117 1.931252 
83.61694 4.815194 8.19153 2.407597 
77.396987 5.26609 11.301506 2.633045 
72.115319 5.489485 13.94234 2.744742 
67.583559 5.592782 16.208221 2.796391 
63.660332 5.628348 18.169834 2.814174 
60.237496 5.624594 19.881252 2.812297 
57.230932 5.597947 21.384534 2.798974 
54.574231 5.558298 22.712885 2.779149 
52.214271 5.51176 23.892864 2.75588 
50.108057 5.462172 24.945972 2.731086 
48.220414 5.411959 25.889793 2.705979 
46.522291 5.362641 26.738854 2.68132 
44.989483 5.315155 27.505258 2.657577 
43.60166 5.270054 28.19917 2.635027 
42.341623 5.227638 28.829189 2.613819 
41.194721 5.188036 29.402639 2.594018 
40.148402 5.151268 29.925799 2.575634 
39.191842 5.117279 30.404079 2.558639 
38.315665 5.085969 30.842168 2.542984 
37.511705 5.057209 31.244147 2.528605 
36.77282 5.030854 31.61359 2.515427 
36.092734 5.006752 31.953633 2.503376 
35.465912 4.984748 32.267044 2.492374 
34.887453 4.964691 32.556273 2.482345 
34.353005 4.946431 32.823498 2.473216 
33.858686 4.92983 33.070657 2.464915 
33.401027 4.914752 33.299486 2.457376 
32.976919 4.901072 33.511541 2.450536 
32.583564 4.888673 33.708218 2.444337 
32.218442 4.877445 33.890779 2.438723 
31.879275 4.867287 34.060362 2.433644 
31.564003 4.858105 34.217998 2.429052 
31.270754 4.849811 34.364623 2.424906 
30.997828 4.842327 34.501086 2.421163 
30.743674 4.835578 34.628163 2.417789 
30.506879 4.829498 34.746561 2.414749 
30.286151 4.824024 34.856925 2.412012 
30.080307 4.819101 34.959847 2.409551 
29.888262 4.814677 35.055869 2.407339 
29.709021 4.810705 35.145489 2.405353 
29.54167 4.807142 35.229165 2.403571 
29.385364 4.803949 35.307318 2.401974 
29.23933 4.80109 35.380335 2.400545 
29.10285 4.798532 35.448575 2.399266 
28.975263 4.796247 35.512368 2.398124 
28.855959 4.794208 35.57202 2.397104 
28.744373 4.79239 35.627814 2.396195 
28.639981 4.790771 35.68001 2.395385 
28.542298 4.789331 35.728851 2.394665 
