0.000000 0.000000 
8.241999 8.378096 
13.766776 10.176120 
17.470145 10.943691 
19.952587 11.307822 
21.616618 11.491567 
22.732051 11.589055 
23.479748 11.643184 
23.980945 11.674503 
24.316907 11.693285 
24.542109 11.704887 
24.693067 11.712220 
24.794256 11.716938 
24.862086 11.720011 
24.907553 11.722031 
24.938031 11.723367 
24.958461 11.724255 
24.972156 11.724846 
24.981335 11.725241 
24.987489 11.725505 
24.991613 11.725681 
24.994378 11.725799 
24.996232 11.725879 
24.997474 11.725932 
24.998307 11.725967 
24.998865 11.725991 
24.999239 11.726007 
24.999490 11.726018 
24.999658 11.726025 
24.999771 11.726030 
24.999846 11.726033 
24.999897 11.726035 
24.999931 11.726036 
24.999954 11.726037 
24.999969 11.726038 
24.999979 11.726039 
24.999986 11.726039 
24.999991 11.726039 
24.999994 11.726039 
24.999996 11.726039 
24.999997 11.726039 
24.999998 11.726039 
24.999999 11.726039 
24.999999 11.726039 
24.999999 11.726039 
25.000000 11.726039 
25.000000 11.726039 
25.000000 11.726039 
25.000000 11.726039 
25.000000 11.726039 
25.000000 11.726039 
