100.00000 0.00000 
99.00498 4.54834 
98.01987 6.38431 
97.04455 7.76081 
96.07894 8.89458 
95.12294 9.87032 
94.17645 10.73185 
93.23938 11.50542 
92.31163 12.20829 
91.39312 12.85255 
90.48374 13.44708 
89.58341 13.99865 
88.69204 14.51256 
87.80954 14.99307 
86.93582 15.44365 
86.07080 15.86721 
85.21438 16.26619 
84.36648 16.64267 
83.52702 16.99845 
82.69591 17.33509 
81.87308 17.65397 
81.05842 17.95630 
80.25188 18.24316 
79.45336 18.51553 
78.66279 18.77427 
77.88008 19.02018 
77.10516 19.25397 
76.33795 19.47628 
75.57837 19.68773 
74.82636 19.88886 
74.08182 20.08018 
73.34470 20.26216 
72.61490 20.43524 
71.89237 20.59981 
71.17703 20.75625 
70.46881 20.90493 
69.76763 21.04615 
69.07343 21.18025 
68.38614 21.30750 
67.70569 21.42818 
67.03200 21.54255 
66.36503 21.65085 
65.70468 21.75330 
65.05091 21.85014 
64.40364 21.94157 
63.76282 22.02777 
63.12836 22.10895 
62.50023 22.18527 
61.87834 22.25691 
61.26264 22.32403 
60.65307 22.38677 
