100.00000 0.00000 
90.48374 13.44708 
81.87308 17.65397 
74.08182 20.08018 
67.03200 21.54255 
60.65307 22.38677 
54.88116 22.80343 
49.65853 22.91234 
44.93290 22.79491 
40.65697 22.50930 
36.78794 22.09848 
33.28711 21.59497 
30.11942 21.02380 
27.25318 20.40447 
24.65970 19.75228 
22.31302 19.07932 
20.18965 18.39517 
18.26835 17.70739 
16.52989 17.02198 
14.95686 16.34367 
13.53353 15.67614 
12.24564 15.02224 
11.08032 14.38416 
10.02588 13.76353 
9.07180 13.16150 
8.20850 12.57890 
7.42736 12.01623 
6.72055 11.47374 
6.08101 10.95151 
5.50232 10.44944 
4.97871 9.96732 
4.50492 9.50482 
4.07622 9.06153 
3.68832 8.63701 
3.33733 8.23073 
3.01974 7.84216 
2.73237 7.47074 
2.47235 7.11588 
2.23708 6.77700 
2.02419 6.45349 
1.83156 6.14478 
1.65727 5.85029 
1.49956 5.56942 
1.35686 5.30164 
1.22773 5.04637 
1.11090 4.80310 
1.00518 4.57129 
0.90953 4.35044 
0.82297 4.14008 
0.74466 3.93972 
0.67379 3.74891 
