0 0 0 0 0 0 
9.516258 3.084843 0 0 0.4837418 0.6955155 
18.12692 4.257573 0 0 1.873075 1.368603 
25.91818 5.09099 0 0 4.081822 2.020352 
32.968 5.741776 0 0 7.032005 2.651793 
39.34693 6.272713 0 0 10.65307 3.263903 
45.11884 6.717056 0 0 14.88116 3.857611 
50.34147 7.095172 0 0 19.65853 4.433794 
55.0671 7.420721 0 0 24.9329 4.993285 
59.34303 7.703443 0 0 30.65697 5.536873 
63.21206 7.950601 0 0 36.78794 6.065307 
66.71289 8.167796 0 0 43.28711 6.579294 
69.88058 8.35946 0 0 50.11942 7.079507 
72.74682 8.529175 0 0 57.25318 7.566583 
75.3403 8.67988 0 0 64.6597 8.041125 
77.68698 8.814022 0 0 72.31302 8.503706 
79.81035 8.933664 0 0 80.18965 8.954867 
81.73165 9.040556 0 0 88.26835 9.395124 
83.47011 9.136198 0 0 96.52989 9.824963 
85.04314 9.221884 0 0 104.9569 10.24485 
86.46647 9.298735 0 0 113.5335 10.65521 
87.75436 9.36773 0 0 122.2456 11.05648 
88.91968 9.429723 0 0 131.0803 11.44903 
89.97412 9.485469 0 0 140.0259 11.83325 
90.9282 9.535628 0 0 149.0718 12.2095 
91.7915 9.580788 0 0 158.2085 12.5781 
92.57264 9.621468 0 0 167.4274 12.93937 
93.27945 9.658129 0 0 176.7206 13.29363 
93.919 9.691181 0 0 186.081 13.64115 
94.49768 9.720992 0 0 195.5023 13.98221 
95.0213 9.747887 0 0 204.9787 14.31708 
95.49508 9.772158 0 0 214.5049 14.64599 
95.92378 9.794069 0 0 224.0762 14.96918 
96.31168 9.813852 0 0 233.6883 15.28687 
96.66267 9.831718 0 0 243.3373 15.59927 
96.98026 9.847856 0 0 253.0197 15.90659 
97.26763 9.862435 0 0 262.7324 16.20902 
97.52765 9.875609 0 0 272.4724 16.50674 
97.76292 9.887513 0 0 282.2371 16.79991 
97.9758 9.898273 0 0 292.0242 17.08872 
98.16844 9.907999 0 0 301.8316 17.3733 
98.34273 9.91679 0 0 311.6573 17.65382 
98.50044 9.924739 0 0 321.4996 17.93041 
98.64314 9.931925 0 0 331.3569 18.20321 
98.77227 9.938424 0 0 341.2277 18.47235 
98.8891 9.9443 0 0 351.1109 18.73795 
98.99482 9.949614 0 0 361.0052 19.00014 
99.09047 9.95442 0 0 370.9095 19.25901 
99.17703 9.958766 0 0 380.823 19.51469 
99.25534 9.962698 0 0 390.7447 19.76726 
99.3262 9.966253 0 0 400.6738 20.01684 
