100 0 0 0 
99.00498 4.548344 10.94518 3.134817 
98.01987 6.384308 21.78146 4.203535 
97.04455 7.760805 32.50991 4.904559 
96.07894 8.894577 43.13162 5.430367 
95.12294 9.87032 53.64763 5.870239 
94.17645 10.73185 64.05901 6.279785 
93.23938 11.50542 74.3668 6.698284 
92.31163 12.20829 84.57202 7.154432 
91.39312 12.85255 94.6757 7.668587 
90.48374 13.44708 104.6788 8.254027 
89.58341 13.99865 114.5825 8.918105 
88.69204 14.51256 124.3875 9.66352 
87.80954 14.99307 134.095 10.48961 
86.93582 15.44365 143.7059 11.39353 
86.0708 15.86721 153.2212 12.37115 
85.21438 16.26619 162.6418 13.41776 
84.36648 16.64267 171.9687 14.52849 
83.52702 16.99845 181.2028 15.69862 
82.69591 17.33509 190.345 16.92365 
81.87308 17.65397 199.3962 18.19945 
81.05842 17.9563 208.3573 19.5222 
80.25188 18.24316 217.2293 20.88847 
79.45336 18.51553 226.013 22.2951 
78.66279 18.77427 234.7094 23.73924 
77.88008 19.02018 243.3191 25.2183 
77.10516 19.25397 251.8433 26.72992 
76.33795 19.47628 260.2826 28.27195 
75.57837 19.68773 268.6379 29.8424 
74.82636 19.88886 276.9101 31.43945 
74.08182 20.08018 285.1 33.06144 
73.3447 20.26216 293.2083 34.7068 
72.6149 20.43524 301.2361 36.3741 
71.89237 20.59981 309.1839 38.06199 
71.17703 20.75625 317.0526 39.76924 
70.46881 20.90492 324.8431 41.49466 
69.76763 21.04615 332.556 43.23716 
69.07343 21.18025 340.1922 44.9957 
68.38614 21.3075 347.7524 46.76932 
67.70569 21.42818 355.2374 48.55709 
67.032 21.54255 362.6479 50.35814 
66.36503 21.65084 369.9847 52.17166 
65.70468 21.7533 377.2485 53.99685 
65.05091 21.85014 384.44 55.83298 
64.40364 21.94157 391.5599 57.67935 
63.76282 22.02777 398.609 59.53527 
63.12836 22.10895 405.588 61.40011 
62.50023 22.18527 412.4975 63.27324 
61.87834 22.25691 419.3383 65.1541 
61.26264 22.32403 426.111 67.0421 
60.65307 22.38677 432.8163 68.93673 
