100 0 0 0 
91.031766 3.862504 4.484117 1.931252 
83.61694 4.815194 8.19153 2.407597 
77.396987 5.26609 11.301506 2.633045 
72.115319 5.489485 13.94234 2.744742 
67.583559 5.592782 16.208221 2.796391 
63.660332 5.628348 18.169834 2.814174 
60.237496 5.624594 19.881252 2.812297 
57.230932 5.597947 21.384534 2.798974 
54.574231 5.558298 22.712885 2.779149 
52.214271 5.51176 23.892864 2.75588 
50.108057 5.462172 24.945972 2.731086 
48.220414 5.411959 25.889793 2.705979 
46.522291 5.362641 26.738854 2.68132 
44.989483 5.315155 27.505258 2.657577 
43.60166 5.270054 28.19917 2.635027 
42.341623 5.227638 28.829189 2.613819 
41.194721 5.188036 29.402639 2.594018 
40.148402 5.151268 29.925799 2.575634 
39.191842 5.117279 30.404079 2.558639 
38.315665 5.085969 30.842168 2.542984 
37.511705 5.057209 31.244147 2.528605 
36.77282 5.030854 31.61359 2.515427 
36.092734 5.006752 31.953633 2.503376 
35.465912 4.984748 32.267044 2.492374 
100 0 0 0 
91.031766 3.862504 4.484117 1.931252 
83.61694 4.815194 8.19153 2.407597 
77.396987 5.26609 11.301506 2.633045 
72.115319 5.489485 13.94234 2.744742 
67.583559 5.592782 16.208221 2.796391 
63.660332 5.628348 18.169834 2.814174 
60.237496 5.624594 19.881252 2.812297 
57.230932 5.597947 21.384534 2.798974 
54.574231 5.558298 22.712885 2.779149 
52.214271 5.51176 23.892864 2.75588 
50.108057 5.462172 24.945972 2.731086 
48.220414 5.411959 25.889793 2.705979 
46.522291 5.362641 26.738854 2.68132 
44.989483 5.315155 27.505258 2.657577 
43.60166 5.270054 28.19917 2.635027 
42.341623 5.227638 28.829189 2.613819 
41.194721 5.188036 29.402639 2.594018 
40.148402 5.151268 29.925799 2.575634 
39.191842 5.117279 30.404079 2.558639 
38.315665 5.085969 30.842168 2.542984 
37.511705 5.057209 31.244147 2.528605 
36.77282 5.030854 31.61359 2.515427 
36.092734 5.006752 31.953633 2.503376 
35.465912 4.984748 32.267044 2.492374 
34.887453 4.964691 32.556273 2.482345 
