0 0 
0.9516258 0.975513096 
1.812692 1.346362507 
2.591818 1.60991242 
3.2968 1.815709228 
3.934693 1.98360606 
4.511884 2.124119582 
5.034147 2.243690487 
5.50671 2.346638021 
5.934303 2.436042487 
6.321206 2.514200867 
6.671289 2.582883853 
6.988058 2.643493522 
7.274682 2.697161842 
7.53403 2.744818755 
7.768698 2.787238418 
7.981035 2.825072565 
8.173165 2.858874779 
8.347011 2.889119416 
8.504314 2.916215698 
8.646647 2.940518152 
8.775436 2.96233624 
8.891968 2.981940308 
19.512294245 1.18976715549 
18.6070797643 1.94697595019 
17.7880078307 2.37852782966 
17.0468808972 2.66742850351 
16.3762815162 2.87139135636 
15.7694981038 3.01862161091 
15.2204577676 3.12567143298 
14.7236655274 3.20328929765 
14.2741493195 3.25890761428 
13.8674102345 3.29788384424 
13.4993774911 3.32419146952 
13.1663676938 3.34083684417 
12.8650479686 3.35012656419 
12.5924026065 3.3538473954 
12.3457028809 3.35339208561 
12.1224797383 3.34985009969 
11.9204990862 3.34407472078 
11.7377394345 3.3367336972 
11.5723716631 3.32834810886 
11.4227407159 3.31932259459 
11.2873490359 3.30996911282 
11.1648415777 3.30052577592 
11.0539922456 3.29117187562 
10.9536916222 3.28203992665 
10.862935865 3.27322535179 
10.78081666 3.26479428582 
10.7065121306 3.25678986925 
10.6392786121 3.24923732333 
