0 0 
4.484117 1.931252 
8.19153 2.407597 
11.301506 2.633045 
13.94234 2.744742 
16.208221 2.796391 
18.169834 2.814174 
19.881252 2.812297 
21.384534 2.798974 
22.712885 2.779149 
23.892864 2.75588 
24.945972 2.731086 
25.889793 2.705979 
26.738854 2.68132 
27.505258 2.657577 
28.19917 2.635027 
28.829189 2.613819 
29.402639 2.594018 
29.925799 2.575634 
30.404079 2.558639 
30.842168 2.542984 
31.244147 2.528605 
31.61359 2.515427 
31.953633 2.503376 
32.267044 2.492374 
32.556273 2.482345 
32.823498 2.473216 
33.070657 2.464915 
33.299486 2.457376 
33.511541 2.450536 
33.708218 2.444337 
33.890779 2.438723 
34.060362 2.433644 
34.217998 2.429052 
34.364623 2.424906 
34.501086 2.421163 
34.628163 2.417789 
34.746561 2.414749 
34.856925 2.412012 
34.959847 2.409551 
35.055869 2.407339 
35.145489 2.405353 
35.229165 2.403571 
35.307318 2.401974 
35.380335 2.400545 
35.448575 2.399266 
35.512368 2.398124 
35.57202 2.397104 
35.627814 2.396195 
35.68001 2.395385 
35.728851 2.394665 
