2 1
40
2 0
1.97538 0.156434
1.90211 0.309017
1.78201 0.45399
1.61803 0.587785
1.41421 0.707107
1.17557 0.809017
0.907981 0.891007
0.618034 0.951057
0.312869 0.987688
1.22461e-016 1
-0.312869 0.987688
-0.618034 0.951057
-0.907981 0.891007
-1.17557 0.809017
-1.41421 0.707107
-1.61803 0.587785
-1.78201 0.45399
-1.90211 0.309017
-1.97538 0.156434
-2 1.22461e-016
-1.97538 -0.156434
-1.90211 -0.309017
-1.78201 -0.45399
-1.61803 -0.587785
-1.41421 -0.707107
-1.17557 -0.809017
-0.907981 -0.891007
-0.618034 -0.951057
-0.312869 -0.987688
-3.67382e-016 -1
0.312869 -0.987688
0.618034 -0.951057
0.907981 -0.891007
1.17557 -0.809017
1.41421 -0.707107
1.61803 -0.587785
1.78201 -0.45399
1.90211 -0.309017
1.97538 -0.156434
40
0 1
1 2
2 3
3 4
4 5
5 6
6 7
7 8
8 9
9 10
10 11
11 12
12 13
13 14
14 15
15 16
16 17
17 18
18 19
19 20
20 21
21 22
22 23
23 24
24 25
25 26
26 27
27 28
28 29
29 30
30 31
31 32
32 33
33 34
34 35
35 36
36 37
37 38
38 39
39 0
