2 1
100
1 0
0.999497 0.0317279
0.997987 0.0634239
0.995472 0.095056
0.991955 0.126592
0.987439 0.158001
0.981929 0.189251
0.97543 0.220311
0.967949 0.251148
0.959493 0.281733
0.950071 0.312033
0.939693 0.34202
0.928368 0.371662
0.916108 0.400931
0.902927 0.429795
0.888835 0.458227
0.873849 0.486197
0.857983 0.513677
0.841254 0.540641
0.823677 0.56706
0.80527 0.592908
0.786053 0.618159
0.766044 0.642788
0.745264 0.666769
0.723734 0.690079
0.701475 0.712694
0.678509 0.734592
0.654861 0.75575
0.630553 0.776146
0.60561 0.795762
0.580057 0.814576
0.55392 0.83257
0.527225 0.849725
0.5 0.866025
0.472271 0.881453
0.444067 0.895994
0.415415 0.909632
0.386345 0.922354
0.356886 0.934148
0.327068 0.945001
0.29692 0.954902
0.266474 0.963842
0.235759 0.971812
0.204807 0.978802
0.173648 0.984808
0.142315 0.989821
0.110838 0.993838
0.07925 0.996855
0.0475819 0.998867
0.015866 0.999874
-0.015866 0.999874
-0.0475819 0.998867
-0.07925 0.996855
-0.110838 0.993838
-0.142315 0.989821
-0.173648 0.984808
-0.204807 0.978802
-0.235759 0.971812
-0.266474 0.963842
-0.29692 0.954902
-0.327068 0.945001
-0.356886 0.934148
-0.386345 0.922354
-0.415415 0.909632
-0.444067 0.895994
-0.472271 0.881453
-0.5 0.866025
-0.527225 0.849725
-0.55392 0.83257
-0.580057 0.814576
-0.60561 0.795762
-0.630553 0.776146
-0.654861 0.75575
-0.678509 0.734592
-0.701475 0.712694
-0.723734 0.690079
-0.745264 0.666769
-0.766044 0.642788
-0.786053 0.618159
-0.80527 0.592908
-0.823677 0.56706
-0.841254 0.540641
-0.857983 0.513677
-0.873849 0.486197
-0.888835 0.458227
-0.902927 0.429795
-0.916108 0.400931
-0.928368 0.371662
-0.939693 0.34202
-0.950071 0.312033
-0.959493 0.281733
-0.967949 0.251148
-0.97543 0.220311
-0.981929 0.189251
-0.987439 0.158001
-0.991955 0.126592
-0.995472 0.095056
-0.997987 0.0634239
-0.999497 0.0317279
-1 -3.21629e-016
100
0 1
1 2
2 3
3 4
4 5
5 6
6 7
7 8
8 9
9 10
10 11
11 12
12 13
13 14
14 15
15 16
16 17
17 18
18 19
19 20
20 21
21 22
22 23
23 24
24 25
25 26
26 27
27 28
28 29
29 30
30 31
31 32
32 33
33 34
34 35
35 36
36 37
37 38
38 39
39 40
40 41
41 42
42 43
43 44
44 45
45 46
46 47
47 48
48 49
49 50
50 51
51 52
52 53
53 54
54 55
55 56
56 57
57 58
58 59
59 60
60 61
61 62
62 63
63 64
64 65
65 66
66 67
67 68
68 69
69 70
70 71
71 72
72 73
73 74
74 75
75 76
76 77
77 78
78 79
79 80
80 81
81 82
82 83
83 84
84 85
85 86
86 87
87 88
88 89
89 90
90 91
91 92
92 93
93 94
94 95
95 96
96 97
97 98
98 99
99 0
