2 1
40
1.000000 0.000000
1.062977 0.172751
1.094465 0.365386
1.089792 0.571967
1.045425 0.785586
0.959157 0.998588
0.830248 1.202823
0.659527 1.389924
0.449428 1.551606
0.203985 1.679969
-0.071240 1.767796
-0.369278 1.808844
-0.681932 1.798108
-1.000000 1.732051
-1.313540 1.608795
-1.612177 1.428264
-1.885424 1.192270
-2.123029 0.904538
-2.315323 0.570676
-2.453556 0.198072
-2.530230 -0.204261
-2.539386 -0.625903
-2.476868 -1.055295
-2.340526 -1.480059
-2.130377 -1.887349
-1.848686 -2.264230
-1.500000 -2.598076
-1.091092 -2.876973
-0.630850 -3.090109
-0.130090 -3.228149
0.398698 -3.283576
0.941659 -3.250984
1.483936 -3.127328
2.010075 -2.912097
2.504465 -2.607424
2.951789 -2.218125
3.337488 -1.751649
3.648217 -1.217954
3.872274 -0.629306
4.000000 -0.000000
39
0 1
1 2
2 3
3 4
4 5
5 6
6 7
7 8
8 9
9 10
10 11
11 12
12 13
13 14
14 15
15 16
16 17
17 18
18 19
19 20
20 21
21 22
22 23
23 24
24 25
25 26
26 27
27 28
28 29
29 30
30 31
31 32
32 33
33 34
34 35
35 36
36 37
37 38
38 39
