2 1
41
0 0
0.25 0.0
0.253409674149 0.0411486475702
0.263545689575 0.0811748673012
0.280131562198 0.118986848259
0.302714872651 0.153553178172
0.330679607094 0.183930977668
0.363262960469 0.209291619566
0.399576143837 0.228943331664
0.438628628215 0.242350066485
0.479355163632 0.249146123252
0.520644836368 0.249146123252
0.561371371785 0.242350066485
0.600423856163 0.228943331664
0.636737039531 0.209291619566
0.669320392906 0.183930977668
0.697285127349 0.153553178172
0.719868437802 0.118986848259
0.736454310425 0.0811748673012
0.746590325851 0.0411486475702
0.75 0.0
1 0
1 0.25
0.75 0.5
1 0.75
1 1
0.75 1
0.625 0.75
0.5 1
0.375 0.75
0.25 1
0 1
0 0.75
0.25 0.6875
0 0.625
0.25 0.5625
0 0.5
0.25 0.4375
0 0.375
0.25 0.3125
0 0.25
41
0 1
1 2
2 3
3 4
4 5
5 6
6 7
7 8
8 9
9 10
10 11
11 12
12 13
13 14
14 15
15 16
16 17
17 18
18 19
19 20
20 21
21 22
22 23
23 24
24 25
25 26
26 27
27 28
28 29
29 30
30 31
31 32
32 33
33 34
34 35
35 36
36 37
37 38
38 39
39 40
40 0
