3 2
1046
9.99999999999999 17.3205080756888 -100 
0.000440006453519715 0.000254037844374722 -100 
-10 17.3205080756888 -100 
4.77251197435367 40.1832860593094 -93.5371455244438 
30.6000194433405 25.5881161111403 -93.7193401281031 
-10 -17.3205080756888 -100 
234.876456737294 690 -81.2847236821956 
224.846826543653 690 -76.6465097852019 
264.798675982627 690 -43.1229276561081 
225.230397276861 630 -76.3246557244363 
-55.9118937998078 670.135625249317 -378.715588044303 
-41.1342576360412 629.046256238295 -392.961296338868 
-71.2066759518352 628.50828981906 -364.168605309232 
-10 6.98296267768627e-14 69.9897948556636 
-9.11403006338813 4.11514957245267 59.9120225334886 
-8.66053493810313 -4.99951343491495 63.3176404131114 
-264.798675982627 690 -43.1229276561081 
-274.747134817106 690 -47.8292524106371 
-234.876456737294 690 -81.2847236821956 
8.66129227276728 4.99820129303551 63.3171491992876 
-295.951874489939 617.885920756167 64.190411468476 
-281.749965521548 609.911056707679 33.7358426016117 
-312.208268793388 657.622596258036 74.0878577231506 
373.510059275533 883.43650245672 29.9833634149578 
371.78010447918 926.40805465361 39.0201114621113 
-374.058996472611 727.82101126679 44.1939447059515 
-371.832158449462 729.748184278494 10.2630046539264 
-40.8112705078976 796.512971286436 -259.671406429079 
-66.5465314382565 796.565850275844 -290.400070969855 
-58.8484388666221 754.300761487175 -272.559823198007 
-24.7213595499957 300 -396.084521303612 
-3.78834226947279 338.557794044023 -409.559361276232 
12.0536680255323 380 -419.270887409805 
-35.4604887042536 380 -413.501624268541 
-53.7913464344004 338.628630611808 -391.727937145722 
64.3773061094263 505.142367455392 -385.497176409029 
44.1711885906418 547.462919838266 -397.355582811675 
76.5871208476292 545.307881049482 -365.765183531866 
-371.273220506581 1006.21014595697 31.9161461761356 
-364.780703669681 969.684277315315 53.4899370126345 
-295.007841612524 974.476972191215 6.98159930870623 
-372.266598601002 935.267554316802 35.1937424638028 
-368.306988451983 969.44641396557 12.8417459536438 
-362.799299264979 935.845518259951 2.85654072806591 
-330.828525060337 959.88273358896 -12.1368064367395 
295.136633090781 970.442057039321 53.3427604165824 
80.2045154860973 654.365460705498 -337.570700698659 
73.398621011665 626.543640924357 -360.686458467023 
42.5034230477418 635.874411358872 -391.654993420903 
65.14435534232 676.164197060594 -367.6053894224 
36.3137326416996 680.890577509906 -391.705836305711 
-0.150273484752729 0.0867604368740517 70.9996989041572 
-210 2.08181462336805e-14 -40 
-165.367541738382 -12.3925840487169 1.51765383884257e-15 
-200.093009968081 -48.134011454569 5.894716305796e-15 
-203.897781659471 -50.2562895003871 -40 
-87.407666405728 342.895371999646 -344.304640342485 
5.00000000000006 -8.66025403784435 49.833287011299 
-0.532703571102562 -18.953885553503 49.4001777710395 
16.483715223988 -9.84770337280798 49.384885842114 
-23.9894364601247 503.429627784998 -408.765724695951 
-43.9294581471531 546.119386616248 -397.593820011071 
-64.9261956936378 503.384599470147 -385.115098950871 
-88.1530914071961 505.230852283995 -345.734999779506 
-76.0312194759163 546.080667984939 -366.586502124381 
-5.12858696338677 790.350796651737 -393.058202811457 
-19.2604607874894 752.238409099469 -393.233158633738 
60.8562736150179 588.807491062708 -381.305665667801 
-52.8720292663661 754.048593016032 -374.043909601499 
364.752336856756 764.925776297899 59.5641109222492 
333.555767421184 762.100895475457 75.5381577408884 
371.129540783699 730.865297083797 8.88142219948314 
375.41596176616 767.409239962468 26.1132118291812 
374.057898440951 728.540949946899 44.1553806672979 
350.699177895302 726.981383982448 71.4197482717988 
69.7062892558028 724.392024153 -353.962194469108 
-378.475369333167 589.489539341535 35.2526088347434 
-367.710554121606 613.715049256024 60.2219514761194 
-377.631722632151 620.268210219594 22.5585937219825 
-7.65857877334452 791.567986088727 -247.243362294542 
41.5601901287544 751.305759836525 -256.627869407527 
9.49485251629516 755.45620388947 -245.085578391608 
-27.9227822513495 751.808682388214 -249.582500072895 
-331.610585064424 553.93762553625 79.3677058833914 
-311.496766279551 584.736760706912 75.2035988709721 
-331.047486764759 620.349794263756 78.1966579041204 
-370.004372330732 563.023436122608 58.695171673755 
-345.503165636604 587.293395277966 76.2701748797018 
-4.99999999999993 8.66025403784442 69.9897948556636 
5.00000000000006 8.66025403784435 69.9897948556636 
-372.749305470361 588.422261701214 6.50942464212386 
-377.798659829194 560.705641078209 18.0363952899429 
-305.165333437698 570.776203321015 -12.348431877398 
-331.028857357061 600.461774427977 -18.5522827139079 
-360.795553537084 609.809283066892 -7.33406133253278 
-313.665259534982 630 -15.1730683137561 
-303.89098865908 630 -10.3205825074299 
-304.750525421602 690 -9.59934552701439 
-344.59321705551 633.345020394562 -15.7026568549128 
-314.617812896918 690 -14.3737811390786 
81.1499028891144 107.97433729103 17.8735443220365 
91.6429129572644 58.2173665631475 -72.0301767519156 
143.61406616345 82.9156197588861 -1.01542348337039e-14 
134.75010937042 86.3782168351557 -55.7709359806403 
112.793888190746 121.562900536362 -1.48871617036924e-14 
44.5347652749169 24.7502306853254 45.6418115945903 
75.9073835595365 34.4910734916829 38.181253676461 
40.9030154931811 62.5758460588552 40.5360680080582 
51.0683435944549 94.3251294041128 30.1692243009858 
26.5931745460576 799.693519155352 -387.584974212838 
-282.527098880047 569.904379281734 17.4300817856613 
65.7784834550136 840 -343.941410032797 
16.8161922108243 840 -346.829082807281 
59.0249093937575 803.182100353958 -361.928380690646 
-22.6793245095394 840 -320.325614806124 
-78.3283904795368 710.292259594616 -324.528728508006 
-71.2307805375566 710.035985331819 -287.06605122125 
287.515426923881 871.348745006777 19.6551115742552 
-50.7245397642057 714.191297817045 -260.476644481881 
-348.843529100777 563.792658589844 -15.4679203105714 
-372.551060224145 795.958013297714 44.8629920800068 
-374.450973429781 830.670835873483 30.3442593727295 
-326.689648709662 793.048515910095 75.00254450026 
-352.937302294519 794.015643552278 68.839532682291 
-335.901687984623 822.557446814001 74.2049691387141 
57.0924849035525 449.623736461991 -243.495554145678 
15 435.049220752845 -224.764208504165 
-44.7223795955357 501.677013428638 -239.527714286739 
-56.0796108525563 539.4112625718 -250.115203621033 
-72.6813026044543 501.927265550107 -263.517229260051 
56.8064746731155 380 -237.701613410634 
88.5456025653209 380 -273.527682795623 
79.4757801589641 416.860312138047 -263.355559991685 
354.984061204973 521.785145043035 73.2736633864237 
379.968122409946 521.785145043035 30.0000000000004 
305.015938795027 521.785145043035 73.2736633864234 
371.050754560329 491.557854755527 27.5751445568959 
341.112571747031 475.5226419502 49.9568376772721 
334.844308082849 478.502032229187 2.53272219365403 
322.088784040591 492.245611707107 70.8302166603476 
-74.3295761874471 751.691368804475 -305.351472402177 
-72.455473214701 752.078383531908 -342.04191357704 
79.193835958257 691.461463041676 -328.854460585027 
0.0524313375220525 -41.6255368560421 -93.1708726703685 
-30.3360152689828 -26.8657713051915 -93.5193255351699 
330.000880012907 1080 30.0005080756888 
330.339673392693 1043.28059007619 70.6542847592162 
365.407554988864 1042.58935968943 50.0048771197253 
28.73757496146 -53.8045569436047 -87.0532047646197 
29.8119955494967 -25.1339657159209 -94.0021406263069 
10 -17.3205080756888 -100 
295.407381698225 617.391853179625 63.6520630014106 
284.853903984637 652.841744145599 45.1736555849363 
349.555829271569 650.413083271137 73.4754225817301 
195.005778657482 690 -114.740194953754 
156.587302197325 630 -146.977124381865 
155.13510057767 690 -148.195666225313 
327.927168874787 606.750273695113 78.4065276195441 
-344.324818280616 914.087502257089 -10.5042610567262 
375.481811575065 652.16127891439 44.1764678206282 
-21.1568858053116 669.616463392881 -398.30413670047 
-371.092668983792 860.784558314703 14.5118992805617 
297.814960915899 690.692803150833 64.1848725164285 
283.239140537344 695.568735505306 33.1201965140103 
185.900101585752 630 -109.32669233294 
146.569805894642 630 -142.328728941443 
144.943127665704 690 -143.693674043389 
184.894977104678 690 -110.170091914296 
-59.856692893569 -122.659807016867 17.1549139702091 
-24.4286602904071 -121.820372222859 23.0623325687743 
-45.1749448625779 -91.9104561507213 31.9781771819042 
-32.3842098875566 -60.7352907756675 41.9974099274749 
12.1867855331074 -114.89987935571 26.8564609728538 
-4.36474771037424 -87.0535265866366 37.0585872017323 
-303.482116537875 825.887135570328 -5.78283422921374 
-331.324976787974 832.838240993195 -14.3938346359934 
-305.335145556361 861.676112337368 -6.31439967629315 
20 -1.22464679914735e-14 -100 
-18.5131748078056 300 -342.643550226159 
-64.7213595499958 300 -367.022820183398 
-35.6246541010693 300 -294.42868473078 
-80 300 -320 
0.986328620952161 9.95123891038149 59.9202362819274 
-15 527.182437878498 -230.851993395077 
35.4407305988547 575.242553593636 -240.253857469088 
-0.632525766839245 567.865180251335 -232.254356765012 
-347.326371480919 870.811169147028 -10.1570928894623 
-361.766562629564 832.468748991574 -1.04898947894428 
51.9615297894112 543.187872604349 -247.303860163769 
-291.091090250949 961.713999190026 46.1101937735358 
-311.272982505706 925.107631161513 68.4476790676909 
-287.763734163648 915.000632256048 37.7776992412279 
78.4685945240559 533.693485293351 -275.972141157234 
15 527.182437878498 -230.851993395077 
336.700418400743 828.51370898956 73.9833837607725 
358.612879107651 820.986536800738 64.2449300072665 
349.652348868064 795.630557229346 70.5686281592842 
317.517774224433 796.548723283837 73.2983202059833 
100 380 -320 
95.6040176598271 419.133628534875 -301.133445884609 
304.774675217114 831.127802553073 66.5918725581204 
340.15926517879 666.523141993648 -16.2816038535164 
370.07881155468 651.639951386503 4.22902065938109 
305.015938795027 521.785145043035 -13.2736633864238 
280.031877590054 521.785145043035 29.9999999999997 
-338.93636750263 889.029660480817 72.4804127315102 
-317.108114250449 851.631768498845 72.1505602602499 
-299.396391749001 883.227138099958 60.9333161600241 
354.984061204973 521.785145043035 -13.2736633864234 
48.8796159268379 -158.463822832989 1.94062213413073e-14 
50.7774444860582 -122.022770933117 -64.5790934558107 
-1.19512235281148 -122.710563188447 -67.5632475008826 
84.8396496401021 -146.069034486385 -52.972666550194 
38.823274531402 -161.520564858331 -53.8565711057714 
4.88869342305726 -143.616844166769 13.3444564599629 
-41.777721115335 -159.372921055129 -54.2870361271593 
1.15799335634704e-12 -165.83123951777 2.03084696674075e-14 
-0.928693080696194 -171.564117885658 -52.1368532358667 
-93.4160634739117 -137.016200082465 1.67796450862324e-14 
-48.8796159268356 -158.463822832989 1.94062213413074e-14 
-112.602909828977 -131.146721003339 -51.7299756045536 
-68.9822226461511 -110.0476593006 -65.3007852292476 
332.157791146779 558.998993303044 79.2563484803083 
282.203249401136 570.288296295783 18.7538221340287 
292.197337291369 570.548280142339 61.3290389148404 
89.6853910504237 2.93323481634283 -77.9789436323618 
50.7708269811719 1.07639203603596 -90.2792938978223 
58.7350393058424 38.2592920541059 -84.1799198259842 
59.1617411498945 -35.571520417796 -84.5161472680542 
92.8031572988465 -51.2912053657326 -72.8313615764203 
-80.6479956228319 420.175050337218 -374.577865413525 
-96.2628922279116 422.561601764207 -333.638514488938 
-97.0941817426053 380 -296.068433571244 
-74.8510748171101 380 -386.31226582408 
-76.7220052622906 623.876199376147 -285.565888145575 
-56.6303291837347 614.652350655403 -257.019705722647 
-28.5789188213142 630 -241.334838766952 
-38.7788341940824 630 -245.830166432946 
285.306683998279 732.495371145453 18.2760854672294 
-371.522070205993 798.143556102866 12.5672046036207 
-375.607838729716 763.23410289282 27.8918889834717 
315.01731774848 727.04506662214 73.811704299324 
195.856791531739 630 -114.026110364837 
54.2593193033921 709.68893531253 -263.273037634013 
62.1504258596709 659.842470442396 -266.893600795898 
80.1187594108241 657.199596556047 -302.907310229105 
-300.846833822289 766.969632620747 -5.05032550310566 
-291.270515868086 798.495850311312 7.03382566133819 
-285.424179837453 768.97116229305 20.6100562596254 
-0.187187456016369 646.072995595028 -237.352798649188 
-61.7422925911949 664.583828391434 -266.892627107861 
-35.5230663382329 690 -248.562080039988 
-25.08757934878 690 -244.264420430671 
302.449621637066 894.250502841592 -3.42656531975502 
317.775772289794 862.237199946698 -12.1518605505504 
52.1526758730352 342.854296584068 -394.22298116909 
56.8064746731156 380 -402.298386589366 
30.8919982674654 421.808475604698 -412.237687874856 
41.1441771038386 127.405467836096 18.4678816095388 
11.0819088758458 100.617562694095 32.4062629850254 
-287.690676284907 736.860480301558 11.6242934348734 
-287.533577767424 744.039806890678 47.6787325969691 
-35.467547950072 121.035976483982 22.199091546938 
-23.0584772829298 87.2876972434218 36.0929298940002 
365.334239517724 690.438069833217 60.9257326317129 
-315.258566615043 923.529249770278 -10.1749535722596 
-320.574416406392 892.922126860523 -12.3033402533034 
-311.1678114728 1004.75067285599 -6.80561568327189 
-294.01510044993 940.086960127329 7.39015670703659 
-28.8319001777836 715.958203866384 -247.427828868886 
-369.557517740295 866.949034326728 48.8158282392203 
-347.380870095725 852.90019318112 70.4818421486469 
-290.905347906278 841.580829998414 50.7444732882 
-286.405211437894 872.871722750877 26.9879453617591 
-81.4655278464885 543.314601978269 -283.303677335921 
-69.1526750055466 580.334758173656 -267.316531909076 
-37.3694168474278 575.271089673864 -241.141300375964 
-312.933916569171 733.870495849742 -12.9118030802862 
-5.00000000000006 8.66025403784435 49.833287011299 
-130.271162670681 21.9296592150836 -64.5987141795114 
-90.6467151565556 -2.77920897187928 -77.6770599601177 
-129.584227437483 -30.3858854386089 -64.284490449992 
132.213882786926 -58.7394483390976 12.810133760522 
154.367947572222 -60.5849549173701 7.41951711160439e-15 
135.18463140852 -72.5258498923331 -57.8702634793896 
122.065597967276 -25.3943034209652 22.8646535311146 
98.2357542942436 -61.9939228747922 26.5980659817333 
310.543908808548 936.259950085612 67.8601616145231 
295.083324002903 898.562931832511 55.5052702343934 
292.913733837584 961.73531569828 10.0496014240996 
289.372379326121 936.671883733554 42.6768125105857 
288.649487596601 915.247257445697 18.4176156690583 
360.354601200707 695.556664050647 -5.70618986247126 
331.037986319293 704.463058638719 -16.6944813726322 
344.554894319448 733.136424638828 -13.84107647842 
51.7592541407444 503.101369872795 -243.975241032578 
-307.228388855375 1003.73606428126 64.5290726378111 
-294.360784137972 1042.44307753644 49.5946120924307 
-328.898681026317 1042.55429010682 70.653758644164 
86.8440666170245 455.85829311388 -281.358989718991 
35.5230663382329 690 -248.562080039988 
25.08757934878 690 -244.264420430671 
-49.1812365643203 412.427152104304 -235.367172114736 
-74.8510748171101 380 -253.687734175921 
-83.7607079793769 338.584661405288 -288.053501584835 
-94.2685091119055 429.637139716655 -298.171423965875 
-80.0973930961882 421.027930524903 -264.715099213697 
349.906226227263 835.050774601218 -9.65857176620303 
372.965383790776 842.082047974045 19.4213123329922 
294.585867095832 832.873815144137 3.19793141370964 
320.293143721227 826.148273330567 -13.4622935119893 
357.258060805832 873.030114027338 -4.1515591992679 
-295.514638231048 900.676311928438 3.97711273575522 
52.8976316055372 786.637922345321 -268.998324699003 
114.899048399654 39.6617018306252 24.2720512278868 
81.7100138761874 69.7010325571593 30.1164752256087 
-92.8598045634996 51.1925816698229 -72.8307510990446 
-111.647204360329 89.0089114917765 13.8414588982786 
-112.793888190748 121.562900536361 -1.48871617036922e-14 
-79.5198440813207 108.278386127797 18.2394182346103 
84.8702615435077 105.613701977334 -63.5298521486718 
129.8304829745 30.2472295465378 -64.2187320046234 
171.660897711368 45.4429715795451 -50.239787701508 
161.673504117583 36.9009222966286 -4.51905963761514e-15 
185.945765387174 97.5918661291913 -40 
100.825462353159 4.58176212288351 32.5123600784945 
84.7080490768896 -30.5010774257072 36.171680460276 
66.8188214257431 -1.04398266669648 42.4622286782796 
-368.820506183755 654.364521081853 2.45388204847571 
-351.523974492759 655.24862511236 72.4386155404292 
363.900094104002 606.68279722877 -4.61775450216873 
307.90664849558 577.496022642891 -13.7065955360485 
311.842289694178 652.034896682233 74.0463394143009 
308.528209102945 607.419168150641 -13.4199658669707 
254.969595899476 308.205297110316 -3.77442630586407e-14 
223.328685101181 289.303776739818 -3.54294944165658e-14 
213.371719182501 302.278860413864 -40 
252.544662990902 270.409306782906 -40 
289.512531948333 603.403115616979 3.27830594081575 
281.995970673852 607.472005686301 36.4693896634367 
284.235962579558 633.177004566134 15.590433780965 
-0.166986336528291 70.9927342313013 -83.8969692777688 
365.851849349105 967.240742596213 51.9039715161122 
330.389364408822 970.577989000901 71.9521576456408 
-171.984031561629 41.2064374576747 -50.4679254518264 
-214.017396815307 12.8390393153144 -1.57232884016268e-15 
-203.897781659471 50.2562895003873 -40 
-37.3582630176105 796.74647942769 -382.507927553291 
-53.6231110183284 840 -364.995132678058 
-12.155372436685 840 -388.936542710855 
35.0000000000001 840 -380.621778264911 
-64.6767246968533 796.834274656247 -353.45098243536 
37.2833723653365 -6.92795744697934 47.5936046871312 
50.022421009254 -33.5202814332012 43.8947909184713 
-13.3330558022481 38.1453475281959 47.2661468868046 
16.9147444480774 39.3674222653899 46.9243969168494 
-19.3626799867083 12.628446753402 49.1080222199479 
291.133076342914 798.520485200648 52.7319320579569 
372.266992858498 806.65105422909 45.093913556028 
301.079931202 763.248521392514 65.3288153745698 
305.788361371296 797.956600595473 -7.97475373373094 
286.252742847985 799.425651497242 19.4122402294293 
-287.549676810112 668.972146189278 9.04707358421268 
-284.534310680633 634.697034289792 14.7602517450509 
90.6039212661949 498.058178650918 -302.384051549113 
-0.881589141409066 628.946186955866 -403.759739783104 
-21.9301143368382 588.177907770578 -403.594474183654 
-59.9218284522263 587.719536188413 -382.317801884862 
94.5881416164728 -189.191250370675 2.31692459193132e-14 
74.4670262789325 -196.353410963937 -40 
114.094077320803 -250.677013272711 3.06990801924244e-14 
39.4149121457889 -219.275528092972 2.68535073610403e-14 
-288.604104354743 545.019855469796 2.76213801422066 
-305.015938795027 521.785145043035 -13.2736633864234 
-44.3693315247482 126.90472044986 -63.861837118215 
-46.0279507034357 78.698714661766 -77.5251054967481 
71.9514782644684 149.408784131181 -1.82972989250748e-14 
2.59364217380772 136.652855280035 17.0566796844596 
24.7158637405312 163.979041586294 -2.00816408405906e-14 
-129.652083831688 -103.394086668923 1.26621237289861e-14 
-116.79423092206 -85.657401988897 12.7202259207257 
-102.114682648127 -55.8439241036235 26.5032508459548 
-185.945765387174 -97.5918661291913 -40 
-154.367947572221 -60.5849549173722 7.41951711160465e-15 
-170.849549560748 -45.9412004168378 -50.4467833704278 
274.395770200568 630 -48.1240823307833 
264.56069296797 630 -43.3226191159331 
-351.59219716086 1003.94664785012 -5.27419866252566 
-365.522472093679 1042.64112716163 10.2017968635994 
-330.773116002949 1042.50454755213 -10.6622126367793 
-286.655859277369 795.95143184595 42.3611212718982 
-56.6460878854958 82.2438387188736 32.8907416654928 
-363.176942008914 827.62265082917 59.6671582729017 
-305.98090171782 813.52353835585 67.7678034562173 
-329.999119987093 1080 30.0005080756888 
-296.809896884169 697.943933839619 63.0266102275476 
-283.254279374769 701.942781460446 30.7040161913772 
53.0992842790908 -271.765540762936 3.32816799613879e-14 
41.4576850042954 -314.713773293264 -40 
-0.282846921270256 -268.841037153761 -40 
65.9727614802815 -259.287715735247 -40 
-293.298013797145 706.85438520801 1.18283265925808 
75.0261075418597 -97.9688887266583 23.4468504641825 
106.481023098656 -93.6596364348736 14.3665338554612 
324.107772033881 765.793908033746 -15.2286284425415 
368.369355570152 803.392278185246 6.60460842438994 
284.772418838829 765.011865408964 36.0072616968496 
37.1669168210102 -92.7748721634254 32.8629409963069 
47.1565432246317 -126.201408767129 18.0475048499715 
-97.4594367484261 9.32261570924364 33.574940756438 
-85.5190424785988 -25.909619971992 36.382934139677 
-70.6964024823737 41.5700166991777 38.5722654512736 
-132.247736469235 17.6115128527595 18.7012668630368 
-161.673504117584 36.9009222966263 -4.51905963761487e-15 
-364.740943160939 1042.98456013006 51.1277773530396 
-350 1080 64.6410161513776 
-370 1080 30 
-366.099818647724 692.124356958303 59.9814190801457 
-370.851073093841 898.109029703137 15.8019748232317 
-287.254736338607 833.15186912822 17.9620140355365 
-304.989812300816 773.127152794963 67.9856458821647 
-336.828964329818 762.995894419041 75.1472343605158 
-348.535841997343 799.321417535172 -11.0184505710022 
-316.666732490687 798.548549908353 -13.0064801739701 
-310 1080 64.6410161513776 
286.0958937748 832.817307452599 36.7104976467376 
-107.239510203533 630 -175.330765549946 
-104.991278226729 690 -177.217256172483 
-117.317812862911 630 -179.928138398892 
63.1332019668487 810.643766951536 -285.563109425909 
-73.2712823448393 789.24140863367 -322.39281463686 
-53.6231110183284 840 -275.004867321942 
332.065620366364 900.696265494336 -13.1524421493903 
-351.365101397925 728.406151715629 71.0515340534869 
-332.42300002866 694.148336376522 76.8275634995911 
339.790022029393 799.064874897987 -13.9392606576119 
-354.984061204973 521.785145043035 -13.2736633864238 
324.797559030785 867.423863062892 73.4859108005229 
363.941690082594 850.604011252953 58.150495020259 
293.638124026836 861.115774201789 54.6126643693324 
-296.142323765013 550.267730986004 66.0541311836247 
-363.230407426093 483.194082056364 36.408153136606 
-354.984061204973 521.785145043035 73.2736633864234 
-305.015938795027 521.785145043035 73.2736633864237 
86.1772925556393 338.767915588503 -295.137873657665 
64.7213595499958 300 -272.977179816602 
24.7213595499958 300 -243.915478696388 
58.3159390349633 344.045156359932 -250.126500042642 
8.5036254915486 300 -289.037479665189 
65.3990826057589 742.56295573484 -280.59208982354 
27.9247689525948 721.284909790802 -247.446084193183 
73.6667765658503 698.500310997327 -290.839750739588 
90.8910391302782 -98.5723526105738 -63.974450336945 
46.8401374007094 -82.0671720561574 -76.4757407542171 
67.9092145124236 630 -208.332802158449 
38.7788341940824 630 -245.830166432946 
78.0483235284967 630 -212.879152415919 
65.0394287877545 690 -210.740838301577 
28.5789188213142 630 -241.334838766952 
75.3937444180451 690 -215.10660876843 
-379.968122409946 521.785145043035 29.9999999999997 
15 388.982371985523 -221.723951056409 
-35.4604887042536 380 -226.498375731459 
3.31941804405211 -77.0669032532219 -81.9563083310733 
-30.7849988284657 -90.8761656683992 -76.0161331752705 
-36.2086662160705 608.382613415692 -242.981330107639 
-85.2211077462563 584.927016250451 -304.410909694361 
15 481.115914662323 -227.806809314142 
-15 481.115914662322 -227.806809314142 
55.6745302327116 612.346354993627 -255.973785340277 
-14.18903491325 605.073701803259 -235.866818892941 
-89.0595124736673 545.673726844088 -324.917872026476 
-82.4914758932572 586.972161565673 -346.033065482374 
-53.5790473200416 338.402367103274 -248.183903372199 
-15 435.049220752846 -224.764208504165 
-85.2425192740565 464.538304951206 -279.239276398445 
-83.9149918703539 462.846760205051 -363.667575710464 
-64.7213595499958 300 -272.977179816602 
-13.9844561970533 338.308686487048 -231.521162639718 
62.9184645883629 -64.0300276582252 36.2541220173604 
376.742340220694 574.57808100677 44.7865693673272 
375.879186443404 571.83187494563 12.5816186147732 
378.21666799677 612.825034945856 26.5155286450538 
366.555025804238 614.237054796385 61.5955924871051 
322.779369823265 546.949547874573 -18.9894876581631 
-71.9514782644704 149.40878413118 -1.82972989250747e-14 
-24.7158637405336 163.979041586294 -2.00816408405905e-14 
-74.4670262789325 196.353410963937 -40 
-84.6760042256614 147.360949889326 -52.6452569338961 
-57.1302377476545 208.293849540526 -2.55086396121886e-14 
-45.4674627447213 168.418979443694 -51.2268223716119 
-89.0257312403938 99.6112339069082 -64.1274755004842 
-115.264422497857 690 -181.651137496871 
-144.943127665704 690 -143.693674043389 
-156.587302197325 630 -146.977124381865 
-155.13510057767 690 -148.195666225313 
-146.569805894642 630 -142.328728941443 
130.179224754009 -21.7139406305449 -64.6386061243089 
-66.4224955360412 711.408342824438 -361.623091422278 
-77.3190760886395 669.290130362146 -344.583838442314 
75.9762773749226 488.151615978752 -266.45859546162 
-315.232468347603 733.265978922812 73.7674675176976 
-307.454323081402 604.913309364983 -12.9227298290298 
84.8802190534156 578.284745125446 -300.602776313741 
-143.614066163451 82.9156197588839 -1.01542348337036e-14 
-203.341173401187 79.1447638859416 -9.69243817621914e-15 
-129.48744164393 121.144174460463 -50.3195314919834 
-134.724703571828 72.9560631845776 -57.9336545217605 
-185.945765387174 97.5918661291915 -40 
-92.118447642907 -57.5373409744573 -72.0175721415013 
-131.268270425776 -87.7514763464843 -56.4533611384037 
-67.5341038600835 -60.8944496331954 35.8863599748783 
-82.4488725497572 -94.2671645022608 22.6094002634129 
79.8843422169595 150.970767647801 -52.377985203082 
40.9921732072458 129.533504827496 -63.4110655172654 
-20 -1.46956806991183e-14 -100 
36.0133165639206 300 -331.313283068539 
-61.1253276143705 -36.1049414002088 -83.8972444631127 
-49.4772811833356 456.427927777149 -401.116935194616 
12.8313918588305 665.02317342358 -400.393985800624 
-280.031877590054 521.785145043035 30.0000000000004 
-94.3888916256403 465.931559399708 -321.139354444735 
-90.085151359156 505.042508057314 -302.106442046699 
-37.0560308577779 -5.59234886379951 47.6500902255079 
23.696817908744 840 -302.5467436082 
71.7387488709348 773.987790173548 -300.640083858766 
72.1330384952473 767.270355977736 -339.579998273483 
72.161196794545 806.382318610664 -322.12428681133 
52.4240645248967 761.767590079902 -373.77773646651 
18.9131804824071 754.663083922703 -393.160296583639 
165.367541738382 -12.3925840487145 1.51765383884228e-15 
35.1791050086651 607.792792904064 -242.463411856039 
163.907814670322 2.67656826545341 -54.5485262057592 
303.89098865908 630 -10.3205825074299 
94.6306904448868 460.428450242469 -324.845534993742 
81.387294354492 462.991164404582 -368.196573224295 
70.718495936679 421.867722925417 -386.785097506336 
104.991278226729 690 -177.217256172483 
115.264422497857 690 -181.651137496871 
107.239510203533 630 -175.330765549946 
117.317812862911 630 -179.928138398892 
135.321924127316 9.03356530079634 17.5936687375788 
-18.7167568736926 -31.9059715232571 47.710752229892 
-25.5228961070736 45.7522518234766 -89.771655280077 
-34.7781123348278 19.48179484723 -93.7274789956528 
-37.3776998918531 711.455665969185 -388.897411898995 
4.8208181290389 708.804841346629 -398.408145071446 
-16.76710742948 -9.47954331134319 49.3810320762768 
44.270026455161 82.6607583807345 -76.7045080333213 
-83.7403941966244 627.06904342102 -324.953972989647 
25.1162078117255 -399.210691371309 4.88892095373275e-14 
-7.41446230501783 -365.535471555895 4.47651845215745e-14 
51.0929879589581 -354.832227325019 4.34544151427911e-14 
25.2496929449283 -369.137444600499 -40 
307.619146250551 926.855941045174 -6.40540180394397 
338.864560584329 937.4862601702 -11.6111412791599 
-15 388.982371985523 -221.723951056409 
16.4282707519877 -32.4286892277732 47.7893417083088 
27.0853101036598 -61.9726491026002 42.2768836904393 
-2.38107511617615 -55.6030588387189 44.7925208160293 
4.99999999999994 8.66025403784442 49.833287011299 
-58.1508373198251 -71.6639223801976 -77.1719321520936 
-29.5004026955012 -58.0336170675145 -85.7574958342469 
129.65208383169 -103.394086668922 1.26621237289859e-14 
172.067383082958 -41.1110002439073 -50.4493393055426 
-360.668043970457 696.260861180854 -5.42070572785536 
-347.914980345586 733.39609254851 -12.5735838263331 
-375.873360348638 654.569311645664 42.6927928237826 
-362.252639628004 765.334238478706 -2.26241261879975 
-331.897735327352 766.314469420974 -15.5620225145606 
84.3931451276486 619.132293472144 -321.379288048373 
-65.3219639786395 2.77300054124248 42.7889196844232 
80 300 -320 
28.7110765776413 53.4026066830075 -87.1690376913956 
-75.3937444180451 690 -215.10660876843 
291.28478342514 704.616089420102 3.87857674395523 
332.134098275816 689.332455579119 76.9277057699552 
315.316352280676 107.255687989462 -1.31350334986642e-14 
310.378924411046 67.3694834765072 -40 
306.451827090401 110.424924976032 -40 
356.279396318686 99.824805328099 -40 
89.4779029886787 540.88054505464 -322.312886526801 
83.4430766196986 583.516623858779 -343.640138397131 
310.034439998033 1006.71842192521 66.1631969745683 
-1.41946877083408 109.436639196936 -71.7539438248025 
0.699454754566547 65.6629037988802 42.7249456874923 
118.540365327673 76.6491790927286 14.7132129917066 
-55.2903415590174 459.40942891662 -242.967385316051 
314.617812896918 690 -14.3737811390786 
304.750525421602 690 -9.59934552701439 
326.385655881875 905.564291206109 72.9631601946427 
357.419987645165 894.009468828604 63.539168160873 
85.6844760885229 338.584655214999 -346.355364580367 
93.7104359791016 420.977825721942 -346.286933806156 
0.131981292947914 546.955359672069 -409.111509240522 
22.5991249062816 589.939815271991 -403.297043929501 
48.4081420588122 463.761186429755 -401.203174243551 
346.494921327763 632.698797191496 -15.0635083860748 
-53.5935187398214 412.385417947632 -401.913229631956 
-15.9729596234174 419.947242814581 -416.076016367633 
365.853972893245 961.323737004807 7.8974835046117 
363.627287566486 914.372367046698 3.26866917568223 
-184.894977104678 690 -110.170091914296 
-195.856791531739 630 -114.026110364837 
-195.005778657482 690 -114.740194953754 
-290 1080 30 
308.579942801876 706.714733781856 -11.4593634331859 
-185.900101585752 630 -109.32669233294 
25.1162078117254 399.210691371309 -4.88892095373275e-14 
-19.3991426313694 359.307143553041 -4.4002434326301e-14 
25.2496929449279 369.1374446005 -40 
30.7087978356597 335.25520528642 -4.10569214051503e-14 
15 367.038600611241 -40 
41.4421137828745 345.29848855289 -40 
-274.395770200568 630 -48.1240823307833 
-264.56069296797 630 -43.3226191159331 
-59.7765820713303 33.1487559017036 -84.7307536092162 
-5.00000000000006 -8.66025403784435 69.9897948556636 
-0.989822778193218 -9.95089196342568 59.9152677094227 
4.99999999999994 -8.66025403784442 69.9897948556636 
9.11240457163109 -4.11874773722752 59.9114181153208 
10 -7.105427357601e-14 69.9897948556636 
1.82597955486763 462.544384116321 -414.599049436578 
64.7213595499958 300 -367.022820183398 
67.5537729931022 576.900642950044 -264.92624333866 
88.0631932983738 502.805128153522 -346.593467803083 
124.348495678851 178.140416303758 -2.18159090625174e-14 
167.588258654143 186.599262192613 -40 
125.389260912147 229.331786555355 -40 
123.023791883383 234.823081551333 -2.87575335187758e-14 
13.1659818323937 605.067832625955 -235.700278086068 
223.792940803524 199.205526791045 -2.43956410757115e-14 
270.646431078663 183.642313617471 -2.2489697155965e-14 
260.048129781981 190.905447409575 -40 
268.899085820377 228.132601354707 -2.79381860030202e-14 
76.177817545646 618.037133314204 -283.488255163795 
-104.148563951053 39.0552251988561 28.6175981728364 
-126.330717550943 55.9504265157569 16.2895033150365 
-91.462332425073 70.2659089835182 26.9428529175024 
-157.187257115931 -139.255758230567 -40 
-146.207243988002 -156.726861622383 1.91935049426261e-14 
-187.910124931439 -108.904690142592 1.3336978019526e-14 
-201.095441477906 -170.56502376381 2.08881910398842e-14 
222.10478414653 16.4829636625876 -2.01858086898501e-15 
210 -4.89858719658941e-15 -40 
266.475088279126 27.0391762711916 -40 
258.835506320687 -33.5521373613269 -40 
44.6225321021568 718.227126074778 -383.904144286444 
-304.450267758221 143.52154256976 -1.75763197716747e-14 
-305.971871383264 110.164190307119 -40 
-281.931606027859 146.143836860849 -40 
-258.192225544984 107.253055732851 -1.31347111402008e-14 
-220.106982312591 129.4940963687 -1.58584530626408e-14 
-250.765397697049 93.6670161921163 -40 
23.868788325591 505.456567313069 -408.661351455576 
315.67479830002 165.424881383828 -2.02587051486035e-14 
371.910594355301 147.249821073871 -1.80329022053137e-14 
339.368181557017 147.40840324311 -40 
350.522672017545 192.701469640686 -2.35991237986457e-14 
349.88698034091 568.211560537692 -14.9350322690922 
370.201249218468 544.952359244514 1.02586814891327 
215.186899656106 -54.6072840718808 6.68746356487591e-15 
185.945765387174 -97.5918661291913 -40 
235.639627030353 -107.2305067118 1.31319496815554e-14 
184.676615651923 -114.585867445907 1.40327215795152e-14 
-220.635646679485 -153.407714120783 -40 
-243.536035100159 -135.122148960111 1.65476907217911e-14 
-253.332954506817 -186.559525058086 2.28469525212835e-14 
-318.887428252969 475.5226419502 49.956837677272 
-325.155691917151 478.502032229187 2.53272219365397 
-288.949245439671 491.557854755527 27.5751445568959 
-79.716473847646 667.531205401559 -304.299184988649 
-10 -6.98296267768627e-14 49.833287011299 
26.0245864448124 791.195112978969 -251.600718093535 
214.330717991599 337.731170200806 -4.13601396558707e-14 
167.094651680076 272.866144301433 -40 
172.413473981407 311.71833860938 -3.81744865613507e-14 
170.224063960526 328.517530808879 -40 
119.118968473906 290.292625450734 -40 
313.665259534982 630 -15.1730683137561 
274.747134817106 690 -47.8292524106371 
-190.505104510901 313.292611906056 -3.83672794367266e-14 
-254.969595899476 308.205297110316 -3.77442630586407e-14 
-214.330717991599 337.731170200806 -4.13601396558707e-14 
-213.371719182501 302.278860413863 -40 
-323.606797749979 235.114100916989 -2.87931731122398e-14 
-287.013177560635 233.502539400639 -40 
-259.432620913798 251.633362489459 -3.08161991931402e-14 
-263.797188839929 205.375187477318 -2.51512065968385e-14 
-239.751290284168 -81.9322005092822 1.00338007100792e-14 
42.9967404976324 169.708625367302 -51.0303167902406 
220.184499221339 -154.25787311421 -40 
157.187257115931 -139.255758230567 -40 
-324.511503973432 -25.6073614015642 -40 
-364.469481383651 -38.9996264755928 4.77607677312772e-15 
-370 -5.02090222880174e-14 -40 
-366.553800033442 -50.3816601656113 -40 
1.07214184294534 21.7205676193556 49.2107408736551 
0.200442961059719 200.26756693093 -2.45257034814991e-14 
-1.31356425683104 160.540403642991 -55.6171229145721 
-55.6145894725039 -286.69471786255 3.51099768562825e-14 
-41.8906784991728 -315.268037254386 -40 
-85.672498496167 -314.103275092667 -40 
-66.116259603893 -259.874775764733 -40 
307.818479747822 732.306800629197 -10.5368229617171 
25.3127028536179 208.468863560591 -40 
59.036291050097 213.353430037239 -2.61282595182213e-14 
287.126251537358 666.990306004316 9.8443873899457 
74.4670262789325 196.353410963937 -40 
294.601236001848 1042.59793524342 9.97988234556952 
310 1080 -4.64101615137751 
329.707537588031 1042.44050759313 -10.6696536616173 
-82.618762897675 -153.961118111579 -51.1385155722559 
350.57934074671 1004.44702382969 -5.86424111864057 
328.888805629226 971.876289374384 -11.916054255398 
351.016877631322 1005.95728793698 65.578284772825 
371.356774290725 1003.80062671448 29.429929190539 
365.14529068856 1042.33716531342 9.52892488645115 
358.613422712509 766.729297984441 -5.49782796122202 
376.714424706518 691.36230698327 25.4041043475631 
20.8300025940568 12.3406931510572 49.0214344900429 
288.987430435285 729.38734692569 51.4019561952662 
294.889544193627 1042.97715553815 50.5081143322472 
293.471198748532 765.616446166556 2.68182018703223 
-327.784463010383 966.536626163267 71.9676916147077 
-41.6398102207989 25.279631171309 46.0186927418916 
-51.9472166367411 -30.891250657859 43.8489702491551 
350 1080 -4.64101615137751 
350 1080 64.6410161513776 
314.440876884558 950.251077819231 -9.35273211998594 
347.991321856892 933.992441192005 68.6224347034676 
366.300997616621 550.54614580987 63.5855388109139 
356.597755852995 582.211291076906 71.0207499509632 
93.4160634739137 -137.016200082464 1.67796450862323e-14 
-134.197506758958 -46.184627532523 14.3066578036987 
-52.0224162823345 -2.4300268026238 -89.8697452541401 
-121.879060417838 -18.5875375276543 23.4958831140299 
-310.944259326088 707.475822394753 -12.5829559923441 
-288.691452136117 1005.24275242313 28.5228286778189 
-284.699624418507 656.290790600097 44.5059562997828 
10 7.105427357601e-14 49.833287011299 
-65.0394287877545 690 -210.740838301577 
-295.19345992972 1042.64342363668 8.96868277971978 
290 1080 30 
-67.9092145124236 630 -208.332802158449 
-78.0483235284967 630 -212.879152415919 
-225.230397276861 630 -76.3246557244363 
-224.846826543653 690 -76.6465097852019 
-348.844174205149 1005.52345441139 66.783976125099 
-366.553800033442 50.381660165611 -40 
-349.142170674727 69.2834307321767 -8.48477316801076e-15 
-308.85480140593 35.0692299690344 -4.29474202301404e-15 
-308.003315541225 66.7147712876856 -40 
15 463.124902971595 -154.511196037046 
15 431.096135518144 -116.340797358031 
-15 463.124902971595 -154.511196037046 
-15 422.681955217685 -175.306293624708 
-285.126092160166 574.398277462947 49.7518664360379 
-35.2511998969474 57.2724443839686 42.3648748056283 
-365.197342888442 761.886255565201 59.1181130156405 
129.902898602881 -120.850072797338 -50.2869555390284 
-12.1553724366851 840 -251.063457289146 
35 840 -259.378221735089 
-367.105193380401 903.930485832283 52.0140377204507 
12.0536680255322 380 -220.729112590195 
-24.7213595499958 300 -243.915478696388 
119.293596813543 -172.826611837668 -40 
-0.382114974543264 -326.596677208651 -40 
-33.2872375597306 -330.762559895893 4.0506731025429e-14 
23.4736056248496 -317.408853852751 3.88713736891801e-14 
-25.2496929449281 -369.1374446005 -40 
-25.1162078117253 -399.210691371309 4.88892095373275e-14 
-74.9525258342898 -392.914900291475 4.81181974979257e-14 
84.494598897207 262.612549047021 -3.21607617606361e-14 
308.270213364966 1004.73148599983 -5.17313426531807 
127.235487054028 285.865822807099 -3.50084664886339e-14 
65.7750456974332 251.842875901082 -40 
-350 1080 -4.64101615137751 
-310 1080 -4.64101615137751 
174.563267704112 263.252441641568 -3.22391260024072e-14 
175.604691138876 229.387974985225 -40 
210.58221037989 252.501288171488 -40 
-289.714309753238 602.39023171934 2.94261031999724 
170.224063960526 -328.517530808879 -40 
213.371719182501 -302.278860413863 -40 
194.55815221629 -318.367499330193 3.89887739007268e-14 
214.330717991599 -337.731170200806 4.13601396558707e-14 
141.659073961812 -309.743028534422 3.79325808452887e-14 
170.311716626029 -361.930820986408 4.43237421433778e-14 
-251.989722678607 -93.1805796560053 -40 
15 410.564467795338 -172.537649181939 
-75.2787248294748 362.261112442459 -40 
-25.2496929449287 369.137444600499 -40 
-38.7258141897857 348.45160792211 -40 
-281.952747324767 -146.373769691968 -40 
-267.318952202941 -187.510384612878 -40 
-233.699753315694 -214.678079587905 -40 
-174.848437132418 -202.431088146619 -40 
-119.293596813543 -172.826611837668 -40 
-266.686591929139 -27.4007159948506 -40 
-240.632355829092 -33.3701075530119 4.08665954019989e-15 
-235.126280866154 630 -81.0750963478104 
-74.4670262789325 -196.353410963937 -40 
-100.430238299194 -200.302700297158 2.45300060779486e-14 
-120.794374492511 -231.682803868973 -40 
-85.803095092647 -254.834532762459 3.12082294859757e-14 
-282.035381440513 -53.2504677737732 6.52130149122507e-15 
-288.302133620228 -105.817717135985 1.29589328583664e-14 
-217.510801671857 -225.920661421625 2.76673014871246e-14 
-237.804890050239 -276.027993665769 3.3803679891785e-14 
-269.503063218612 -233.500393498412 2.85955509497478e-14 
-252.544662990902 -270.409306782906 -40 
-207.40011158152 -250.204470756264 -40 
-186.86901026259 -274.079618646625 3.35650727687116e-14 
185.953009700585 -278.058676912574 3.40523668656132e-14 
207.618912633237 -250.776523783631 -40 
234.492904690636 -255.720075839326 3.13166772354349e-14 
167.452947141461 -267.173784605398 -40 
175.164382428212 -203.029362843834 -40 
180.062677879587 -229.02908386784 2.80479734470402e-14 
252.544662990902 -270.409306782906 -40 
233.86189075212 -215.52968176105 -40 
75.1780722266524 358.524397178663 -4.39065755421084e-14 
15 323.525024300165 -40 
-70 840 -320 
-163.787812290403 -2.729295674981 -54.5861418946971 
-332.896811348445 705.241155704289 -16.6021755004896 
-376.645624810587 691.873579437067 24.833919193789 
292.868165619807 547.148289061095 -2.75641632026232 
-343.959245958604 124.653507181001 -1.52656518571705e-14 
-387.433264451452 99.4759548659417 -1.21822909718702e-14 
-371.910594355301 147.249821073871 -1.80329022053137e-14 
-356.279396318686 99.8248053280989 -40 
-303.566657540756 88.7741805559866 -1.08717016064818e-14 
-350.522672017545 192.701469640686 -2.35991237986457e-14 
-339.368181557018 147.408403243109 -40 
264.655542553357 125.784150177701 -1.54041156898591e-14 
280.454447252314 146.702940682504 -40 
323.606797749979 235.114100916989 -2.87931731122399e-14 
316.135179682201 192.246061513111 -40 
174.853241357634 216.023215140858 -2.64552138963772e-14 
212.629992003135 204.304365357339 -40 
-258.141677791524 53.8904270248955 -6.59967389607223e-15 
-15 431.096135518144 -116.340797358031 
-370.454072775232 541.626541238349 1.27721612360251 
-34.9672372496057 -222.054166084296 2.71937923732468e-14 
-25.3127028536179 -208.468863560591 -40 
25.3127028536177 -208.468863560591 -40 
254.969595899476 -308.205297110316 3.77442630586407e-14 
272.054943445964 -231.974179886905 2.84086436883331e-14 
287.013177560635 -233.502539400639 -40 
228.67159349187 -205.620059323691 2.51811947491247e-14 
-1.8670646109043 -273.288338551055 3.34681689050848e-14 
-213.371719182501 -302.278860413864 -40 
-214.330717991599 -337.731170200806 4.13601396558707e-14 
296.769592573907 483.194082056364 36.408153136606 
-291.587450968564 -273.818842371476 3.35331368856461e-14 
316.135179682201 -192.24606151311 -40 
267.055509159852 -188.213785661269 -40 
291.587450968565 -273.818842371475 3.35331368856461e-14 
307.974074792482 -67.1575291538491 -40 
327.159531335625 -115.488103795407 1.41432136652643e-14 
275.136438173627 -83.175783700765 1.01860957275714e-14 
305.750598242925 -110.735255153609 -40 
15 297.491671801017 -112.689580422564 
15 266.994771739515 -76.3447902112818 
-15 266.994771739515 -76.3447902112818 
278.617238477643 -136.6622156917 1.67362945011226e-14 
281.393362002396 -147.077561975089 -40 
-15 327.988571862519 -149.034370633845 
-15 358.485471924021 -185.379160845127 
-15 381.418196349006 -134.073018815881 
15 379.370104918188 -131.751159616576 
356.279396318686 -99.824805328099 -40 
227.272846633866 245.655162523665 -3.00840808478629e-14 
-15 348.008978179183 -93.0660752044131 
-310.802217403095 -67.4319471910677 -40 
-356.007499013545 15.9357568363319 -1.95156736016044e-15 
15 348.168901306292 -91.3886758101958 
-15 323.525024300165 -40 
-314.864602617433 16.4803389653376 -40 
123.905456503265 -348.636541183964 -40 
122.163729281256 -290.400207594016 -40 
107.846445597088 -350.504055707331 4.29243669910149e-14 
-318.544231139025 -19.1544996199981 2.34574966488998e-15 
-330.834793484814 -75.1357848720559 9.20147984449874e-15 
88.545602565321 380 -366.472317204377 
-97.0941817426052 380 -343.931566428756 
-102.181806551151 297.996166119277 -3.64940050996156e-14 
-86.052909526484 287.115177923759 -40 
-59.876230095426 328.736534677626 -4.02586144955748e-14 
-56.7888429918552 269.702258096734 -3.30290007100978e-14 
15 236.497871678013 -40 
-15 280.011447989089 -40 
-15 236.497871678013 -40 
15 327.988571862519 -149.034370633845 
15 358.485471924021 -185.379160845127 
-337.911215959409 492.245611707107 70.8302166603476 
-55.5494787519856 242.320053057384 -40 
-107.63823815149 243.171837440836 -2.977996123647e-14 
8.65954046270629 5.00123574476874 56.507163138461 
-15 297.491671801017 -112.689580422564 
39.0373853525135 276.583227002609 -3.38716763646591e-14 
15 280.011447989089 -40 
-3.94578079963493 244.667194233374 -2.99630896274265e-14 
120.868457676923 -231.659808705812 -40 
-233.610932197829 213.543841318965 -40 
-214.458278767287 220.017866485048 -2.69444175946144e-14 
-4.99999999999993 -8.66025403784442 49.833287011299 
138.904733762616 -152.872274212834 1.87214541293124e-14 
141.547563316601 -200.893461832339 2.46023535002605e-14 
-157.187257115931 139.255758230567 -40 
-167.385589313888 -266.844787410315 -40 
-170.224063960526 -328.517530808879 -40 
-155.174908597899 -320.287509665508 3.92239073518742e-14 
-25.3127028536177 208.468863560591 -40 
-11.6630523426141 301.876418885579 -3.6969199012629e-14 
250.435576011356 -94.4088747425072 -40 
265.076695243305 68.2237675015672 -8.35500184965675e-15 
203.897781659471 50.2562895003869 -40 
203.897781659471 -50.2562895003871 -40 
276.850577407615 -189.285522088461 2.3180790875057e-14 
321.11747945929 -169.953098610909 2.08132518219024e-14 
323.606797749979 -235.114100916989 2.87931731122399e-14 
339.368181557018 -147.408403243109 -40 
350.522672017546 -192.701469640686 2.35991237986457e-14 
-307.25179020372 -110.190431033766 -40 
124.527242204451 334.511314046894 -4.09658210026103e-14 
-356.279396318686 -99.8248053280991 -40 
75.2787248294743 362.26111244246 -40 
-25.1162078117254 399.210691371309 -4.88892095373275e-14 
-2.93647379276849 720.41112121921 -242.256162520802 
116.260344289379 130.402424617857 -51.1463109788619 
157.187257115931 139.255758230567 -40 
-119.293596813543 172.826611837668 -40 
-61.4774370089615 322.935874519346 -40 
-287.013177560635 -233.50253940064 -40 
119.293596813543 172.826611837668 -40 
75.2787248294746 -362.261112442459 -40 
85.3783424353519 -313.613925284588 -40 
-270.174826724565 0.344633677603377 -4.22054530155356e-17 
-259.199701478554 33.2477469193532 -40 
-296.23804899185 -157.928700534465 1.93406877603033e-14 
-337.465570170557 -129.970336169298 1.59167756173836e-14 
-339.368181557018 -147.408403243109 -40 
-350.522672017545 -192.701469640686 2.35991237986457e-14 
-400 4.89842541528951e-14 -5.99884100569634e-30 
-396.845880525791 50.1332934257218 -6.13955773245253e-15 
123.606797749979 380.422606518061 -4.65883327395637e-14 
123.905456503265 348.636541183964 -40 
-79.0847936529815 -340.869301487177 4.17444498993865e-14 
-75.2787248294744 -362.261112442459 -40 
67.4495514195477 312.750456509165 -40 
79.5551225785112 309.307956508755 -3.78792998889256e-14 
184.748809908007 -175.037190971693 2.14358735655227e-14 
231.042742219829 -154.852036239821 1.89639050522546e-14 
170.311716626029 361.930820986408 -4.43237421433778e-14 
-122.315847294048 -290.644888888496 -40 
-163.231375358051 -214.478784558351 2.62660756994399e-14 
-133.036653301969 -261.040162979461 3.196820000417e-14 
333.165380256381 602.461664033558 -18.4241235347139 
287.013177560635 233.50253940064 -40 
244.998771664228 230.256365879891 -40 
235.126280866154 630 -81.0750963478104 
-196.307897814908 248.536590386284 -40 
-148.563838345936 283.223407982905 -40 
-206.34534767754 267.812105335202 -3.27975237571669e-14 
-151.480998922896 279.63346502658 -3.42452227879284e-14 
-161.459371053692 229.910841864945 -2.81559576579178e-14 
-140.15291076117 329.364851966804 -4.03355611712788e-14 
-123.905456503265 348.636541183964 -40 
-170.224063960527 328.517530808879 -40 
180.019984048994 174.331921914685 -2.13495030162025e-14 
315.113794092233 49.7552796075373 -6.09326439120521e-15 
371.910594355301 -147.249821073871 1.80329022053137e-14 
217.283976029904 149.664462324868 -40 
291.587450968565 273.818842371475 -3.35331368856461e-14 
324.546538283593 25.5944663463383 -40 
358.008149203802 23.4565797739828 -2.87260253391526e-15 
370 -4.89858719658941e-15 -40 
366.553800033442 50.3816601656115 -40 
-254.969595899476 -308.205297110316 3.77442630586407e-14 
-252.544662990902 270.409306782906 -40 
356.987342432914 80.934097085731 -9.91156829379216e-15 
-15 399.067368064692 -78.1703986790153 
15 399.067368064692 -78.1703986790154 
310 1080 64.6410161513776 
-149.9833591676 226.331277333025 -40 
-106.673051179576 235.55006147821 -40 
-74.9525258342899 392.914900291475 -4.81181974979257e-14 
-99.2333775764305 346.424384318321 -4.24247513402024e-14 
-123.606797749979 -380.422606518061 4.65883327395637e-14 
-123.905456503265 -348.636541183964 -40 
-301.636926967428 187.757759278319 -2.29936938915273e-14 
-106.510691571643 -309.493533426034 3.79020265066997e-14 
324.984502671132 -62.3062311317933 7.63031265224858e-15 
315.231513117128 -16.5728918855145 -40 
270.496536031031 -29.0191513709834 3.55382108404474e-15 
164.910522415452 131.185650266819 -1.60656086693323e-14 
206.662133034406 85.9999243657648 -1.05319532101448e-14 
74.9525258342898 392.914900291475 -4.81181974979257e-14 
-15 367.038600611241 -40 
276.825204133441 19.8703424358558 -2.43341512620326e-15 
318.519907686976 -6.24903632151266 7.65286232889603e-16 
-121.203501947801 182.528502808883 -2.23532946718058e-14 
-175.123406278846 187.271221854663 -2.29341102416726e-14 
251.293437373381 92.2521087566537 -40 
366.553800033442 -50.3816601656112 -40 
363.831210854289 -34.0078790097669 4.16476401751015e-15 
-216.956996922967 172.472687041975 -2.11218124126298e-14 
-179.84374140848 190.838691921196 -40 
-221.565688319562 151.295631643118 -40 
-169.385688316878 135.98385631788 -1.66532194375405e-14 
-299.364294369624 -200.697920210964 2.45784065581888e-14 
-316.135179682201 -192.246061513111 -40 
-170.311716626029 361.930820986408 -4.43237421433778e-14 
-260.50773987155 157.541294766557 -1.92932442369394e-14 
74.95252583429 -392.914900291475 4.81181974979257e-14 
-323.606797749979 -235.114100916989 2.87931731122399e-14 
83.1799365713873 -307.80704195331 3.76954908683136e-14 
123.606797749979 -380.422606518061 4.65883327395637e-14 
65.7784834550136 840 -296.058589967203 
219.459890792877 148.313079388474 -1.81631137944782e-14 
288.660299338831 1004.7704444456 30.551929288098 
76.8318175342666 733.029510061556 -315.28532454954 
400 0 0 
-339.669005199056 667.407959713991 -16.3703651405259 
370 1080 30 
-316.135179682201 192.24606151311 -40 
-267.403116294049 186.931823375269 -40 
10.9840627606397 816.964937655543 -249.346427089831 
-396.845880525791 -50.1332934257217 6.13955773245251e-15 
-15 495.153670425046 -192.681594716061 
-350.763719534689 932.010393827812 67.2460116931979 
-8.66015052991673 -5.00017927670429 56.5057384021132 
15 495.153670425047 -192.681594716061 
24.7213595499958 300 -396.084521303612 
396.845880525791 -50.1332934257215 6.13955773245249e-15 
-170.311716626029 -361.930820986408 4.43237421433778e-14 
387.433264451452 -99.4759548659421 1.21822909718703e-14 
396.845880525791 50.1332934257217 -6.13955773245251e-15 
387.433264451452 99.4759548659419 -1.21822909718702e-14 
-387.433264451452 -99.475954865942 1.21822909718702e-14 
-123.606797749979 380.422606518061 -4.65883327395637e-14 
-371.9105943553 -147.249821073871 1.80329022053137e-14 
-291.587450968565 273.818842371475 -3.35331368856461e-14 
2088
0 1 2 
6 7 8 
10 11 12 
13 14 15 
17 16 18 
27 28 29 
35 36 37 
41 42 43 
57 58 59 
37 36 67 
76 77 78 
86 87 77 
88 13 51 
97 17 99 
17 95 99 
91 90 119 
90 91 76 
123 122 124 
127 128 129 
137 138 136 
140 141 115 
49 142 46 
148 143 149 
62 61 60 
154 155 156 
44 158 43 
11 10 160 
43 42 44 
152 162 163 
164 165 155 
156 166 167 
174 175 176 
0 177 1 
30 178 179 
5 150 143 
89 182 88 
179 178 181 
186 175 187 
189 190 191 
198 199 131 
166 165 167 
205 206 207 
212 213 210 
224 223 204 
227 225 226 
239 240 120 
154 242 155 
246 247 248 
117 253 254 
260 248 261 
262 263 259 
74 264 73 
265 266 158 
29 140 116 
251 269 118 
277 246 260 
45 289 290 
296 297 298 
273 176 312 
270 271 205 
318 317 319 
336 334 337 
152 340 339 
346 344 52 
347 348 349 
112 350 349 
350 109 349 
362 363 96 
366 61 367 
370 368 371 
387 388 389 
386 8 9 
8 7 9 
123 392 120 
206 393 272 
124 122 393 
398 399 400 
44 387 267 
362 401 396 
402 403 286 
408 407 172 
270 392 271 
415 394 416 
414 415 416 
94 328 98 
161 270 418 
424 415 298 
415 424 394 
358 196 69 
86 76 91 
28 27 431 
254 432 311 
433 417 434 
254 309 117 
92 119 93 
29 28 140 
446 445 447 
243 80 450 
449 243 451 
454 455 456 
301 457 300 
457 301 458 
454 458 455 
457 459 300 
460 86 91 
464 463 211 
276 465 235 
455 469 244 
216 214 219 
249 236 470 
275 466 274 
304 477 473 
488 374 491 
493 427 492 
494 495 428 
495 492 428 
426 496 428 
434 501 433 
504 505 413 
506 507 508 
170 511 512 
513 320 514 
243 300 244 
372 520 373 
111 112 524 
401 260 396 
528 529 109 
458 531 455 
157 151 224 
333 338 533 
457 537 459 
537 457 454 
537 538 459 
537 454 539 
540 539 456 
546 545 66 
164 7 167 
225 497 229 
551 550 552 
125 295 467 
554 555 432 
430 140 28 
130 125 126 
182 560 278 
561 517 562 
283 282 563 
565 26 566 
26 240 568 
447 445 444 
445 516 572 
237 574 251 
74 241 576 
74 576 264 
578 579 580 
343 583 45 
29 82 27 
27 82 79 
79 82 81 
530 323 541 
285 530 541 
63 471 64 
200 437 439 
590 437 591 
450 301 300 
128 183 276 
594 595 36 
594 366 595 
243 244 451 
202 597 201 
598 599 33 
598 518 599 
575 163 238 
555 600 601 
395 434 22 
495 602 493 
494 603 604 
424 605 394 
297 605 424 
589 606 588 
607 494 496 
495 604 602 
23 591 438 
608 609 611 
195 358 438 
612 610 613 
614 615 96 
617 15 618 
569 566 568 
258 377 259 
619 620 621 
387 44 42 
250 251 118 
619 617 618 
234 275 235 
516 623 572 
623 592 572 
184 624 469 
38 42 39 
300 455 244 
631 632 634 
245 244 635 
465 470 236 
252 236 249 
601 24 23 
562 517 144 
411 391 638 
640 641 642 
644 645 646 
353 557 558 
505 652 651 
656 657 658 
655 656 658 
306 302 587 
181 304 56 
101 225 227 
663 661 664 
379 218 380 
357 361 406 
642 666 667 
413 345 53 
668 669 670 
671 250 116 
3 573 4 
14 278 672 
572 592 444 
254 311 307 
335 334 674 
334 336 674 
434 417 329 
107 585 355 
677 675 678 
682 683 684 
682 681 683 
546 519 160 
303 462 302 
687 685 688 
689 641 54 
691 692 662 
695 693 696 
355 354 697 
698 486 378 
701 702 703 
290 291 288 
483 159 153 
293 704 294 
439 437 288 
698 378 706 
221 211 215 
359 197 357 
679 201 597 
49 47 48 
575 589 707 
48 519 50 
690 705 708 
709 710 711 
68 351 347 
253 554 432 
385 679 533 
606 589 575 
361 425 309 
707 533 340 
712 220 221 
275 274 128 
435 307 405 
671 115 499 
268 191 312 
713 600 714 
70 197 359 
153 159 264 
575 707 163 
588 606 293 
343 715 583 
147 716 717 
310 307 435 
294 404 718 
308 307 311 
264 159 719 
117 425 439 
432 254 253 
314 315 106 
292 71 719 
72 718 405 
310 360 309 
202 330 597 
73 264 719 
723 406 361 
254 310 309 
713 711 717 
296 724 189 
361 309 360 
425 117 309 
288 117 439 
342 600 716 
711 727 717 
728 146 147 
292 294 71 
546 160 545 
555 554 729 
590 591 730 
292 201 293 
729 554 289 
716 600 713 
172 214 408 
222 731 732 
635 469 624 
330 481 659 
194 438 437 
107 355 105 
202 482 330 
483 732 480 
475 587 129 
192 503 624 
378 377 258 
8 386 533 
386 385 533 
118 116 250 
535 35 625 
22 85 20 
239 422 568 
737 97 99 
297 296 738 
739 20 21 
739 21 363 
427 741 574 
97 362 96 
557 59 58 
742 267 389 
321 497 225 
189 40 738 
396 260 261 
709 722 743 
161 187 121 
173 171 170 
427 426 744 
492 574 745 
120 392 121 
393 390 272 
87 84 85 
492 745 428 
390 420 261 
393 122 420 
248 247 390 
568 422 569 
603 18 604 
747 607 602 
603 607 746 
392 123 124 
433 501 421 
515 144 735 
338 333 331 
754 753 755 
332 151 157 
501 420 421 
660 134 208 
757 20 84 
502 95 96 
26 25 240 
86 77 76 
559 173 558 
187 239 121 
240 239 568 
501 434 395 
362 739 363 
261 248 390 
247 246 423 
277 260 401 
165 540 155 
538 166 156 
537 166 538 
277 401 737 
166 539 165 
759 120 240 
273 191 207 
64 471 472 
569 422 423 
396 739 362 
328 78 567 
123 759 421 
122 421 420 
261 420 501 
225 228 226 
212 210 452 
353 327 352 
265 44 268 
524 761 762 
515 544 2 
5 515 1 
174 176 419 
392 270 121 
270 763 418 
189 191 268 
446 447 764 
265 158 44 
11 367 12 
82 29 118 
765 446 478 
365 11 160 
760 766 212 
765 478 473 
637 638 317 
768 551 769 
38 39 748 
771 772 770 
771 551 772 
550 771 553 
771 550 551 
774 713 714 
773 629 775 
708 776 628 
777 394 778 
389 777 778 
605 297 742 
388 777 389 
626 629 706 
415 414 298 
781 780 675 
21 782 363 
472 549 12 
284 760 452 
781 675 336 
783 784 786 
496 426 493 
785 787 788 
665 789 382 
790 461 126 
791 792 793 
428 496 494 
639 665 382 
493 602 496 
795 665 796 
797 639 798 
799 55 789 
384 55 52 
52 55 799 
382 55 384 
607 496 602 
180 477 181 
477 304 181 
446 765 448 
446 764 478 
765 180 448 
604 495 494 
478 764 462 
801 615 614 
185 193 184 
128 276 275 
193 185 183 
80 243 449 
545 160 10 
545 68 66 
493 492 495 
29 116 118 
188 184 193 
250 237 251 
455 300 459 
472 367 64 
803 219 218 
804 802 703 
802 798 712 
798 802 804 
806 807 689 
379 383 641 
641 383 54 
297 738 742 
151 332 152 
641 689 666 
809 808 810 
808 809 813 
800 54 345 
800 806 689 
788 786 785 
788 783 786 
190 207 191 
784 783 817 
401 97 737 
815 817 818 
115 671 116 
370 814 819 
267 40 44 
11 366 367 
814 370 787 
820 815 821 
72 73 71 
65 347 349 
45 290 287 
348 347 351 
379 380 383 
430 28 824 
125 467 126 
503 570 635 
466 472 471 
825 281 384 
81 450 80 
234 250 671 
12 549 499 
668 441 669 
26 827 25 
624 503 635 
660 481 134 
826 277 737 
240 25 759 
659 484 331 
115 498 499 
828 484 203 
830 831 832 
830 829 831 
79 761 27 
648 829 833 
834 829 648 
577 655 836 
365 519 48 
632 655 838 
185 276 183 
184 531 630 
582 570 503 
655 577 656 
780 781 841 
476 62 518 
627 628 780 
796 665 797 
798 639 220 
345 505 842 
500 299 364 
755 756 843 
754 755 843 
844 91 119 
443 520 440 
18 603 801 
603 746 801 
110 92 782 
233 33 34 
110 372 92 
217 846 215 
63 521 522 
231 232 305 
476 231 521 
846 217 847 
399 846 847 
848 814 785 
814 787 785 
18 16 747 
16 746 747 
230 231 476 
303 473 462 
850 820 821 
105 720 352 
814 848 816 
481 482 480 
371 845 852 
845 700 852 
306 305 232 
813 809 854 
476 521 63 
536 535 593 
208 659 660 
305 521 231 
599 257 32 
534 199 593 
812 853 811 
203 855 204 
623 255 592 
809 810 856 
132 299 125 
444 131 447 
857 850 858 
820 850 859 
815 784 817 
864 865 866 
867 861 862 
870 869 871 
863 860 873 
779 840 874 
102 586 323 
779 335 676 
875 871 869 
876 693 799 
304 473 303 
757 84 440 
584 514 548 
693 695 880 
53 412 413 
719 71 73 
285 326 286 
806 884 885 
593 535 534 
593 886 536 
887 56 232 
890 888 891 
353 326 327 
132 131 199 
293 201 588 
865 892 894 
181 56 179 
895 896 872 
896 895 869 
870 556 896 
529 65 109 
448 180 178 
56 233 34 
411 758 391 
113 350 111 
350 112 111 
30 179 34 
442 897 443 
326 325 327 
373 670 669 
137 139 855 
598 33 233 
139 137 133 
560 182 900 
24 601 600 
432 555 601 
289 291 290 
828 203 204 
203 484 208 
882 783 881 
907 687 688 
689 54 800 
547 908 672 
807 806 885 
294 292 293 
909 368 910 
911 506 508 
209 368 733 
910 368 370 
636 409 411 
2 1 515 
902 611 916 
917 691 662 
776 892 903 
551 768 772 
859 923 849 
859 850 923 
857 924 925 
923 850 857 
859 849 816 
88 182 14 
789 926 876 
693 880 799 
927 775 676 
895 872 878 
478 462 473 
928 876 926 
865 864 823 
753 754 790 
463 148 453 
479 558 407 
67 48 47 
740 900 620 
14 13 88 
171 559 542 
479 402 286 
319 391 262 
613 610 929 
720 105 355 
542 523 726 
352 327 105 
608 930 609 
930 608 610 
823 878 612 
612 613 823 
620 619 618 
106 327 325 
228 229 453 
133 136 134 
269 931 82 
66 65 529 
225 229 228 
351 141 430 
529 647 546 
109 65 349 
934 488 506 
543 3 2 
673 81 80 
150 5 1 
485 319 262 
104 626 376 
160 519 365 
795 796 936 
369 400 847 
528 113 526 
221 464 211 
460 441 442 
520 372 110 
372 373 92 
210 211 453 
562 143 463 
799 880 941 
218 512 380 
561 221 509 
670 373 520 
376 100 104 
731 133 134 
942 943 945 
136 138 208 
134 481 480 
731 134 480 
355 585 354 
211 217 215 
846 802 215 
491 375 316 
3 0 2 
143 562 144 
103 101 320 
946 877 947 
695 946 947 
735 616 544 
53 383 734 
371 852 397 
371 397 370 
369 213 212 
847 213 369 
948 949 929 
769 551 552 
866 894 893 
866 865 894 
796 812 811 
796 811 936 
823 903 865 
923 925 922 
923 857 925 
775 629 779 
952 903 823 
445 448 516 
664 954 955 
677 949 956 
336 675 677 
957 804 703 
665 639 797 
696 876 928 
938 398 939 
926 789 794 
211 210 213 
402 733 403 
938 939 881 
939 882 881 
547 58 908 
559 557 542 
30 34 31 
223 339 338 
659 331 960 
354 356 697 
839 657 837 
127 468 183 
764 461 556 
299 500 125 
961 962 337 
448 445 446 
500 364 192 
961 633 962 
892 776 705 
692 691 818 
852 768 769 
137 136 133 
430 824 351 
955 851 921 
210 453 452 
963 9 242 
167 7 154 
808 958 642 
796 797 812 
965 964 684 
821 815 818 
967 966 968 
733 909 563 
909 910 954 
909 954 664 
792 930 610 
509 510 281 
902 773 953 
653 941 752 
611 609 916 
970 965 971 
972 840 626 
780 628 675 
912 804 957 
628 678 675 
656 580 657 
577 918 973 
924 857 868 
925 974 922 
925 924 974 
627 841 975 
975 841 633 
838 961 976 
634 838 976 
530 643 323 
644 920 564 
979 977 980 
217 211 213 
182 19 900 
939 398 400 
366 365 595 
703 846 399 
767 399 398 
654 35 596 
701 767 770 
636 638 637 
345 842 940 
981 811 853 
622 518 60 
951 701 770 
565 566 826 
64 62 63 
429 762 313 
528 526 75 
141 68 498 
546 66 529 
140 115 116 
113 109 350 
669 436 373 
442 83 86 
687 966 682 
844 436 460 
856 811 981 
809 856 981 
579 837 657 
633 961 839 
135 133 222 
200 197 194 
983 973 978 
71 718 72 
194 197 196 
357 406 359 
985 984 612 
878 985 612 
196 358 195 
357 197 200 
196 195 194 
425 357 200 
649 653 752 
146 986 722 
967 968 899 
743 722 986 
145 743 986 
797 804 912 
835 650 649 
379 641 640 
543 544 616 
683 971 684 
987 965 988 
916 890 891 
609 989 890 
768 852 700 
356 672 278 
219 803 845 
356 523 547 
169 214 172 
951 991 992 
990 888 890 
802 712 215 
888 967 899 
950 700 994 
701 703 399 
806 800 940 
803 805 845 
834 648 993 
54 53 345 
751 833 750 
780 841 627 
976 874 634 
874 631 634 
353 479 326 
868 863 924 
974 924 873 
996 646 645 
104 102 998 
102 104 586 
102 323 999 
998 102 999 
1000 608 822 
1000 610 608 
612 1001 610 
973 1002 1003 
793 792 1001 
594 61 366 
579 1006 837 
1010 911 1011 
652 1012 1009 
996 979 1007 
400 905 882 
861 995 862 
996 977 979 
663 664 955 
1003 995 1008 
921 867 955 
848 785 786 
784 848 786 
795 936 1014 
942 1013 667 
733 408 209 
336 677 674 
828 223 331 
720 697 560 
613 929 952 
976 334 335 
337 334 976 
224 204 135 
113 111 527 
141 140 430 
611 822 608 
927 953 775 
49 75 142 
245 142 451 
931 252 301 
948 927 956 
949 948 956 
549 671 499 
269 252 931 
236 252 741 
252 251 741 
746 607 747 
181 178 180 
139 133 135 
71 294 718 
196 70 69 
746 16 615 
359 721 241 
196 197 70 
704 606 575 
69 74 73 
775 779 676 
632 838 634 
337 976 961 
676 335 674 
683 1015 971 
683 681 1015 
241 70 359 
728 986 146 
728 145 986 
963 6 385 
8 680 6 
680 385 6 
765 477 180 
473 477 765 
8 533 589 
770 772 951 
702 951 992 
991 950 994 
1016 648 651 
489 899 1004 
651 648 833 
1005 1004 968 
318 485 1004 
831 835 832 
649 752 832 
752 941 880 
750 830 947 
830 749 947 
940 800 345 
967 888 969 
987 964 965 
968 966 907 
968 907 1005 
969 681 967 
887 232 231 
681 966 967 
942 666 807 
789 55 382 
884 940 751 
678 628 776 
842 751 940 
344 825 52 
842 833 751 
523 725 571 
103 320 932 
583 146 722 
1017 553 938 
951 772 991 
772 950 991 
640 642 958 
959 914 994 
959 803 958 
813 914 959 
863 868 917 
380 512 381 
867 862 663 
922 861 867 
858 868 857 
840 629 626 
1018 810 1013 
921 849 923 
552 1017 883 
552 883 1019 
692 818 766 
794 665 795 
939 400 882 
881 1020 938 
881 783 788 
280 316 616 
1017 1020 883 
938 1020 1017 
896 790 872 
984 843 871 
220 639 510 
445 572 444 
958 803 640 
841 781 962 
382 384 510 
512 218 168 
761 431 27 
1013 810 667 
703 802 846 
381 734 380 
429 527 1021 
443 668 670 
524 112 114 
734 383 380 
352 720 59 
1012 318 1004 
1006 324 975 
391 319 638 
360 310 435 
103 324 322 
465 276 470 
541 314 325 
465 237 235 
913 957 992 
571 726 523 
59 557 352 
470 630 249 
237 236 744 
879 875 901 
442 86 460 
173 169 172 
516 448 178 
539 454 456 
166 537 539 
229 284 452 
357 425 361 
403 563 282 
402 407 408 
784 820 848 
65 66 347 
452 453 229 
1023 45 583 
730 343 287 
743 710 709 
743 145 710 
459 456 455 
864 866 901 
823 864 878 
381 736 734 
410 736 381 
227 226 4 
221 220 510 
279 344 507 
384 281 510 
142 1024 451 
168 218 219 
715 147 146 
354 758 725 
1009 1012 1005 
399 847 400 
667 666 942 
794 789 665 
1011 911 508 
487 488 934 
915 898 894 
652 1016 651 
346 508 344 
52 825 384 
491 506 488 
1011 653 650 
954 910 819 
905 817 882 
504 1012 505 
934 987 988 
816 851 819 
412 637 413 
504 318 1012 
1007 860 996 
353 352 557 
227 573 548 
327 106 105 
523 356 725 
937 708 628 
618 908 57 
1008 1025 978 
966 687 907 
1004 899 968 
263 391 758 
227 548 101 
226 228 149 
740 57 59 
144 5 143 
259 263 585 
108 259 107 
149 150 177 
278 560 697 
690 708 513 
378 376 706 
862 997 661 
871 843 756 
456 538 540 
326 285 325 
559 171 173 
279 281 825 
410 726 571 
617 13 15 
13 617 51 
184 469 531 
111 1021 527 
1021 111 524 
311 432 601 
710 727 711 
710 145 727 
862 995 997 
165 539 540 
206 272 207 
522 471 63 
61 62 64 
597 960 679 
274 522 129 
127 183 128 
597 330 960 
273 312 191 
93 119 94 
138 855 203 
202 719 159 
679 588 201 
565 826 1026 
338 340 533 
442 443 83 
147 717 1027 
77 87 85 
86 83 87 
84 83 440 
246 248 260 
827 26 565 
361 360 723 
123 120 759 
721 163 162 
24 342 730 
600 342 24 
70 241 74 
715 716 147 
194 195 438 
404 435 718 
438 358 308 
727 1027 717 
727 145 1027 
704 723 404 
704 404 294 
154 6 242 
153 264 576 
162 241 721 
998 972 626 
103 932 933 
310 254 307 
972 1022 631 
1022 972 998 
288 291 117 
626 104 998 
291 554 253 
933 627 975 
104 100 586 
438 308 23 
280 509 281 
601 23 311 
171 511 170 
714 555 729 
573 227 4 
668 897 441 
573 341 548 
725 356 354 
918 577 836 
643 918 999 
1019 370 397 
950 768 700 
385 386 963 
767 398 553 
1019 397 769 
329 22 434 
810 808 667 
92 502 782 
114 348 824 
348 351 824 
1026 95 98 
945 1013 942 
607 603 494 
329 85 22 
587 302 474 
808 642 667 
794 795 1014 
812 797 912 
835 1028 650 
782 502 96 
113 527 526 
1028 685 686 
114 431 761 
389 778 742 
1015 681 969 
929 610 1000 
997 643 661 
643 530 661 
79 1030 761 
877 751 750 
749 695 947 
738 267 742 
239 120 121 
343 730 342 
832 749 830 
868 858 691 
17 97 16 
239 187 422 
947 877 750 
97 401 362 
423 246 569 
1031 695 696 
816 849 851 
923 922 921 
395 739 396 
848 859 816 
848 820 859 
974 861 922 
739 395 22 
433 421 759 
837 1006 975 
933 975 324 
628 627 937 
757 110 21 
76 78 90 
999 1022 998 
321 103 322 
987 1010 964 
668 443 897 
93 502 92 
17 614 95 
631 840 972 
912 957 913 
422 175 423 
186 187 161 
803 218 640 
418 186 161 
146 583 715 
393 206 124 
913 854 853 
474 1032 468 
854 981 853 
854 809 981 
680 679 385 
393 420 390 
513 708 937 
421 122 123 
158 418 43 
779 629 840 
589 588 680 
588 679 680 
100 258 108 
108 258 259 
100 108 315 
376 626 706 
589 680 8 
41 1033 39 
341 573 3 
738 296 189 
268 44 40 
171 726 511 
763 270 205 
672 356 547 
618 15 1034 
762 761 1030 
526 527 525 
429 1021 762 
1021 524 762 
461 130 126 
130 764 447 
205 190 1033 
414 38 748 
198 592 886 
592 255 886 
887 231 230 
748 298 414 
190 205 207 
40 189 268 
267 738 40 
500 295 125 
475 306 587 
622 596 257 
233 887 230 
121 270 161 
189 724 190 
387 42 38 
429 525 527 
525 449 1024 
602 604 747 
188 295 192 
18 801 614 
63 62 476 
68 347 66 
7 6 154 
673 1030 79 
349 114 112 
249 630 458 
242 6 963 
7 164 9 
426 427 493 
428 745 426 
313 762 673 
456 459 538 
450 81 931 
647 528 75 
673 80 313 
673 762 1030 
673 79 81 
549 472 466 
222 133 731 
635 570 245 
274 471 522 
224 339 223 
11 365 366 
274 129 128 
475 129 522 
364 299 534 
466 275 234 
252 249 301 
235 275 276 
595 365 48 
870 756 556 
1032 183 468 
183 1032 193 
236 237 465 
235 237 250 
858 850 821 
115 141 498 
82 931 81 
747 604 18 
12 367 472 
976 335 874 
47 570 582 
312 265 268 
43 418 41 
312 266 265 
630 470 185 
476 518 230 
83 443 440 
444 592 198 
174 419 247 
423 175 174 
33 599 32 
257 599 622 
828 331 484 
62 60 518 
690 514 699 
433 759 25 
25 827 417 
364 581 192 
192 581 503 
622 60 654 
61 594 60 
827 328 567 
328 565 1026 
331 223 338 
566 569 277 
176 266 312 
1036 623 516 
331 333 960 
757 21 20 
394 605 778 
605 742 778 
337 781 336 
208 138 203 
855 135 204 
136 208 134 
643 997 1002 
600 555 714 
289 774 714 
288 287 290 
306 303 302 
289 45 1023 
69 73 72 
304 303 232 
404 723 360 
69 72 358 
304 232 56 
406 238 721 
241 162 576 
56 34 179 
536 256 257 
596 535 536 
31 34 33 
518 622 599 
194 437 200 
199 198 593 
721 359 406 
255 1036 31 
954 851 955 
332 162 152 
332 157 153 
332 576 162 
1036 30 31 
576 332 153 
335 779 874 
9 164 242 
705 690 699 
989 990 890 
916 609 890 
893 879 866 
937 627 933 
932 320 513 
690 513 514 
763 205 1033 
932 513 937 
1001 875 879 
874 840 631 
935 791 793 
173 172 407 
148 149 228 
629 773 706 
561 509 517 
1034 672 908 
571 411 409 
375 616 316 
893 889 935 
766 905 369 
819 910 370 
957 703 702 
130 447 131 
994 700 805 
878 872 985 
805 700 845 
951 702 701 
805 959 994 
803 959 805 
936 856 1018 
856 810 1018 
209 214 216 
908 58 57 
464 562 463 
149 143 150 
672 1034 14 
884 694 885 
228 453 148 
226 177 4 
884 877 694 
877 884 751 
464 561 562 
834 1028 835 
542 557 58 
1029 650 1028 
106 107 105 
698 706 904 
1016 652 1009 
1015 970 971 
411 725 758 
820 784 815 
509 280 517 
678 952 949 
678 776 952 
644 564 532 
106 325 314 
611 953 822 
919 1006 645 
919 324 1006 
173 170 169 
282 530 285 
322 324 919 
305 475 521 
578 1006 579 
532 564 497 
515 5 144 
378 486 377 
636 637 412 
915 699 490 
652 505 1012 
317 504 637 
1005 1012 1004 
935 793 879 
893 935 879 
793 1001 879 
1001 792 610 
552 550 1017 
550 553 1017 
553 771 770 
1007 979 1037 
992 1038 913 
1039 1008 995 
1019 769 552 
1040 979 980 
1039 1037 1008 
1039 1007 1037 
553 398 938 
694 877 946 
694 946 1031 
946 695 1031 
839 961 838 
697 720 355 
837 975 633 
376 378 258 
1036 178 30 
839 837 633 
100 376 258 
918 643 1002 
662 920 917 
103 933 324 
645 644 919 
920 646 917 
1029 906 1011 
749 752 880 
832 835 649 
1010 1011 906 
649 650 653 
708 705 776 
750 829 830 
913 1038 854 
1038 914 854 
914 813 854 
1006 578 645 
899 489 891 
845 216 219 
845 371 216 
898 915 487 
891 489 904 
653 346 941 
833 842 651 
898 988 889 
893 898 889 
720 740 59 
856 936 811 
937 933 932 
812 912 853 
936 1018 1014 
374 699 584 
377 486 262 
286 403 282 
479 286 326 
412 409 636 
1022 836 632 
168 169 170 
712 798 220 
631 1022 632 
1003 1008 978 
474 756 1032 
126 753 790 
870 896 869 
864 901 895 
88 51 89 
985 843 984 
984 871 875 
119 373 436 
872 754 985 
754 843 985 
515 735 544 
505 651 842 
131 444 198 
346 653 508 
266 186 158 
132 125 130 
973 983 577 
657 580 579 
1040 1025 979 
978 1025 1040 
255 256 886 
663 862 661 
306 232 303 
32 257 256 
19 182 89 
956 927 676 
518 598 230 
900 740 560 
50 49 48 
49 50 647 
375 374 584 
109 113 528 
609 930 989 
930 792 989 
823 613 952 
529 528 647 
902 953 611 
545 498 68 
1040 980 1041 
983 1040 1041 
499 498 10 
75 49 647 
545 10 498 
577 983 656 
142 245 46 
50 519 546 
23 24 591 
525 1024 526 
1011 508 653 
926 794 944 
752 749 832 
695 749 880 
769 397 852 
773 902 706 
53 54 383 
295 500 192 
666 689 807 
641 666 642 
511 410 381 
67 582 37 
469 455 531 
578 580 980 
594 36 654 
581 582 503 
581 625 37 
502 93 95 
469 635 244 
285 541 325 
586 100 315 
449 525 313 
68 141 351 
1024 75 526 
269 251 252 
4 177 0 
511 381 512 
523 542 547 
725 411 571 
1024 449 451 
429 313 525 
808 813 958 
21 110 782 
549 466 234 
706 902 904 
375 543 616 
699 374 490 
67 595 48 
744 741 427 
584 699 514 
797 798 804 
427 574 492 
269 82 118 
530 283 661 
16 96 615 
436 844 119 
669 441 436 
255 623 1036 
91 844 460 
87 83 84 
643 999 323 
763 41 418 
548 320 101 
322 644 532 
915 705 699 
272 419 273 
262 391 263 
319 485 318 
773 775 953 
869 901 875 
869 895 901 
911 1010 934 
392 124 271 
2 544 543 
226 149 177 
143 148 463 
174 247 423 
458 301 249 
736 53 734 
46 245 570 
458 454 457 
451 244 245 
98 95 93 
1026 99 95 
721 238 163 
95 614 96 
827 567 417 
704 575 238 
17 18 614 
78 328 94 
279 825 344 
328 1026 98 
801 746 615 
135 222 224 
154 156 167 
147 1027 728 
1027 145 728 
342 716 715 
287 288 590 
505 345 413 
157 732 483 
224 151 339 
729 289 714 
483 153 157 
730 591 24 
713 717 716 
707 340 152 
202 292 719 
202 159 482 
723 704 238 
435 404 360 
606 704 293 
941 346 52 
406 723 238 
70 74 69 
200 439 425 
289 1023 774 
358 405 308 
774 1023 709 
343 45 287 
202 201 292 
253 117 291 
167 165 164 
223 828 204 
659 960 330 
543 375 341 
705 915 892 
52 799 941 
409 412 736 
483 480 482 
221 510 509 
214 169 219 
217 213 847 
375 491 374 
483 482 159 
533 679 333 
12 499 10 
507 491 316 
280 279 316 
307 308 405 
349 348 114 
1042 696 928 
524 114 761 
888 990 969 
897 442 441 
969 990 1043 
965 684 971 
300 243 450 
437 438 591 
952 929 949 
822 953 927 
625 534 535 
47 46 570 
658 657 839 
1022 999 836 
356 278 697 
164 155 242 
658 839 838 
655 658 838 
543 341 3 
386 9 963 
633 841 962 
999 918 836 
517 735 144 
995 861 1039 
411 638 636 
460 436 441 
861 974 1039 
974 873 1039 
490 374 488 
621 19 89 
757 520 110 
979 1025 1037 
1025 1008 1037 
928 944 1044 
388 414 416 
296 748 724 
849 921 851 
691 821 818 
388 387 38 
774 709 711 
1023 722 709 
818 817 905 
816 819 814 
586 315 314 
733 368 909 
1009 1005 907 
688 1009 907 
688 993 1016 
419 272 390 
1029 1011 650 
962 781 337 
395 261 501 
433 25 417 
958 813 959 
739 22 20 
912 913 853 
277 569 246 
957 702 992 
991 1038 992 
914 1038 991 
214 209 408 
169 168 219 
85 84 20 
26 568 566 
712 221 215 
818 905 766 
954 819 851 
566 277 826 
94 90 78 
77 329 567 
99 1026 826 
98 93 94 
410 511 726 
617 619 51 
585 263 758 
107 259 585 
119 92 373 
90 94 119 
474 302 556 
1035 753 126 
193 1035 467 
1032 1035 193 
900 19 620 
41 39 42 
271 206 205 
763 1033 41 
186 418 158 
620 57 740 
19 621 620 
187 175 422 
735 280 616 
720 560 740 
186 176 175 
724 748 39 
14 182 278 
1035 126 467 
875 1001 984 
39 1033 724 
114 824 431 
824 28 431 
1033 190 724 
32 255 31 
654 596 622 
306 475 305 
424 298 297 
60 594 654 
468 587 474 
744 426 745 
315 107 106 
35 37 625 
156 540 538 
36 35 654 
235 250 234 
458 630 531 
661 283 664 
320 548 514 
295 188 193 
624 184 188 
582 581 37 
185 184 630 
450 931 301 
75 1024 142 
80 449 313 
790 754 872 
587 127 129 
188 192 624 
625 581 364 
61 64 367 
554 291 289 
567 78 77 
274 466 471 
507 506 491 
67 36 595 
484 659 208 
534 625 364 
546 647 50 
127 587 468 
230 598 233 
130 461 764 
596 35 535 
536 257 596 
32 31 33 
255 32 256 
47 49 46 
299 199 534 
256 536 886 
873 860 1007 
185 470 276 
671 549 234 
516 178 1036 
582 67 47 
233 56 887 
16 97 96 
886 593 198 
556 302 462 
522 521 475 
467 295 193 
273 207 272 
266 176 186 
206 271 124 
1035 1032 753 
1032 755 753 
756 755 1032 
247 419 390 
273 419 176 
1034 15 14 
542 58 547 
736 412 53 
619 621 51 
558 173 407 
620 618 57 
497 321 532 
908 618 1034 
827 565 328 
89 51 621 
756 474 556 
417 567 329 
764 556 462 
790 896 461 
896 556 461 
760 284 662 
299 132 199 
85 329 77 
395 396 261 
132 130 131 
864 895 878 
892 865 903 
879 901 866 
735 517 280 
38 414 388 
585 758 354 
548 341 584 
279 280 281 
298 748 296 
416 394 777 
388 416 777 
267 387 389 
363 782 96 
341 375 584 
99 826 737 
489 485 486 
155 540 156 
319 317 638 
480 732 731 
137 855 138 
323 314 541 
139 135 855 
836 655 632 
222 157 224 
101 321 225 
919 644 322 
660 659 481 
322 532 321 
287 590 730 
744 236 741 
410 409 736 
311 23 308 
744 745 237 
745 574 237 
218 379 640 
405 718 435 
405 358 72 
871 756 870 
612 984 1001 
288 437 590 
510 639 382 
741 251 574 
152 163 707 
101 103 321 
692 760 662 
791 989 792 
914 991 994 
512 168 170 
732 157 222 
715 343 342 
722 1023 583 
770 767 553 
774 711 713 
679 960 333 
707 589 533 
701 399 767 
152 339 151 
339 340 338 
286 282 285 
481 330 482 
3 4 0 
829 750 833 
892 915 894 
835 831 834 
831 829 834 
904 489 698 
487 915 490 
980 977 578 
1041 980 580 
507 344 508 
977 996 645 
760 692 766 
733 563 403 
1003 978 973 
760 212 452 
212 766 369 
799 789 876 
371 209 216 
279 507 316 
1014 1018 945 
1018 1013 945 
409 410 571 
171 542 726 
788 787 883 
1040 983 978 
883 787 1019 
817 783 882 
772 768 950 
221 561 464 
944 794 1014 
945 944 1014 
885 943 807 
904 902 916 
685 1028 834 
993 685 834 
1042 943 885 
694 1031 1042 
1031 696 1042 
637 504 413 
873 1007 1039 
696 693 876 
1042 1044 943 
1042 928 1044 
806 940 884 
1003 997 995 
988 965 889 
982 964 906 
924 863 873 
686 906 1029 
688 1016 1009 
917 868 691 
867 921 922 
684 964 982 
860 863 917 
402 408 733 
906 686 982 
791 1043 989 
1043 990 989 
935 970 791 
935 889 970 
970 889 965 
891 888 899 
440 520 757 
787 370 1019 
486 485 262 
891 904 916 
955 867 663 
952 776 903 
646 860 917 
259 377 262 
485 489 1004 
488 487 490 
1002 997 1003 
898 893 894 
686 1045 982 
686 1029 1028 
504 317 318 
982 1045 682 
1045 687 682 
966 681 682 
682 684 982 
911 934 506 
685 1045 686 
1045 685 687 
685 993 688 
1041 580 656 
983 1041 656 
996 860 646 
942 807 943 
443 670 520 
993 648 1016 
944 945 1044 
945 943 1044 
928 926 944 
905 400 369 
691 858 821 
885 694 1042 
918 1002 973 
578 977 645 
315 108 107 
920 644 646 
1015 1043 970 
1043 1015 969 
987 934 1010 
1043 791 970 
822 927 948 
956 676 674 
677 956 674 
353 558 479 
788 1020 881 
1020 788 883 
898 487 988 
1010 906 964 
948 1000 822 
929 1000 948 
497 564 284 
934 988 487 
283 530 282 
662 284 564 
557 559 558 
177 150 1 
368 209 371 
909 664 563 
479 407 402 
211 463 453 
664 283 563 
949 677 678 
564 920 662 
489 486 698 
586 314 323 
284 229 497 
