3 2
20
0    0    0.1
0.1  0    0.1
0.3  0.4  0.1
0.7  0.4  0.1
0.9  0    0.1
1    0    0.1
0.5  1    0.1
0.35 0.5  0.1
0.65 0.5  0.1
0.5  0.8  0.1
0    0    0.0
0.1  0    0.0
0.3  0.4  0.0
0.7  0.4  0.0
0.9  0    0.0
1    0    0.0
0.5  1    0.0
0.35 0.5  0.0
0.65 0.5  0.0
0.5  0.8  0.0
40
0 1 2
0 2 7
0 7 6
7 9 6
6 9 8
6 8 5
8 3 5
3 4 5
2 3 8
2 8 7
11 10 12
12 10 17
17 10 16
19 17 16
19 16 18
18 16 15
13 18 15
14 13 15
13 12 18
18 12 17
0  10 1
10 11 1
1  11 2
11 12 2
2  12 3
12 13 3
3  13 4
13 14 4
4  14 5
14 15 5
5  15 6
15 16 6
6  16 0
16 10 0
7  8  18
18 17 7
8  9  19
19 18 8
9  7  17
17 19 9
