3 2
1306
4 -0.243665331097687 -0.949013807286835
4 -1.19986428105401e-016 -0.979795897113271
4.1213716569522 -0.0899150012584746 -0.83333120638373
4 0.243665331097687 -0.949013807286835
4.12049297556985 0.0872969605999329 -0.83479023255464
4 0.472020273304105 -0.858601689719929
4.14876854429325 0.266028707408909 -0.754691697633355
4 0.670716445769692 -0.714240470271792
4.12738480949298 0.471351899138808 -0.683250231249666
4 0.827269037225034 -0.525000895283775
4.1507747241117 0.601008752528725 -0.523933214951589
4 0.931841272588832 -0.302773583226849
4.12876395685082 0.743545249686405 -0.364736057147173
4 0.977862493723401 -0.0615218934124324
4.15121223965084 0.779856056089084 -0.162895399134777
4 0.962441018050644 0.183595443226784
4.12783305098554 0.82835791357003 0.0426119247459928
4 0.886545833603301 0.417176802951253
4.14919995222032 0.76356861991937 0.23728133616289
4 0.75494571394316 0.624545409877338
4.12639463018876 0.706299023109616 0.438607828288934
4 0.575909578579854 0.792671531783484
4.14921032349429 0.553456946205485 0.57706242389455
4 0.360686926347106 0.910991186105704
4.12686201408226 0.405529047296584 0.725071164105431
4 0.122800988018245 0.972069913813684
4.14857389061771 0.204849942290488 0.773831066147444
4 -0.122800988018244 0.972069913813684
4.12555052501589 0.00478151439819625 0.832534175128267
4 -0.360686926347105 0.910991186105704
4.14646008831805 -0.194640087263876 0.779579695941133
4 -0.575909578579854 0.792671531783484
4.1233081565836 -0.398336707220836 0.734511166037123
4 -0.75494571394316 0.624545409877338
4.14485893540702 -0.547000926712981 0.591682350754051
4 -0.8865458336033 0.417176802951253
4.12330851058763 -0.702254987673158 0.452786839836993
4 -0.962441018050644 0.183595443226784
4.14679596900368 -0.761260601991124 0.255619446312313
4 -0.977862493723401 -0.0615218934124318
4.12705300646663 -0.828460297212234 0.0583528624623218
4 -0.931841272588832 -0.302773583226848
4.15324112795967 -0.780465494297353 -0.144597762754114
4 -0.827269037225034 -0.525000895283774
4.13303874310088 -0.743808480498863 -0.350673852704103
4 -0.670716445769693 -0.714240470271792
4.15720615688265 -0.602539247192944 -0.507760146196058
4 -0.472020273304105 -0.858601689719929
4.1336917097247 -0.472621281929122 -0.671842415428764
4.15342403497584 -0.268673461637337 -0.746610719553274
4.24851587847382 0.000819848367302731 -0.633409369245041
4.25524793806107 0.329494512142883 -0.525153292345347
4.25958578236953 0.540939734864279 -0.284302409587925
4.25747567584798 0.615107284493665 0.0199487647112591
4.25582234502257 0.52899721345572 0.321048572490352
4.25641456974566 0.304915009715762 0.537074730164112
4.25369637388621 0.00409820119231589 0.623079936165133
4.24941033936201 -0.298657955647408 0.556576346446577
4.24933212456733 -0.526800395886376 0.348784439759044
4.25680263202932 -0.614638351033586 0.0516414713470908
4.26651052212006 -0.539185072926085 -0.255402730002751
4.26760250581659 -0.321011932191926 -0.500135208356618
4.341044776869 -0.0845940168762239 -0.39299205938686
4.33311469582756 0.118533592245408 -0.410797998142619
4.33727590340467 0.289042092036606 -0.29689699763442
4.34812152957786 0.365273961129909 -0.0956204727509629
4.33145066547382 0.415965438011183 0.119213588946364
4.34384353790388 0.274928128905408 0.280176854094969
4.33458359876972 0.106809800054396 0.409241108036827
4.33789608878452 -0.105400910439629 0.398653613671792
4.32105253869381 -0.309849449414556 0.344693354603953
4.33744417782064 -0.38472819512048 0.152405010065351
4.33902448073786 -0.404290375618769 -0.0596886267788693
4.35780660196482 -0.248720240847307 -0.233451222857371
4.39072362064155 0.0606160409243967 -0.149041962454588
4.38056205145427 0.225041857747213 0.0583488161495552
4.38940553179298 0.029791580172391 0.169306615269182
4.37082150133026 -0.187362128536405 0.213878106128143
4.38812644211773 -0.181788272807883 0.00761607268239522
2.75633466890231 1 0.949013807286835
3 1 0.979795897113271
2.91008499874153 1.1213716569522 0.83333120638373
3.24366533109769 1 0.949013807286835
3.08729696059993 1.12049297556985 0.83479023255464
3.4720202733041 1 0.858601689719929
3.26602870740891 1.14876854429325 0.754691697633356
3.67071644576969 1 0.714240470271792
3.47135189913881 1.12738480949298 0.683250231249666
3.82726903722503 1 0.525000895283775
3.60100875252873 1.1507747241117 0.523933214951589
3.93184127258883 1 0.302773583226849
3.74354524968641 1.12876395685082 0.364736057147173
3.9778624937234 1 0.0615218934124324
3.77985605608908 1.15121223965084 0.162895399134777
3.96244101805064 1 -0.183595443226784
3.82835791357003 1.12783305098554 -0.0426119247459929
3.8865458336033 1 -0.417176802951253
3.76356861991937 1.14919995222032 -0.23728133616289
3.75494571394316 1 -0.624545409877338
3.70629902310962 1.12639463018876 -0.438607828288934
3.57590957857985 1 -0.792671531783484
3.55345694620548 1.14921032349429 -0.577062423894549
3.36068692634711 1 -0.910991186105704
3.40552904729658 1.12686201408226 -0.725071164105431
3.12280098801824 1 -0.972069913813684
3.20484994229049 1.14857389061771 -0.773831066147444
2.87719901198176 1 -0.972069913813684
3.0047815143982 1.12555052501589 -0.832534175128267
2.63931307365289 1 -0.910991186105704
2.80535991273612 1.14646008831805 -0.779579695941133
2.42409042142015 1 -0.792671531783484
2.60166329277916 1.1233081565836 -0.734511166037123
2.24505428605684 1 -0.624545409877338
2.45299907328702 1.14485893540702 -0.591682350754051
2.1134541663967 1 -0.417176802951253
2.29774501232684 1.12330851058763 -0.452786839836993
2.03755898194936 1 -0.183595443226784
2.23873939800888 1.14679596900368 -0.255619446312313
2.0221375062766 1 0.0615218934124318
2.17153970278777 1.12705300646663 -0.0583528624623218
2.06815872741117 1 0.302773583226848
2.21953450570265 1.15324112795967 0.144597762754114
2.17273096277497 1 0.525000895283774
2.25619151950114 1.13303874310088 0.350673852704103
2.32928355423031 1 0.714240470271792
2.39746075280706 1.15720615688265 0.507760146196058
2.5279797266959 1 0.858601689719929
2.52737871807088 1.1336917097247 0.671842415428764
2.73132653836266 1.15342403497584 0.746610719553275
3.0008198483673 1.24851587847382 0.633409369245041
3.32949451214288 1.25524793806107 0.525153292345347
3.54093973486428 1.25958578236953 0.284302409587925
3.61510728449366 1.25747567584798 -0.0199487647112591
3.52899721345572 1.25582234502257 -0.321048572490352
3.30491500971576 1.25641456974566 -0.537074730164112
3.00409820119232 1.25369637388621 -0.623079936165134
2.70134204435259 1.24941033936201 -0.556576346446577
2.47319960411362 1.24933212456733 -0.348784439759044
2.38536164896641 1.25680263202932 -0.0516414713470908
2.46081492707392 1.26651052212006 0.255402730002751
2.67898806780807 1.26760250581659 0.500135208356618
2.91540598312378 1.341044776869 0.39299205938686
3.11853359224541 1.33311469582756 0.410797998142619
3.28904209203661 1.33727590340467 0.29689699763442
3.36527396112991 1.34812152957786 0.0956204727509631
3.41596543801118 1.33145066547383 -0.119213588946364
3.27492812890541 1.34384353790388 -0.280176854094968
3.1068098000544 1.33458359876972 -0.409241108036827
2.89459908956037 1.33789608878452 -0.398653613671792
2.69015055058544 1.32105253869381 -0.344693354603953
2.61527180487952 1.33744417782064 -0.152405010065351
2.59570962438123 1.33902448073786 0.0596886267788694
2.75127975915269 1.35780660196482 0.233451222857371
3.0606160409244 1.39072362064155 0.149041962454588
3.22504185774721 1.38056205145427 -0.0583488161495551
3.02979158017239 1.38940553179298 -0.169306615269182
2.8126378714636 1.37082150133026 -0.213878106128143
2.81821172719212 1.38812644211773 -0.00761607268239514
2.75633466890231 -1 -0.949013807286835
3 -1 -0.979795897113271
2.91008499874153 -1.1213716569522 -0.83333120638373
3.24366533109769 -1 -0.949013807286835
3.08729696059993 -1.12049297556985 -0.83479023255464
3.4720202733041 -1 -0.858601689719929
3.26602870740891 -1.14876854429325 -0.754691697633356
3.67071644576969 -1 -0.714240470271792
3.47135189913881 -1.12738480949298 -0.683250231249666
3.82726903722503 -1 -0.525000895283775
3.60100875252873 -1.1507747241117 -0.523933214951589
3.93184127258883 -1 -0.302773583226849
3.74354524968641 -1.12876395685082 -0.364736057147173
3.9778624937234 -1 -0.0615218934124324
3.77985605608908 -1.15121223965084 -0.162895399134777
3.96244101805064 -1 0.183595443226784
3.82835791357003 -1.12783305098554 0.0426119247459929
3.8865458336033 -1 0.417176802951253
3.76356861991937 -1.14919995222032 0.23728133616289
3.75494571394316 -1 0.624545409877338
3.70629902310962 -1.12639463018876 0.438607828288934
3.57590957857985 -1 0.792671531783484
3.55345694620548 -1.14921032349429 0.577062423894549
3.36068692634711 -1 0.910991186105704
3.40552904729658 -1.12686201408226 0.725071164105431
3.12280098801824 -1 0.972069913813684
3.20484994229049 -1.14857389061771 0.773831066147444
2.87719901198176 -1 0.972069913813684
3.0047815143982 -1.12555052501589 0.832534175128267
2.63931307365289 -1 0.910991186105704
2.80535991273612 -1.14646008831805 0.779579695941133
2.42409042142015 -1 0.792671531783484
2.60166329277916 -1.1233081565836 0.734511166037123
2.24505428605684 -1 0.624545409877338
2.45299907328702 -1.14485893540702 0.591682350754051
2.1134541663967 -1 0.417176802951253
2.29774501232684 -1.12330851058763 0.452786839836993
2.03755898194936 -1 0.183595443226784
2.23873939800888 -1.14679596900368 0.255619446312313
2.0221375062766 -1 -0.0615218934124318
2.17153970278777 -1.12705300646663 0.0583528624623218
2.06815872741117 -1 -0.302773583226848
2.21953450570265 -1.15324112795967 -0.144597762754114
2.17273096277497 -1 -0.525000895283774
2.25619151950114 -1.13303874310088 -0.350673852704103
2.32928355423031 -1 -0.714240470271792
2.39746075280706 -1.15720615688265 -0.507760146196058
2.5279797266959 -1 -0.858601689719929
2.52737871807088 -1.1336917097247 -0.671842415428764
2.73132653836266 -1.15342403497584 -0.746610719553275
3.0008198483673 -1.24851587847382 -0.633409369245041
3.32949451214288 -1.25524793806107 -0.525153292345347
3.54093973486428 -1.25958578236953 -0.284302409587925
3.61510728449366 -1.25747567584798 0.0199487647112591
3.52899721345572 -1.25582234502257 0.321048572490352
3.30491500971576 -1.25641456974566 0.537074730164112
3.00409820119232 -1.25369637388621 0.623079936165134
2.70134204435259 -1.24941033936201 0.556576346446577
2.47319960411362 -1.24933212456733 0.348784439759044
2.38536164896641 -1.25680263202932 0.0516414713470908
2.46081492707392 -1.26651052212006 -0.255402730002751
2.67898806780807 -1.26760250581659 -0.500135208356618
2.91540598312378 -1.341044776869 -0.39299205938686
3.11853359224541 -1.33311469582756 -0.410797998142619
3.28904209203661 -1.33727590340467 -0.29689699763442
3.36527396112991 -1.34812152957786 -0.0956204727509631
3.41596543801118 -1.33145066547383 0.119213588946364
3.27492812890541 -1.34384353790388 0.280176854094968
3.1068098000544 -1.33458359876972 0.409241108036827
2.89459908956037 -1.33789608878452 0.398653613671792
2.69015055058544 -1.32105253869381 0.344693354603953
2.61527180487952 -1.33744417782064 0.152405010065351
2.59570962438123 -1.33902448073786 -0.0596886267788694
2.75127975915269 -1.35780660196482 -0.233451222857371
3.0606160409244 -1.39072362064155 -0.149041962454588
3.22504185774721 -1.38056205145427 0.0583488161495551
3.02979158017239 -1.38940553179298 0.169306615269182
2.8126378714636 -1.37082150133026 0.213878106128143
2.81821172719212 -1.38812644211773 0.00761607268239514
2.75633466890231 -0.949013807286835 1
3 -0.979795897113271 1
2.91008499874153 -0.833331206383731 1.1213716569522
3.24366533109769 -0.949013807286835 1
3.08729696059993 -0.83479023255464 1.12049297556985
3.4720202733041 -0.858601689719929 1
3.26602870740891 -0.754691697633356 1.14876854429325
3.67071644576969 -0.714240470271792 1
3.47135189913881 -0.683250231249666 1.12738480949298
3.82726903722503 -0.525000895283775 1
3.60100875252872 -0.52393321495159 1.1507747241117
3.93184127258883 -0.302773583226849 1
3.74354524968641 -0.364736057147173 1.12876395685082
3.9778624937234 -0.0615218934124324 1
3.77985605608908 -0.162895399134777 1.15121223965084
3.96244101805064 0.183595443226784 1
3.82835791357003 0.0426119247459928 1.12783305098554
3.8865458336033 0.417176802951253 1
3.76356861991937 0.23728133616289 1.14919995222032
3.75494571394316 0.624545409877338 1
3.70629902310962 0.438607828288934 1.12639463018876
3.57590957857985 0.792671531783484 1
3.55345694620548 0.577062423894549 1.14921032349429
3.36068692634711 0.910991186105704 1
3.40552904729658 0.725071164105431 1.12686201408226
3.12280098801824 0.972069913813684 1
3.20484994229049 0.773831066147444 1.14857389061771
2.87719901198176 0.972069913813684 1
3.0047815143982 0.832534175128267 1.12555052501589
2.63931307365289 0.910991186105704 1
2.80535991273612 0.779579695941133 1.14646008831805
2.42409042142015 0.792671531783484 1
2.60166329277916 0.734511166037123 1.1233081565836
2.24505428605684 0.624545409877338 1
2.45299907328702 0.591682350754051 1.14485893540702
2.1134541663967 0.417176802951253 1
2.29774501232684 0.452786839836993 1.12330851058763
2.03755898194936 0.183595443226784 1
2.23873939800888 0.255619446312313 1.14679596900368
2.0221375062766 -0.0615218934124318 1
2.17153970278777 0.0583528624623218 1.12705300646663
2.06815872741117 -0.302773583226848 1
2.21953450570265 -0.144597762754114 1.15324112795967
2.17273096277497 -0.525000895283774 1
2.25619151950114 -0.350673852704103 1.13303874310089
2.32928355423031 -0.714240470271792 1
2.39746075280706 -0.507760146196058 1.15720615688265
2.5279797266959 -0.858601689719929 1
2.52737871807088 -0.671842415428764 1.1336917097247
2.73132653836266 -0.746610719553274 1.15342403497584
3.0008198483673 -0.633409369245041 1.24851587847382
3.32949451214288 -0.525153292345347 1.25524793806107
3.54093973486428 -0.284302409587925 1.25958578236953
3.61510728449367 0.0199487647112591 1.25747567584798
3.52899721345572 0.321048572490352 1.25582234502257
3.30491500971576 0.537074730164113 1.25641456974566
3.00409820119232 0.623079936165134 1.25369637388621
2.70134204435259 0.556576346446577 1.24941033936201
2.47319960411362 0.348784439759044 1.24933212456733
2.38536164896641 0.0516414713470908 1.25680263202932
2.46081492707392 -0.255402730002751 1.26651052212006
2.67898806780807 -0.500135208356618 1.26760250581659
2.91540598312378 -0.39299205938686 1.341044776869
3.11853359224541 -0.410797998142619 1.33311469582756
3.28904209203661 -0.29689699763442 1.33727590340467
3.36527396112991 -0.095620472750963 1.34812152957786
3.41596543801118 0.119213588946364 1.33145066547383
3.27492812890541 0.280176854094968 1.34384353790388
3.1068098000544 0.409241108036827 1.33458359876972
2.89459908956037 0.398653613671792 1.33789608878452
2.69015055058544 0.344693354603953 1.32105253869381
2.61527180487952 0.152405010065351 1.33744417782064
2.59570962438123 -0.0596886267788693 1.33902448073786
2.75127975915269 -0.233451222857371 1.35780660196482
3.0606160409244 -0.149041962454588 1.39072362064155
3.22504185774721 0.0583488161495551 1.38056205145427
3.02979158017239 0.169306615269181 1.38940553179298
2.81263787146359 0.213878106128143 1.37082150133026
2.81821172719212 0.00761607268239519 1.38812644211773
2.75633466890231 0.949013807286835 -1
3 0.979795897113271 -1
2.91008499874153 0.833331206383731 -1.1213716569522
3.24366533109769 0.949013807286835 -1
3.08729696059993 0.83479023255464 -1.12049297556985
3.4720202733041 0.858601689719929 -1
3.26602870740891 0.754691697633356 -1.14876854429325
3.67071644576969 0.714240470271792 -1
3.47135189913881 0.683250231249666 -1.12738480949298
3.82726903722503 0.525000895283775 -1
3.60100875252872 0.52393321495159 -1.1507747241117
3.93184127258883 0.302773583226849 -1
3.74354524968641 0.364736057147173 -1.12876395685082
3.9778624937234 0.0615218934124324 -1
3.77985605608908 0.162895399134777 -1.15121223965084
3.96244101805064 -0.183595443226784 -1
3.82835791357003 -0.0426119247459928 -1.12783305098554
3.8865458336033 -0.417176802951253 -1
3.76356861991937 -0.23728133616289 -1.14919995222032
3.75494571394316 -0.624545409877338 -1
3.70629902310962 -0.438607828288934 -1.12639463018876
3.57590957857985 -0.792671531783484 -1
3.55345694620548 -0.577062423894549 -1.14921032349429
3.36068692634711 -0.910991186105704 -1
3.40552904729658 -0.725071164105431 -1.12686201408226
3.12280098801824 -0.972069913813684 -1
3.20484994229049 -0.773831066147444 -1.14857389061771
2.87719901198176 -0.972069913813684 -1
3.0047815143982 -0.832534175128267 -1.12555052501589
2.63931307365289 -0.910991186105704 -1
2.80535991273612 -0.779579695941133 -1.14646008831805
2.42409042142015 -0.792671531783484 -1
2.60166329277916 -0.734511166037123 -1.1233081565836
2.24505428605684 -0.624545409877338 -1
2.45299907328702 -0.591682350754051 -1.14485893540702
2.1134541663967 -0.417176802951253 -1
2.29774501232684 -0.452786839836993 -1.12330851058763
2.03755898194936 -0.183595443226784 -1
2.23873939800888 -0.255619446312313 -1.14679596900368
2.0221375062766 0.0615218934124318 -1
2.17153970278777 -0.0583528624623218 -1.12705300646663
2.06815872741117 0.302773583226848 -1
2.21953450570265 0.144597762754114 -1.15324112795967
2.17273096277497 0.525000895283774 -1
2.25619151950114 0.350673852704103 -1.13303874310089
2.32928355423031 0.714240470271792 -1
2.39746075280706 0.507760146196058 -1.15720615688265
2.5279797266959 0.858601689719929 -1
2.52737871807088 0.671842415428764 -1.1336917097247
2.73132653836266 0.746610719553274 -1.15342403497584
3.0008198483673 0.633409369245041 -1.24851587847382
3.32949451214288 0.525153292345347 -1.25524793806107
3.54093973486428 0.284302409587925 -1.25958578236953
3.61510728449367 -0.0199487647112591 -1.25747567584798
3.52899721345572 -0.321048572490352 -1.25582234502257
3.30491500971576 -0.537074730164113 -1.25641456974566
3.00409820119232 -0.623079936165134 -1.25369637388621
2.70134204435259 -0.556576346446577 -1.24941033936201
2.47319960411362 -0.348784439759044 -1.24933212456733
2.38536164896641 -0.0516414713470908 -1.25680263202932
2.46081492707392 0.255402730002751 -1.26651052212006
2.67898806780807 0.500135208356618 -1.26760250581659
2.91540598312378 0.39299205938686 -1.341044776869
3.11853359224541 0.410797998142619 -1.33311469582756
3.28904209203661 0.29689699763442 -1.33727590340467
3.36527396112991 0.095620472750963 -1.34812152957786
3.41596543801118 -0.119213588946364 -1.33145066547383
3.27492812890541 -0.280176854094968 -1.34384353790388
3.1068098000544 -0.409241108036827 -1.33458359876972
2.89459908956037 -0.398653613671792 -1.33789608878452
2.69015055058544 -0.344693354603953 -1.32105253869381
2.61527180487952 -0.152405010065351 -1.33744417782064
2.59570962438123 0.0596886267788693 -1.33902448073786
2.75127975915269 0.233451222857371 -1.35780660196482
3.0606160409244 0.149041962454588 -1.39072362064155
3.22504185774721 -0.0583488161495551 -1.38056205145427
3.02979158017239 -0.169306615269181 -1.38940553179298
2.81263787146359 -0.213878106128143 -1.37082150133026
2.81821172719212 -0.00761607268239519 -1.38812644211773
0.75515796345198 1 0.793758387129874
1 1 0.830662386291808
0.912830214016956 1.10803131355238 0.674290765619005
1.24484203654802 1 0.793758387129873
1.08780616828104 1.10711453916049 0.675712567584226
1.46792878367717 1 0.686325471920142
1.25739247232978 1.13364883862791 0.581884374996925
1.64943800490496 1 0.517909526640582
1.44623936727425 1.11608595886924 0.49519951485195
1.77324180938519 1 0.303475047110483
1.55196943062721 1.13037764648551 0.327987993650605
1.82833968578577 1 0.0620754778663087
1.66263103707026 1.10731399011413 0.157403418033825
1.80983594599544 1 -0.184839770000035
1.64166979567313 1.12986830077307 -0.0407123596587256
1.71937472849691 1 -0.415331193145904
1.62182262261041 1.11642675164745 -0.238595754815172
1.56499390944742 1 -0.60891861712984
1.50032228326371 1.13352591252767 -0.393442014149615
1.3604109021086 1 -0.748400949786452
1.38040476274406 1.11243335038743 -0.554783072405269
1.12380380448024 1 -0.821384573751065
1.18822422255235 1.13275900442018 -0.609449489252036
0.87619619551976 1 -0.821384573751065
0.99896217398719 1.11461416305488 -0.669054699135013
0.639589097891397 1 -0.748400949786452
0.809065460394384 1.12729475642477 -0.618668355197525
0.435006090552576 1 -0.60891861712984
0.615838645057921 1.10441611030048 -0.568053790303195
0.280625271503092 1 -0.415331193145904
0.49601724191023 1.12568759591323 -0.410887838655909
0.190164054004557 1 -0.184839770000034
0.376017444538129 1.11214900852979 -0.252527925793315
0.171660314214229 1 0.0620754778663093
0.361005992135966 1.13072615843174 -0.0560804114825185
0.226758190614805 1 0.303475047110483
0.343076090035335 1.11236486117286 0.145242528705002
0.350561995095045 1 0.517909526640582
0.454130460910636 1.13727325776153 0.314063661500099
0.532071216322832 1 0.686325471920143
0.558486612499297 1.12243092003019 0.484989441552954
0.745456485790406 1.1381518028753 0.574297895682666
1.00479766363951 1.2114498291984 0.471557306972091
1.2849255466017 1.22506620820331 0.328679507137418
1.46964195564179 1.20645853554319 0.117873811832583
1.40621720748321 1.22622044653685 -0.146188224011103
1.25765732884362 1.21706728590742 -0.377306138920512
0.991972655017661 1.22354642234561 -0.439169345580707
0.722545119771828 1.20161115274426 -0.411277797891134
0.587993036450115 1.21972865138888 -0.180311616285442
0.547706608661525 1.21542287698522 0.0904318431334995
0.735749955557074 1.23513190935464 0.30760539739392
1.0247164370436 1.28700372574763 0.1816879403031
1.25548554566747 1.27283804835427 0.067900210726303
1.08671738287327 1.28971452437109 -0.138262580381931
0.839226716380648 1.26871607418719 -0.233476924712688
0.802484439136355 1.28486927808009 0.00992680526043056
0.75515796345198 -1 -0.793758387129874
1 -1 -0.830662386291808
0.912830214016956 -1.10803131355238 -0.674290765619005
1.24484203654802 -1 -0.793758387129873
1.08780616828104 -1.10711453916049 -0.675712567584226
1.46792878367717 -1 -0.686325471920142
1.25739247232978 -1.13364883862791 -0.581884374996925
1.64943800490496 -1 -0.517909526640582
1.44623936727425 -1.11608595886924 -0.49519951485195
1.77324180938519 -1 -0.303475047110483
1.55196943062721 -1.13037764648551 -0.327987993650605
1.82833968578577 -1 -0.0620754778663087
1.66263103707026 -1.10731399011413 -0.157403418033825
1.80983594599544 -1 0.184839770000035
1.64166979567313 -1.12986830077307 0.0407123596587256
1.71937472849691 -1 0.415331193145904
1.62182262261041 -1.11642675164745 0.238595754815172
1.56499390944742 -1 0.60891861712984
1.50032228326371 -1.13352591252767 0.393442014149615
1.3604109021086 -1 0.748400949786452
1.38040476274406 -1.11243335038743 0.554783072405269
1.12380380448024 -1 0.821384573751065
1.18822422255235 -1.13275900442018 0.609449489252036
0.87619619551976 -1 0.821384573751065
0.99896217398719 -1.11461416305488 0.669054699135013
0.639589097891397 -1 0.748400949786452
0.809065460394384 -1.12729475642477 0.618668355197525
0.435006090552576 -1 0.60891861712984
0.615838645057921 -1.10441611030048 0.568053790303195
0.280625271503092 -1 0.415331193145904
0.49601724191023 -1.12568759591323 0.410887838655909
0.190164054004557 -1 0.184839770000034
0.376017444538129 -1.11214900852979 0.252527925793315
0.171660314214229 -1 -0.0620754778663093
0.361005992135966 -1.13072615843174 0.0560804114825185
0.226758190614805 -1 -0.303475047110483
0.343076090035335 -1.11236486117286 -0.145242528705002
0.350561995095045 -1 -0.517909526640582
0.454130460910636 -1.13727325776153 -0.314063661500099
0.532071216322832 -1 -0.686325471920143
0.558486612499297 -1.12243092003019 -0.484989441552954
0.745456485790406 -1.1381518028753 -0.574297895682666
1.00479766363951 -1.2114498291984 -0.471557306972091
1.2849255466017 -1.22506620820331 -0.328679507137418
1.46964195564179 -1.20645853554319 -0.117873811832583
1.40621720748321 -1.22622044653685 0.146188224011103
1.25765732884362 -1.21706728590742 0.377306138920512
0.991972655017661 -1.22354642234561 0.439169345580707
0.722545119771828 -1.20161115274426 0.411277797891134
0.587993036450115 -1.21972865138888 0.180311616285442
0.547706608661525 -1.21542287698522 -0.0904318431334995
0.735749955557074 -1.23513190935464 -0.30760539739392
1.0247164370436 -1.28700372574763 -0.1816879403031
1.25548554566747 -1.27283804835427 -0.067900210726303
1.08671738287327 -1.28971452437109 0.138262580381931
0.839226716380648 -1.26871607418719 0.233476924712688
0.802484439136355 -1.28486927808009 -0.00992680526043056
0.75515796345198 -0.793758387129874 1
1 -0.830662386291808 1
0.912830214016956 -0.674290765619005 1.10803131355238
1.24484203654802 -0.793758387129873 1
1.08780616828104 -0.675712567584226 1.10711453916049
1.46792878367717 -0.686325471920142 1
1.25739247232978 -0.581884374996925 1.13364883862791
1.64943800490496 -0.517909526640582 1
1.44623936727425 -0.49519951485195 1.11608595886924
1.77324180938519 -0.303475047110483 1
1.55196943062721 -0.327987993650605 1.13037764648551
1.82833968578577 -0.0620754778663087 1
1.66263103707026 -0.157403418033825 1.10731399011413
1.80983594599544 0.184839770000035 1
1.64166979567313 0.0407123596587256 1.12986830077307
1.71937472849691 0.415331193145904 1
1.62182262261041 0.238595754815171 1.11642675164745
1.56499390944742 0.60891861712984 1
1.50032228326371 0.393442014149615 1.13352591252767
1.3604109021086 0.748400949786452 1
1.38040476274406 0.554783072405269 1.11243335038743
1.12380380448024 0.821384573751065 1
1.18822422255235 0.609449489252036 1.13275900442018
0.87619619551976 0.821384573751065 1
0.99896217398719 0.669054699135013 1.11461416305488
0.639589097891397 0.748400949786452 1
0.809065460394384 0.618668355197525 1.12729475642477
0.435006090552576 0.60891861712984 1
0.615838645057921 0.568053790303195 1.10441611030048
0.280625271503092 0.415331193145904 1
0.49601724191023 0.410887838655909 1.12568759591323
0.190164054004557 0.184839770000034 1
0.376017444538129 0.252527925793315 1.11214900852979
0.171660314214229 -0.0620754778663093 1
0.361005992135966 0.0560804114825185 1.13072615843174
0.226758190614805 -0.303475047110483 1
0.343076090035335 -0.145242528705002 1.11236486117286
0.350561995095045 -0.517909526640582 1
0.454130460910636 -0.314063661500099 1.13727325776153
0.532071216322832 -0.686325471920143 1
0.558486612499296 -0.484989441552954 1.12243092003019
0.745456485790406 -0.574297895682666 1.1381518028753
1.00479766363951 -0.471557306972091 1.2114498291984
1.2849255466017 -0.328679507137418 1.22506620820331
1.46964195564179 -0.117873811832583 1.20645853554319
1.40621720748321 0.146188224011103 1.22622044653685
1.25765732884362 0.377306138920512 1.21706728590742
0.991972655017661 0.439169345580707 1.22354642234561
0.722545119771828 0.411277797891134 1.20161115274426
0.587993036450115 0.180311616285442 1.21972865138888
0.547706608661524 -0.0904318431334996 1.21542287698522
0.735749955557074 -0.30760539739392 1.23513190935464
1.0247164370436 -0.1816879403031 1.28700372574763
1.25548554566747 -0.067900210726303 1.27283804835427
1.08671738287327 0.138262580381931 1.28971452437109
0.839226716380648 0.233476924712688 1.26871607418719
0.802484439136355 -0.00992680526043058 1.28486927808009
0.75515796345198 0.793758387129874 -1
1 0.830662386291808 -1
0.912830214016956 0.674290765619005 -1.10803131355238
1.24484203654802 0.793758387129873 -1
1.08780616828104 0.675712567584226 -1.10711453916049
1.46792878367717 0.686325471920142 -1
1.25739247232978 0.581884374996925 -1.13364883862791
1.64943800490496 0.517909526640582 -1
1.44623936727425 0.49519951485195 -1.11608595886924
1.77324180938519 0.303475047110483 -1
1.55196943062721 0.327987993650605 -1.13037764648551
1.82833968578577 0.0620754778663087 -1
1.66263103707026 0.157403418033825 -1.10731399011413
1.80983594599544 -0.184839770000035 -1
1.64166979567313 -0.0407123596587256 -1.12986830077307
1.71937472849691 -0.415331193145904 -1
1.62182262261041 -0.238595754815171 -1.11642675164745
1.56499390944742 -0.60891861712984 -1
1.50032228326371 -0.393442014149615 -1.13352591252767
1.3604109021086 -0.748400949786452 -1
1.38040476274406 -0.554783072405269 -1.11243335038743
1.12380380448024 -0.821384573751065 -1
1.18822422255235 -0.609449489252036 -1.13275900442018
0.87619619551976 -0.821384573751065 -1
0.99896217398719 -0.669054699135013 -1.11461416305488
0.639589097891397 -0.748400949786452 -1
0.809065460394384 -0.618668355197525 -1.12729475642477
0.435006090552576 -0.60891861712984 -1
0.615838645057921 -0.568053790303195 -1.10441611030048
0.280625271503092 -0.415331193145904 -1
0.49601724191023 -0.410887838655909 -1.12568759591323
0.190164054004557 -0.184839770000034 -1
0.376017444538129 -0.252527925793315 -1.11214900852979
0.171660314214229 0.0620754778663093 -1
0.361005992135966 -0.0560804114825185 -1.13072615843174
0.226758190614805 0.303475047110483 -1
0.343076090035335 0.145242528705002 -1.11236486117286
0.350561995095045 0.517909526640582 -1
0.454130460910636 0.314063661500099 -1.13727325776153
0.532071216322832 0.686325471920143 -1
0.558486612499296 0.484989441552954 -1.12243092003019
0.745456485790406 0.574297895682666 -1.1381518028753
1.00479766363951 0.471557306972091 -1.2114498291984
1.2849255466017 0.328679507137418 -1.22506620820331
1.46964195564179 0.117873811832583 -1.20645853554319
1.40621720748321 -0.146188224011103 -1.22622044653685
1.25765732884362 -0.377306138920512 -1.21706728590742
0.991972655017661 -0.439169345580707 -1.22354642234561
0.722545119771828 -0.411277797891134 -1.20161115274426
0.587993036450115 -0.180311616285442 -1.21972865138888
0.547706608661524 0.0904318431334996 -1.21542287698522
0.735749955557074 0.30760539739392 -1.23513190935464
1.0247164370436 0.1816879403031 -1.28700372574763
1.25548554566747 0.067900210726303 -1.27283804835427
1.08671738287327 -0.138262580381931 -1.28971452437109
0.839226716380648 -0.233476924712688 -1.26871607418719
0.802484439136355 0.00992680526043058 -1.28486927808009
-1.23962061307712 1 0.618532102472091
-1 1 0.66332495807108
-1.0700159717436 1.11974970124293 0.42574448941492
-0.76037938692288 1 0.618532102472091
-0.553120865425478 1 0.490203059029548
-0.707891842156081 1.11121433639476 0.346230447407199
-0.406215847295133 1 0.295669376156144
-0.339504669259155 1 0.0612039056722819
-0.58358326343182 1.12467437779198 0.0412873521084356
-0.3619970455707 1 -0.181527491415171
-0.470655256174335 1 -0.39974259490845
-0.633399199907353 1.10800741997907 -0.279147650254751
-0.65080440763211 1 -0.56397024590916
-0.878114358798742 1 -0.652030590132824
-0.924210614218767 1.12088001596616 -0.42176291777562
-1.12188564120126 1 -0.652030590132824
-1.34919559236789 1 -0.56397024590916
-1.24608658250638 1.10388095181149 -0.401108760983948
-1.52934474382566 1 -0.399742594908451
-1.6380029544293 1 -0.181527491415171
-1.41478520972198 1.11826376460258 -0.132058254466601
-1.66049533074085 1 0.0612039056722821
-1.59378415270487 1 0.295669376156144
-1.37553933937454 1.12153955689682 0.202778763429034
-1.44687913457452 1 0.490203059029548
-0.878520759163895 1.18336895782908 0.157736183839989
-0.846863407868291 1.18360344110598 -0.125028310203577
-1.11805088958381 1.17807431271438 -0.195460740792143
-1.22763024005557 1.1781810909232 0.00859015734780768
-1.12102733063795 1.18049255353041 0.178296708600848
-1.03253891327977 1.19955774255869 0.00156249482450517
-1.23962061307712 -1 -0.618532102472091
-1 -1 -0.66332495807108
-1.0700159717436 -1.11974970124293 -0.42574448941492
-0.76037938692288 -1 -0.618532102472091
-0.553120865425478 -1 -0.490203059029548
-0.707891842156081 -1.11121433639476 -0.346230447407199
-0.406215847295133 -1 -0.295669376156144
-0.339504669259155 -1 -0.0612039056722819
-0.58358326343182 -1.12467437779198 -0.0412873521084356
-0.3619970455707 -1 0.181527491415171
-0.470655256174335 -1 0.39974259490845
-0.633399199907353 -1.10800741997907 0.279147650254751
-0.65080440763211 -1 0.56397024590916
-0.878114358798742 -1 0.652030590132824
-0.924210614218767 -1.12088001596616 0.42176291777562
-1.12188564120126 -1 0.652030590132824
-1.34919559236789 -1 0.56397024590916
-1.24608658250638 -1.10388095181149 0.401108760983948
-1.52934474382566 -1 0.399742594908451
-1.6380029544293 -1 0.181527491415171
-1.41478520972198 -1.11826376460258 0.132058254466601
-1.66049533074085 -1 -0.0612039056722821
-1.59378415270487 -1 -0.295669376156144
-1.37553933937454 -1.12153955689682 -0.202778763429034
-1.44687913457452 -1 -0.490203059029548
-0.878520759163895 -1.18336895782908 -0.157736183839989
-0.846863407868291 -1.18360344110598 0.125028310203577
-1.11805088958381 -1.17807431271438 0.195460740792143
-1.22763024005557 -1.1781810909232 -0.00859015734780768
-1.12102733063795 -1.18049255353041 -0.178296708600848
-1.03253891327977 -1.19955774255869 -0.00156249482450517
-1.23962061307712 -0.618532102472091 1
-1 -0.66332495807108 1
-1.0700159717436 -0.42574448941492 1.11974970124293
-0.76037938692288 -0.618532102472091 1
-0.553120865425478 -0.490203059029548 1
-0.707891842156081 -0.346230447407199 1.11121433639476
-0.406215847295133 -0.295669376156144 1
-0.339504669259155 -0.0612039056722819 1
-0.583583263431819 -0.0412873521084356 1.12467437779198
-0.3619970455707 0.181527491415171 1
-0.470655256174335 0.39974259490845 1
-0.633399199907353 0.279147650254752 1.10800741997907
-0.65080440763211 0.56397024590916 1
-0.878114358798742 0.652030590132824 1
-0.924210614218768 0.42176291777562 1.12088001596616
-1.12188564120126 0.652030590132824 1
-1.34919559236789 0.56397024590916 1
-1.24608658250638 0.401108760983948 1.10388095181149
-1.52934474382566 0.399742594908451 1
-1.6380029544293 0.181527491415171 1
-1.41478520972198 0.132058254466601 1.11826376460258
-1.66049533074085 -0.0612039056722821 1
-1.59378415270487 -0.295669376156144 1
-1.37553933937454 -0.202778763429034 1.12153955689682
-1.44687913457452 -0.490203059029548 1
-0.878520759163894 -0.157736183839989 1.18336895782908
-0.846863407868292 0.125028310203577 1.18360344110598
-1.11805088958381 0.195460740792143 1.17807431271438
-1.22763024005557 -0.0085901573478077 1.1781810909232
-1.12102733063795 -0.178296708600848 1.18049255353041
-1.03253891327977 -0.00156249482450515 1.19955774255869
-1.23962061307712 0.618532102472091 -1
-1 0.66332495807108 -1
-1.0700159717436 0.42574448941492 -1.11974970124293
-0.76037938692288 0.618532102472091 -1
-0.553120865425478 0.490203059029548 -1
-0.707891842156081 0.346230447407199 -1.11121433639476
-0.406215847295133 0.295669376156144 -1
-0.339504669259155 0.0612039056722819 -1
-0.583583263431819 0.0412873521084356 -1.12467437779198
-0.3619970455707 -0.181527491415171 -1
-0.470655256174335 -0.39974259490845 -1
-0.633399199907353 -0.279147650254752 -1.10800741997907
-0.65080440763211 -0.56397024590916 -1
-0.878114358798742 -0.652030590132824 -1
-0.924210614218768 -0.42176291777562 -1.12088001596616
-1.12188564120126 -0.652030590132824 -1
-1.34919559236789 -0.56397024590916 -1
-1.24608658250638 -0.401108760983948 -1.10388095181149
-1.52934474382566 -0.399742594908451 -1
-1.6380029544293 -0.181527491415171 -1
-1.41478520972198 -0.132058254466601 -1.11826376460258
-1.66049533074085 0.0612039056722821 -1
-1.59378415270487 0.295669376156144 -1
-1.37553933937454 0.202778763429034 -1.12153955689682
-1.44687913457452 0.490203059029548 -1
-0.878520759163894 0.157736183839989 -1.18336895782908
-0.846863407868292 -0.125028310203577 -1.18360344110598
-1.11805088958381 -0.195460740792143 -1.17807431271438
-1.22763024005557 0.0085901573478077 -1.1781810909232
-1.12102733063795 0.178296708600848 -1.18049255353041
-1.03253891327977 0.00156249482450515 -1.19955774255869
-3.22912878474779 1 0.396862696659689
-3 1 0.458257569495584
-3.00033504154317 1.06972134137107 0.256312581748233
-2.77087121525221 1 0.396862696659689
-2.60313730334031 1 0.229128784747792
-2.77857018827862 1.06984378198212 0.128074668202719
-2.54174243050442 1 3.78955227325634e-016
-2.60313730334031 1 -0.229128784747792
-2.77843490002033 1.06978400609413 -0.128339731868958
-2.77087121525221 1 -0.396862696659689
-3 1 -0.458257569495584
-3.00064212560737 1.06963846827947 -0.256657621845638
-3.22912878474779 1 -0.396862696659689
-3.39686269665969 1 -0.229128784747792
-3.22267971580052 1.06955267896013 -0.128338657855733
-3.45825756949558 1 -2.80592565645746e-017
-3.39686269665969 1 0.229128784747792
-3.22265765129572 1.06957861980004 0.128160627285095
-3.00036782176168 1.09999993483193 -8.98716331297534e-005
-4 -0.229128784747792 0.396862696659689
-4 -5.61185131291492e-017 0.458257569495584
-4.07011632852374 -0.00112641891605159 0.254656189022166
-4 0.229128784747792 0.396862696659689
-4 0.396862696659689 0.229128784747792
-4.07042172855108 0.220109917104828 0.125494810401991
-4 0.458257569495584 3.78955227325634e-016
-4 0.396862696659689 -0.229128784747792
-4.06971325946227 0.220778294207268 -0.130270823047698
-4 0.229128784747792 -0.396862696659689
-4 0 -0.458257569495584
-4.0694683000504 -0.000658478445081612 -0.257365735080347
-4 -0.229128784747792 -0.396862696659689
-4 -0.396862696659689 -0.229128784747792
-4.0691900810644 -0.223498735425165 -0.129926463112259
-4 -0.458257569495584 -2.80592565645746e-017
-4 -0.396862696659689 0.229128784747792
-4.06964541882871 -0.222441360679939 0.127978588199768
-4.09999736985265 -0.00112294425710764 -0.0021272784129504
-3.22912878474779 -1 -0.396862696659689
-3 -1 -0.458257569495584
-3.00033504154317 -1.06972134137107 -0.256312581748233
-2.77087121525221 -1 -0.396862696659689
-2.60313730334031 -1 -0.229128784747792
-2.77857018827862 -1.06984378198212 -0.128074668202719
-2.54174243050442 -1 -3.78955227325634e-016
-2.60313730334031 -1 0.229128784747792
-2.77843490002033 -1.06978400609413 0.128339731868958
-2.77087121525221 -1 0.396862696659689
-3 -1 0.458257569495584
-3.00064212560737 -1.06963846827947 0.256657621845638
-3.22912878474779 -1 0.396862696659689
-3.39686269665969 -1 0.229128784747792
-3.22267971580052 -1.06955267896013 0.128338657855733
-3.45825756949558 -1 2.80592565645746e-017
-3.39686269665969 -1 -0.229128784747792
-3.22265765129572 -1.06957861980004 -0.128160627285095
-3.00036782176168 -1.09999993483193 8.98716331297534e-005
-3.22912878474779 -0.396862696659689 1
-3 -0.458257569495584 1
-3.00112641891605 -0.254656189022166 1.07011632852374
-2.77087121525221 -0.396862696659689 1
-2.60313730334031 -0.229128784747792 1
-2.77989008289517 -0.125494810401991 1.07042172855108
-2.54174243050442 -3.78955227325634e-016 1
-2.60313730334031 0.229128784747792 1
-2.77922170579273 0.130270823047698 1.06971325946228
-2.77087121525221 0.396862696659689 1
-3 0.458257569495584 1
-3.00065847844508 0.257365735080347 1.0694683000504
-3.22912878474779 0.396862696659689 1
-3.39686269665969 0.229128784747792 1
-3.22349873542516 0.129926463112259 1.0691900810644
-3.45825756949558 2.80592565645746e-017 1
-3.39686269665969 -0.229128784747792 1
-3.22244136067994 -0.127978588199768 1.06964541882871
-3.00112294425711 0.00212727841295039 1.09999736985265
-3.22912878474779 0.396862696659689 -1
-3 0.458257569495584 -1
-3.00112641891605 0.254656189022166 -1.07011632852374
-2.77087121525221 0.396862696659689 -1
-2.60313730334031 0.229128784747792 -1
-2.77989008289517 0.125494810401991 -1.07042172855108
-2.54174243050442 3.78955227325634e-016 -1
-2.60313730334031 -0.229128784747792 -1
-2.77922170579273 -0.130270823047698 -1.06971325946228
-2.77087121525221 -0.396862696659689 -1
-3 -0.458257569495584 -1
-3.00065847844508 -0.257365735080347 -1.0694683000504
-3.22912878474779 -0.396862696659689 -1
-3.39686269665969 -0.229128784747792 -1
-3.22349873542516 -0.129926463112259 -1.0691900810644
-3.45825756949558 -2.80592565645746e-017 -1
-3.39686269665969 0.229128784747792 -1
-3.22244136067994 0.127978588199768 -1.06964541882871
-3.00112294425711 -0.00212727841295039 -1.09999736985265
-2.84122629243834 -0.694432836161297 1
-3.17674318997412 -0.69278093992675 1
-3.51134185155153 -0.501176793053147 1
-3.69412867194379 -0.167833937477465 1
-3.6914755703421 0.177293016033369 1
-3.50030139542308 0.512707764862806 1
-3.17083620482667 0.694203404911664 1
-2.83629214254352 0.69438166121613 1
-2.53297167348182 0.503508449419491 1
-2.34037880099626 0.188370806534588 1
-2.35534299783661 -0.190490211659555 1
-2.54136278683305 -0.50477639256499 1
-0.75 -1 1
-1.25 -1 1
-1.53022066988473 -0.766381631543948 1
-1.71172187059714 -0.511581565986524 1
-1.85926369779147 -0.226946720735217 1
-1.85315483965998 0.0867107045696093 1
-1.77568616459031 0.376303722843772 1
-1.62842755194846 0.690164272399469 1
-1.30864122129267 0.816509588054157 1
-1 1 1
-0.701068113823486 0.82017015562494 1
-0.413490458494464 0.704615547203265 1
-0.234266630914432 0.422990340764413 1
-0.0890337586465888 0.117890568158115 1
-0.0926195910466003 -0.24842202614809 1
-0.269662798406824 -0.527837418804504 1
-0.475440850327194 -0.771096873482238 1
3.25 -1 1
3.5 -1 1
3.75 -1 1
2.75 -1 1
2.5 -1 1
2.25 -1 1
2.0165136115777 -0.789287886422946 1
1.90150713383576 -0.53666465477982 1
1.93110960502976 0.355920961573327 1
1.99412832970514 0.562490104195401 1
2.5 1 1
2.75 1 1
2.25 1 1
3 1 1
3.25 1 1
3.5 1 1
3.75 1 1
4 0 1
4 -0.25 1
4 0.25 1
4 -0.5 1
4 -0.75 1
2.12562285310617 0.786569693142707 1
2 1 1
1.84555787597924 0.727143130940826 1
1.75 1 1
1.25 -1 1
1.5 -1 1
0.75 -1 1
0.5 -1 1
0.271058167844476 -0.798213317932948 1
0.0414672623333797 -0.596621595892045 1
0 -1 1
0.0250703602548226 0.422126432052405 1
0.148691206740328 0.697787725250176 1
-0.122455370799192 0.706095392810113 1
0 1 1
0.5 1 1
0.75 1 1
1 1 1
1.25 1 1
1.5 1 1
1.71746305846379 -0.759343304955111 1
4 -1 1
4 0.75 1
4 1 1
0.25 1 1
-0.25 1 1
-0.5 1 1
-0.75 1 1
-1.25 1 1
-1.5 1 1
-1.75 1 1
-2 1 1
-1.88022761922509 0.797242331880923 1
-2.11612783912862 0.765550663286585 1
-2.25 1 1
-1.94192228153201 0.566552089570183 1
-2.22942479629463 0.500562971522255 1
-2.37099169821956 0.754630799106483 1
-2.04444265928361 0.282546682642646 1
-2.5 1 1
-2.75 1 1
-2.60039731027764 0.781127567976478 1
-3 1 1
-3.25 1 1
-3.5 1 1
-3.3955650340458 0.788738968420079 1
-3.58667715605345 0.787692395011825 1
-3.75 1 1
-4 1 1
-4 0.75 1
-4 0.5 1
-3.76795325436586 0.666544648607535 1
-3.78337085422928 0.41729003895774 1
-4 0.25 1
-4 0 1
-4 -0.25 1
-4 -0.5 1
-3.78663240081121 -0.395296277955831 1
-3.78667921986761 -0.588539241103037 1
-4 -0.75 1
-4 -1 1
-3.75 -1 1
-3.5 -1 1
-3.66870384873237 -0.766792757086946 1
-3.4186144032067 -0.782203776620818 1
-3.25 -1 1
-3 -1 1
-2.75 -1 1
-2.5 -1 1
-2.60553878405642 -0.782689009268 1
-2.37621372680596 -0.752019267117804 1
-2.25 -1 1
-2 -1 1
-2.1161584983043 -0.750495051040831 1
-1.84410823580001 -0.755985170121687 1
-1.75 -1 1
-1.98021498000948 -0.504257556657168 1
-2.25276371699214 -0.493708266477633 1
-2.1093532965674 -0.281578242571277 1
-1.5 -1 1
-1 -1 1
-0.5 -1 1
-0.25 -1 1
-0.186741992322058 -0.774814994105241 1
0.25 -1 1
1 -1 1
1.75 -1 1
2 -1 1
3 -1 1
-2.09842006563011 -0.0207279412577818 1
4 0.5 1
-2.84122629243834 0.694432836161297 -1
-3.17674318997412 0.69278093992675 -1
-3.51134185155153 0.501176793053147 -1
-3.69412867194379 0.167833937477465 -1
-3.6914755703421 -0.177293016033369 -1
-3.50030139542308 -0.512707764862806 -1
-3.17083620482667 -0.694203404911664 -1
-2.83629214254352 -0.69438166121613 -1
-2.53297167348182 -0.503508449419491 -1
-2.34037880099626 -0.188370806534588 -1
-2.35534299783661 0.190490211659555 -1
-2.54136278683305 0.50477639256499 -1
-0.75 1 -1
-1.25 1 -1
-1.53022066988473 0.766381631543948 -1
-1.71172187059714 0.511581565986524 -1
-1.85926369779147 0.226946720735217 -1
-1.85315483965998 -0.0867107045696093 -1
-1.77568616459031 -0.376303722843772 -1
-1.62842755194846 -0.690164272399469 -1
-1.30864122129267 -0.816509588054157 -1
-1 -1 -1
-0.701068113823486 -0.82017015562494 -1
-0.413490458494464 -0.704615547203265 -1
-0.234266630914432 -0.422990340764413 -1
-0.0890337586465888 -0.117890568158115 -1
-0.0926195910466003 0.24842202614809 -1
-0.269662798406824 0.527837418804504 -1
-0.475440850327194 0.771096873482238 -1
3.25 1 -1
3.5 1 -1
3.75 1 -1
2.75 1 -1
2.5 1 -1
2.25 1 -1
2.0165136115777 0.789287886422946 -1
1.90150713383576 0.53666465477982 -1
1.93110960502976 -0.355920961573327 -1
1.99412832970514 -0.562490104195401 -1
2.5 -1 -1
2.75 -1 -1
2.25 -1 -1
3 -1 -1
3.25 -1 -1
3.5 -1 -1
3.75 -1 -1
4 0 -1
4 0.25 -1
4 -0.25 -1
4 0.5 -1
4 0.75 -1
2.12562285310617 -0.786569693142707 -1
2 -1 -1
1.84555787597924 -0.727143130940826 -1
1.75 -1 -1
1.25 1 -1
1.5 1 -1
0.75 1 -1
0.5 1 -1
0.271058167844476 0.798213317932948 -1
0.0414672623333797 0.596621595892045 -1
0 1 -1
0.0250703602548226 -0.422126432052405 -1
0.148691206740328 -0.697787725250176 -1
-0.122455370799192 -0.706095392810113 -1
0 -1 -1
0.5 -1 -1
0.75 -1 -1
1 -1 -1
1.25 -1 -1
1.5 -1 -1
1.71746305846379 0.759343304955111 -1
4 1 -1
4 -0.75 -1
4 -1 -1
0.25 -1 -1
-0.25 -1 -1
-0.5 -1 -1
-0.75 -1 -1
-1.25 -1 -1
-1.5 -1 -1
-1.75 -1 -1
-2 -1 -1
-1.88022761922509 -0.797242331880923 -1
-2.11612783912862 -0.765550663286585 -1
-2.25 -1 -1
-1.94192228153201 -0.566552089570183 -1
-2.22942479629463 -0.500562971522255 -1
-2.37099169821956 -0.754630799106483 -1
-2.04444265928361 -0.282546682642646 -1
-2.5 -1 -1
-2.75 -1 -1
-2.60039731027764 -0.781127567976478 -1
-3 -1 -1
-3.25 -1 -1
-3.5 -1 -1
-3.3955650340458 -0.788738968420079 -1
-3.58667715605345 -0.787692395011825 -1
-3.75 -1 -1
-4 -1 -1
-4 -0.75 -1
-4 -0.5 -1
-3.76795325436586 -0.666544648607535 -1
-3.78337085422928 -0.41729003895774 -1
-4 -0.25 -1
-4 0 -1
-4 0.25 -1
-4 0.5 -1
-3.78663240081121 0.395296277955831 -1
-3.78667921986761 0.588539241103037 -1
-4 0.75 -1
-4 1 -1
-3.75 1 -1
-3.5 1 -1
-3.66870384873237 0.766792757086946 -1
-3.4186144032067 0.782203776620818 -1
-3.25 1 -1
-3 1 -1
-2.75 1 -1
-2.5 1 -1
-2.60553878405642 0.782689009268 -1
-2.37621372680596 0.752019267117804 -1
-2.25 1 -1
-2 1 -1
-2.1161584983043 0.750495051040831 -1
-1.84410823580001 0.755985170121687 -1
-1.75 1 -1
-1.98021498000948 0.504257556657168 -1
-2.25276371699214 0.493708266477633 -1
-2.1093532965674 0.281578242571277 -1
-1.5 1 -1
-1 1 -1
-0.5 1 -1
-0.25 1 -1
-0.186741992322058 0.774814994105241 -1
0.25 1 -1
1 1 -1
1.75 1 -1
2 1 -1
3 1 -1
-2.09842006563011 0.0207279412577818 -1
4 -0.5 -1
-2.84001844122498 -1 -0.693525316945403
-3.17639095199023 -1 -0.692618173624716
-3.51126537718677 -1 -0.501108156586249
-3.69424574161209 -1 -0.16840294523425
-3.69237379809025 -1 0.175687308081609
-3.49947537980903 -1 0.514124965466533
-3.17003342675217 -1 0.694447900986716
-2.83575196311311 -1 0.694100645324372
-2.53333828724356 -1 0.503580086729574
-2.33887718269296 -1 0.190517179554826
-2.3546273787618 -1 -0.188760723442093
-2.54179053821769 -1 -0.504992295435448
-1.53031753093629 -1 -0.766490528331404
-1.71227880411516 -1 -0.511011023591976
-1.85890110748583 -1 -0.226160814245726
-1.85172216266864 -1 0.0883046882349999
-1.7744406394635 -1 0.377118976596929
-1.62827279542335 -1 0.689729654858258
-1.3086121169701 -1 0.816419603639536
-0.701068113823486 -1 0.82017015562494
-0.413490458494464 -1 0.704615547203265
-0.234266630914432 -1 0.422990340764413
-0.0890337586465888 -1 0.117890568158115
-0.0926195910466003 -1 -0.24842202614809
-0.269662798406824 -1 -0.527837418804504
-0.475440850327194 -1 -0.771096873482238
2.0165136115777 -1 -0.789287886422946
1.90150713383576 -1 -0.53666465477982
1.93110960502976 -1 0.355920961573327
1.99412832970514 -1 0.562490104195401
4 -1 0
4 -1 -0.25
4 -1 0.25
4 -1 -0.5
4 -1 -0.75
2.12562285310617 -1 0.786569693142707
1.84555787597924 -1 0.727143130940826
0.271058167844476 -1 -0.798213317932948
0.0414672623333797 -1 -0.596621595892045
0.0250703602548226 -1 0.422126432052405
0.148691206740328 -1 0.697787725250176
-0.122455370799192 -1 0.706095392810113
1.71746305846379 -1 -0.759343304955111
-4 -1 0.75
-4 -1 0.5
-3.76823209631984 -1 0.666719892891418
-3.78133456157653 -1 0.418971003990862
-4 -1 0.25
-4 -1 0
-4 -1 -0.25
-4 -1 -0.5
-3.78667831745414 -1 -0.395544904070112
-3.78664943364819 -1 -0.588611678830836
-4 -1 -0.75
-3.6686728147636 -1 -0.766777100917812
-3.41844145040755 -1 -0.782139265785026
-2.60515630949798 -1 -0.782381827018246
-2.37546389255442 -1 -0.749768236698303
-2.11627768841362 -1 -0.748331710434053
-1.84437065964441 -1 -0.755445721133228
-1.97989161008201 -1 -0.500461801933347
-2.25267509172203 -1 -0.492766752036592
-2.10914912301819 -1 -0.281536229983517
-0.186741992322058 -1 -0.774814994105241
4 -1 0.75
-1.87996720505311 -1 0.797041503012726
-2.11565418381932 -1 0.764943842416595
-1.94139610643488 -1 0.565986956325711
-2.22875106356222 -1 0.502106852305595
-2.3710396002171 -1 0.75552806856603
-2.04418381792535 -1 0.284108526502707
-2.60060776888888 -1 0.781871118256161
-3.39617616880263 -1 0.788750741735304
-3.58715647364672 -1 0.787745466840851
-2.09722681621907 -1 -0.0201698496310495
4 -1 0.5
-4 0.168720473253967 0.69366651116793
-4 -0.176985465891755 0.691362747639682
-4 -0.511495808369558 0.500894049305937
-4 -0.694172565342354 0.167725364310582
-4 -0.691387705774126 -0.17731845227521
-4 -0.499390508266749 -0.51284224391041
-4 -0.166849314921309 -0.694116921137909
-4 0.177735073596902 -0.691232958134704
-4 0.513058817253391 -0.499149288570776
-4 0.693402694497376 -0.167924352916367
-4 0.693477421166943 0.174678191598475
-4 0.50061231664934 0.510404985719253
-4 1 0.75
-4 1 0.5
-4 0.767040819220465 0.667841655673521
-4 0.782501912240896 0.418057960711172
-4 1 0.25
-4 1 0
-4 1 -0.25
-4 1 -0.5
-4 0.788585938710291 -0.394246771285246
-4 0.78779430776138 -0.585988941050254
-4 1 -0.75
-4 0.6666100377064 -0.767576119850714
-4 0.41758433599628 -0.782892938959856
-4 -0.394524434002334 -0.788585613040508
-4 -0.586541458850734 -0.787728263169829
-4 -0.767676739088018 -0.666554714309608
-4 -0.783273929861297 -0.41722533943107
-4 -0.786759774288586 0.395145861535665
-4 -0.786734723201834 0.5884188260131
-4 -0.668742035331109 0.766675075864415
-4 -0.418757656639513 0.781730641957033
-4 0.394575736866973 0.788478191919315
-4 0.586515514310875 0.78838490120586
-2.84122629243834 1 0.694432836161297
-3.17674318997412 1 0.69278093992675
-3.51134185155153 1 0.501176793053147
-3.69412867194379 1 0.167833937477465
-3.6914755703421 1 -0.177293016033369
-3.50030139542308 1 -0.512707764862806
-3.17083620482667 1 -0.694203404911664
-2.83629214254352 1 -0.69438166121613
-2.53297167348182 1 -0.503508449419491
-2.34037880099626 1 -0.188370806534588
-2.35534299783661 1 0.190490211659555
-2.54136278683305 1 0.50477639256499
-1.53022066988473 1 0.766381631543948
-1.71172187059714 1 0.511581565986524
-1.85926369779147 1 0.226946720735217
-1.85315483965998 1 -0.0867107045696093
-1.77568616459031 1 -0.376303722843772
-1.62842755194846 1 -0.690164272399469
-1.30864122129267 1 -0.816509588054157
-0.701068113823486 1 -0.82017015562494
-0.413490458494464 1 -0.704615547203265
-0.234266630914432 1 -0.422990340764413
-0.0890337586465888 1 -0.117890568158115
-0.0926195910466003 1 0.24842202614809
-0.269662798406824 1 0.527837418804504
-0.475440850327194 1 0.771096873482238
2.0165136115777 1 0.789287886422946
1.90150713383576 1 0.53666465477982
1.93110960502976 1 -0.355920961573327
1.99412832970514 1 -0.562490104195401
4 1 0
4 1 0.25
4 1 -0.25
4 1 0.5
4 1 0.75
2.12562285310617 1 -0.786569693142707
1.84555787597924 1 -0.727143130940826
0.271058167844476 1 0.798213317932948
0.0414672623333797 1 0.596621595892045
0.0250703602548226 1 -0.422126432052405
0.148691206740328 1 -0.697787725250176
-0.122455370799192 1 -0.706095392810113
1.71746305846379 1 0.759343304955111
4 1 -0.75
-1.88022761922509 1 -0.797242331880923
-2.11612783912862 1 -0.765550663286585
-1.94192228153201 1 -0.566552089570183
-2.22942479629463 1 -0.500562971522255
-2.37099169821956 1 -0.754630799106483
-2.04444265928361 1 -0.282546682642646
-2.60039731027764 1 -0.781127567976478
-3.3955650340458 1 -0.788738968420079
-3.58667715605345 1 -0.787692395011825
-3.76795325436586 1 -0.666544648607535
-3.78337085422928 1 -0.41729003895774
-3.78663240081121 1 0.395296277955831
-3.78667921986761 1 0.588539241103037
-3.66870384873237 1 0.766792757086946
-3.4186144032067 1 0.782203776620818
-2.60553878405642 1 0.782689009268
-2.37621372680596 1 0.752019267117804
-2.1161584983043 1 0.750495051040831
-1.84410823580001 1 0.755985170121687
-1.98021498000948 1 0.504257556657168
-2.25276371699214 1 0.493708266477633
-2.1093532965674 1 0.281578242571277
-0.186741992322058 1 0.774814994105241
-2.09842006563011 1 0.0207279412577818
4 1 -0.5
2608
0 1 2
1 3 4
3 5 6
5 7 8
7 9 10
9 11 12
11 13 14
13 15 16
15 17 18
17 19 20
19 21 22
21 23 24
23 25 26
25 27 28
27 29 30
29 31 32
31 33 34
33 35 36
35 37 38
37 39 40
39 41 42
41 43 44
43 45 46
45 47 48
47 0 49
2 1 4
0 2 49
4 3 6
6 5 8
8 7 10
10 9 12
12 11 14
14 13 16
16 15 18
18 17 20
20 19 22
22 21 24
24 23 26
26 25 28
28 27 30
30 29 32
32 31 34
34 33 36
36 35 38
38 37 40
40 39 42
42 41 44
44 43 46
46 45 48
48 47 49
2 4 50
49 2 50
4 6 50
6 8 51
8 10 51
10 12 52
12 14 52
14 16 53
16 18 53
18 20 54
20 22 54
22 24 55
24 26 55
26 28 56
28 30 56
30 32 57
32 34 57
34 36 58
36 38 58
38 40 59
40 42 59
42 44 60
44 46 60
46 48 61
48 49 61
49 50 61
50 6 51
51 10 52
52 14 53
53 18 54
54 22 55
55 26 56
56 30 57
57 34 58
58 38 59
59 42 60
60 46 61
61 50 62
50 51 63
51 52 64
52 53 65
53 54 66
54 55 67
55 56 68
56 57 69
57 58 70
58 59 71
59 60 72
60 61 73
62 50 63
61 62 73
63 51 64
64 52 65
65 53 66
66 54 67
67 55 68
68 56 69
69 57 70
70 58 71
71 59 72
72 60 73
62 63 74
73 62 74
63 64 74
64 65 74
65 66 75
66 67 75
67 68 76
68 69 76
69 70 77
70 71 77
71 72 78
72 73 78
73 74 78
74 65 75
75 67 76
76 69 77
77 71 78
78 74 76
74 75 76
76 77 78
79 80 81
80 82 83
82 84 85
84 86 87
86 88 89
88 90 91
90 92 93
92 94 95
94 96 97
96 98 99
98 100 101
100 102 103
102 104 105
104 106 107
106 108 109
108 110 111
110 112 113
112 114 115
114 116 117
116 118 119
118 120 121
120 122 123
122 124 125
124 126 127
126 79 128
81 80 83
79 81 128
83 82 85
85 84 87
87 86 89
89 88 91
91 90 93
93 92 95
95 94 97
97 96 99
99 98 101
101 100 103
103 102 105
105 104 107
107 106 109
109 108 111
111 110 113
113 112 115
115 114 117
117 116 119
119 118 121
121 120 123
123 122 125
125 124 127
127 126 128
81 83 129
128 81 129
83 85 129
85 87 130
87 89 130
89 91 131
91 93 131
93 95 132
95 97 132
97 99 133
99 101 133
101 103 134
103 105 134
105 107 135
107 109 135
109 111 136
111 113 136
113 115 137
115 117 137
117 119 138
119 121 138
121 123 139
123 125 139
125 127 140
127 128 140
128 129 140
129 85 130
130 89 131
131 93 132
132 97 133
133 101 134
134 105 135
135 109 136
136 113 137
137 117 138
138 121 139
139 125 140
140 129 141
129 130 142
130 131 143
131 132 144
132 133 145
133 134 146
134 135 147
135 136 148
136 137 149
137 138 150
138 139 151
139 140 152
141 129 142
140 141 152
142 130 143
143 131 144
144 132 145
145 133 146
146 134 147
147 135 148
148 136 149
149 137 150
150 138 151
151 139 152
141 142 153
152 141 153
142 143 153
143 144 153
144 145 154
145 146 154
146 147 155
147 148 155
148 149 156
149 150 156
150 151 157
151 152 157
152 153 157
153 144 154
154 146 155
155 148 156
156 150 157
157 153 155
153 154 155
155 156 157
158 159 160
159 161 162
161 163 164
163 165 166
165 167 168
167 169 170
169 171 172
171 173 174
173 175 176
175 177 178
177 179 180
179 181 182
181 183 184
183 185 186
185 187 188
187 189 190
189 191 192
191 193 194
193 195 196
195 197 198
197 199 200
199 201 202
201 203 204
203 205 206
205 158 207
160 159 162
158 160 207
162 161 164
164 163 166
166 165 168
168 167 170
170 169 172
172 171 174
174 173 176
176 175 178
178 177 180
180 179 182
182 181 184
184 183 186
186 185 188
188 187 190
190 189 192
192 191 194
194 193 196
196 195 198
198 197 200
200 199 202
202 201 204
204 203 206
206 205 207
160 162 208
207 160 208
162 164 208
164 166 209
166 168 209
168 170 210
170 172 210
172 174 211
174 176 211
176 178 212
178 180 212
180 182 213
182 184 213
184 186 214
186 188 214
188 190 215
190 192 215
192 194 216
194 196 216
196 198 217
198 200 217
200 202 218
202 204 218
204 206 219
206 207 219
207 208 219
208 164 209
209 168 210
210 172 211
211 176 212
212 180 213
213 184 214
214 188 215
215 192 216
216 196 217
217 200 218
218 204 219
219 208 220
208 209 221
209 210 222
210 211 223
211 212 224
212 213 225
213 214 226
214 215 227
215 216 228
216 217 229
217 218 230
218 219 231
220 208 221
219 220 231
221 209 222
222 210 223
223 211 224
224 212 225
225 213 226
226 214 227
227 215 228
228 216 229
229 217 230
230 218 231
220 221 232
231 220 232
221 222 232
222 223 232
223 224 233
224 225 233
225 226 234
226 227 234
227 228 235
228 229 235
229 230 236
230 231 236
231 232 236
232 223 233
233 225 234
234 227 235
235 229 236
236 232 234
232 233 234
234 235 236
237 238 239
238 240 241
240 242 243
242 244 245
244 246 247
246 248 249
248 250 251
250 252 253
252 254 255
254 256 257
256 258 259
258 260 261
260 262 263
262 264 265
264 266 267
266 268 269
268 270 271
270 272 273
272 274 275
274 276 277
276 278 279
278 280 281
280 282 283
282 284 285
284 237 286
239 238 241
237 239 286
241 240 243
243 242 245
245 244 247
247 246 249
249 248 251
251 250 253
253 252 255
255 254 257
257 256 259
259 258 261
261 260 263
263 262 265
265 264 267
267 266 269
269 268 271
271 270 273
273 272 275
275 274 277
277 276 279
279 278 281
281 280 283
283 282 285
285 284 286
239 241 287
286 239 287
241 243 287
243 245 288
245 247 288
247 249 289
249 251 289
251 253 290
253 255 290
255 257 291
257 259 291
259 261 292
261 263 292
263 265 293
265 267 293
267 269 294
269 271 294
271 273 295
273 275 295
275 277 296
277 279 296
279 281 297
281 283 297
283 285 298
285 286 298
286 287 298
287 243 288
288 247 289
289 251 290
290 255 291
291 259 292
292 263 293
293 267 294
294 271 295
295 275 296
296 279 297
297 283 298
298 287 299
287 288 300
288 289 301
289 290 302
290 291 303
291 292 304
292 293 305
293 294 306
294 295 307
295 296 308
296 297 309
297 298 310
299 287 300
298 299 310
300 288 301
301 289 302
302 290 303
303 291 304
304 292 305
305 293 306
306 294 307
307 295 308
308 296 309
309 297 310
299 300 311
310 299 311
300 301 311
301 302 311
302 303 312
303 304 312
304 305 313
305 306 313
306 307 314
307 308 314
308 309 315
309 310 315
310 311 315
311 302 312
312 304 313
313 306 314
314 308 315
315 311 313
311 312 313
313 314 315
316 317 318
317 319 320
319 321 322
321 323 324
323 325 326
325 327 328
327 329 330
329 331 332
331 333 334
333 335 336
335 337 338
337 339 340
339 341 342
341 343 344
343 345 346
345 347 348
347 349 350
349 351 352
351 353 354
353 355 356
355 357 358
357 359 360
359 361 362
361 363 364
363 316 365
318 317 320
316 318 365
320 319 322
322 321 324
324 323 326
326 325 328
328 327 330
330 329 332
332 331 334
334 333 336
336 335 338
338 337 340
340 339 342
342 341 344
344 343 346
346 345 348
348 347 350
350 349 352
352 351 354
354 353 356
356 355 358
358 357 360
360 359 362
362 361 364
364 363 365
318 320 366
365 318 366
320 322 366
322 324 367
324 326 367
326 328 368
328 330 368
330 332 369
332 334 369
334 336 370
336 338 370
338 340 371
340 342 371
342 344 372
344 346 372
346 348 373
348 350 373
350 352 374
352 354 374
354 356 375
356 358 375
358 360 376
360 362 376
362 364 377
364 365 377
365 366 377
366 322 367
367 326 368
368 330 369
369 334 370
370 338 371
371 342 372
372 346 373
373 350 374
374 354 375
375 358 376
376 362 377
377 366 378
366 367 379
367 368 380
368 369 381
369 370 382
370 371 383
371 372 384
372 373 385
373 374 386
374 375 387
375 376 388
376 377 389
378 366 379
377 378 389
379 367 380
380 368 381
381 369 382
382 370 383
383 371 384
384 372 385
385 373 386
386 374 387
387 375 388
388 376 389
378 379 390
389 378 390
379 380 390
380 381 390
381 382 391
382 383 391
383 384 392
384 385 392
385 386 393
386 387 393
387 388 394
388 389 394
389 390 394
390 381 391
391 383 392
392 385 393
393 387 394
394 390 392
390 391 392
392 393 394
395 396 397
396 398 399
398 400 401
400 402 403
402 404 405
404 406 407
406 408 409
408 410 411
410 412 413
412 414 415
414 416 417
416 418 419
418 420 421
420 422 423
422 424 425
424 426 427
426 428 429
428 430 431
430 432 433
432 434 435
434 395 436
397 396 399
395 397 436
399 398 401
401 400 403
403 402 405
405 404 407
407 406 409
409 408 411
411 410 413
413 412 415
415 414 417
417 416 419
419 418 421
421 420 423
423 422 425
425 424 427
427 426 429
429 428 431
431 430 433
433 432 435
435 434 436
397 399 437
436 397 437
399 401 437
401 403 438
403 405 438
405 407 439
407 409 439
409 411 440
411 413 440
413 415 441
415 417 441
417 419 442
419 421 442
421 423 443
423 425 443
425 427 444
427 429 444
429 431 445
431 433 445
433 435 446
435 436 446
436 437 446
437 401 438
438 405 439
439 409 440
440 413 441
441 417 442
442 421 443
443 425 444
444 429 445
445 433 446
446 437 447
437 438 447
438 439 448
439 440 448
440 441 449
441 442 449
442 443 450
443 444 450
444 445 451
445 446 451
446 447 451
447 438 448
448 440 449
449 442 450
450 444 451
451 447 449
447 448 449
449 450 451
452 453 454
453 455 456
455 457 458
457 459 460
459 461 462
461 463 464
463 465 466
465 467 468
467 469 470
469 471 472
471 473 474
473 475 476
475 477 478
477 479 480
479 481 482
481 483 484
483 485 486
485 487 488
487 489 490
489 491 492
491 452 493
454 453 456
452 454 493
456 455 458
458 457 460
460 459 462
462 461 464
464 463 466
466 465 468
468 467 470
470 469 472
472 471 474
474 473 476
476 475 478
478 477 480
480 479 482
482 481 484
484 483 486
486 485 488
488 487 490
490 489 492
492 491 493
454 456 494
493 454 494
456 458 494
458 460 495
460 462 495
462 464 496
464 466 496
466 468 497
468 470 497
470 472 498
472 474 498
474 476 499
476 478 499
478 480 500
480 482 500
482 484 501
484 486 501
486 488 502
488 490 502
490 492 503
492 493 503
493 494 503
494 458 495
495 462 496
496 466 497
497 470 498
498 474 499
499 478 500
500 482 501
501 486 502
502 490 503
503 494 504
494 495 504
495 496 505
496 497 505
497 498 506
498 499 506
499 500 507
500 501 507
501 502 508
502 503 508
503 504 508
504 495 505
505 497 506
506 499 507
507 501 508
508 504 506
504 505 506
506 507 508
509 510 511
510 512 513
512 514 515
514 516 517
516 518 519
518 520 521
520 522 523
522 524 525
524 526 527
526 528 529
528 530 531
530 532 533
532 534 535
534 536 537
536 538 539
538 540 541
540 542 543
542 544 545
544 546 547
546 548 549
548 509 550
511 510 513
509 511 550
513 512 515
515 514 517
517 516 519
519 518 521
521 520 523
523 522 525
525 524 527
527 526 529
529 528 531
531 530 533
533 532 535
535 534 537
537 536 539
539 538 541
541 540 543
543 542 545
545 544 547
547 546 549
549 548 550
511 513 551
550 511 551
513 515 551
515 517 552
517 519 552
519 521 553
521 523 553
523 525 554
525 527 554
527 529 555
529 531 555
531 533 556
533 535 556
535 537 557
537 539 557
539 541 558
541 543 558
543 545 559
545 547 559
547 549 560
549 550 560
550 551 560
551 515 552
552 519 553
553 523 554
554 527 555
555 531 556
556 535 557
557 539 558
558 543 559
559 547 560
560 551 561
551 552 561
552 553 562
553 554 562
554 555 563
555 556 563
556 557 564
557 558 564
558 559 565
559 560 565
560 561 565
561 552 562
562 554 563
563 556 564
564 558 565
565 561 563
561 562 563
563 564 565
566 567 568
567 569 570
569 571 572
571 573 574
573 575 576
575 577 578
577 579 580
579 581 582
581 583 584
583 585 586
585 587 588
587 589 590
589 591 592
591 593 594
593 595 596
595 597 598
597 599 600
599 601 602
601 603 604
603 605 606
605 566 607
568 567 570
566 568 607
570 569 572
572 571 574
574 573 576
576 575 578
578 577 580
580 579 582
582 581 584
584 583 586
586 585 588
588 587 590
590 589 592
592 591 594
594 593 596
596 595 598
598 597 600
600 599 602
602 601 604
604 603 606
606 605 607
568 570 608
607 568 608
570 572 608
572 574 609
574 576 609
576 578 610
578 580 610
580 582 611
582 584 611
584 586 612
586 588 612
588 590 613
590 592 613
592 594 614
594 596 614
596 598 615
598 600 615
600 602 616
602 604 616
604 606 617
606 607 617
607 608 617
608 572 609
609 576 610
610 580 611
611 584 612
612 588 613
613 592 614
614 596 615
615 600 616
616 604 617
617 608 618
608 609 618
609 610 619
610 611 619
611 612 620
612 613 620
613 614 621
614 615 621
615 616 622
616 617 622
617 618 622
618 609 619
619 611 620
620 613 621
621 615 622
622 618 620
618 619 620
620 621 622
623 624 625
624 626 625
626 627 628
627 629 628
629 630 631
630 632 631
632 633 634
633 635 634
635 636 637
636 638 637
638 639 640
639 641 640
641 642 643
642 644 643
644 645 646
645 647 646
647 623 625
625 626 628
628 629 631
631 632 634
634 635 637
637 638 640
640 641 643
643 644 646
646 647 625
625 628 648
628 631 648
631 634 649
634 637 649
637 640 650
640 643 650
643 646 651
646 625 652
625 648 652
648 631 649
649 637 650
650 643 651
651 646 652
652 648 653
648 649 653
649 650 653
650 651 653
651 652 653
654 655 656
655 657 656
657 658 659
658 660 659
660 661 662
661 663 662
663 664 665
664 666 665
666 667 668
667 669 668
669 670 671
670 672 671
672 673 674
673 675 674
675 676 677
676 678 677
678 654 656
656 657 659
659 660 662
662 663 665
665 666 668
668 669 671
671 672 674
674 675 677
677 678 656
656 659 679
659 662 679
662 665 680
665 668 680
668 671 681
671 674 681
674 677 682
677 656 683
656 679 683
679 662 680
680 668 681
681 674 682
682 677 683
683 679 684
679 680 684
680 681 684
681 682 684
682 683 684
685 686 687
686 688 687
688 689 690
689 691 690
691 692 693
692 694 693
694 695 696
695 697 696
697 698 699
698 700 699
700 701 702
701 703 702
703 704 705
704 706 705
706 707 708
707 709 708
709 685 687
687 688 690
690 691 693
693 694 696
696 697 699
699 700 702
702 703 705
705 706 708
708 709 687
687 690 710
690 693 710
693 696 711
696 699 711
699 702 712
702 705 712
705 708 713
708 687 714
687 710 714
710 693 711
711 699 712
712 705 713
713 708 714
714 710 715
710 711 715
711 712 715
712 713 715
713 714 715
716 717 718
717 719 718
719 720 721
720 722 721
722 723 724
723 725 724
725 726 727
726 728 727
728 729 730
729 731 730
731 732 733
732 734 733
734 735 736
735 737 736
737 738 739
738 740 739
740 716 718
718 719 721
721 722 724
724 725 727
727 728 730
730 731 733
733 734 736
736 737 739
739 740 718
718 721 741
721 724 741
724 727 742
727 730 742
730 733 743
733 736 743
736 739 744
739 718 745
718 741 745
741 724 742
742 730 743
743 736 744
744 739 745
745 741 746
741 742 746
742 743 746
743 744 746
744 745 746
747 748 749
748 750 749
750 751 752
751 753 752
753 754 755
754 756 755
756 757 758
757 759 758
759 760 761
760 762 761
762 763 764
763 747 764
747 749 764
749 750 752
752 753 755
755 756 758
758 759 761
761 762 764
764 749 765
749 752 765
752 755 765
755 758 765
758 761 765
761 764 765
766 767 768
767 769 768
769 770 771
770 772 771
772 773 774
773 775 774
775 776 777
776 778 777
778 779 780
779 781 780
781 782 783
768 769 771
771 772 774
774 775 777
777 778 780
780 781 783
768 771 784
771 774 784
774 777 784
777 780 784
780 783 784
783 768 784
768 783 766
783 782 766
785 786 787
786 788 787
788 789 790
789 791 790
791 792 793
792 794 793
794 795 796
795 797 796
797 798 799
798 800 799
800 801 802
801 785 802
785 787 802
787 788 790
790 791 793
793 794 796
796 797 799
799 800 802
802 787 803
787 790 803
790 793 803
793 796 803
796 799 803
799 802 803
804 805 806
805 807 806
807 808 809
808 810 809
810 811 812
811 813 812
813 814 815
814 816 815
816 817 818
817 819 818
819 820 821
806 807 809
809 810 812
812 813 815
815 816 818
818 819 821
806 809 822
809 812 822
812 815 822
815 818 822
818 821 822
821 806 822
806 821 804
821 820 804
823 824 825
824 826 825
826 827 828
827 829 828
829 830 831
830 832 831
832 833 834
833 835 834
835 836 837
836 838 837
838 839 840
825 826 828
828 829 831
831 832 834
834 835 837
837 838 840
825 828 841
828 831 841
831 834 841
834 837 841
837 840 841
840 825 841
825 840 823
840 839 823
807 805 842
805 804 843
804 820 844
820 819 845
819 817 846
817 816 847
816 814 848
814 813 849
813 811 850
811 810 851
810 808 852
808 807 853
688 686 854
686 685 855
685 709 856
709 707 857
707 706 858
706 704 859
704 703 860
703 701 861
701 700 862
700 698 863
698 697 864
697 695 865
695 694 866
694 692 867
692 691 868
691 689 869
689 688 870
842 805 843
807 842 853
843 804 844
844 820 845
845 819 846
846 817 847
847 816 848
848 814 849
849 813 850
850 811 851
851 810 852
852 808 853
240 238 871
242 872 873
238 237 874
875 284 876
284 282 876
282 280 877
280 278 878
522 274 879
879 274 272
879 272 880
880 272 270
879 880 524
879 524 522
268 266 881
881 266 882
268 881 883
882 266 264
882 264 884
884 264 262
884 262 885
885 262 260
885 260 886
886 260 258
886 258 887
258 256 887
252 250 888
888 250 889
252 888 890
889 250 248
889 248 891
891 248 246
891 246 892
246 244 892
244 242 873
856 709 857
685 856 855
857 707 858
858 706 859
859 704 860
860 703 861
861 701 862
862 700 863
864 697 865
698 864 863
865 695 866
866 694 867
867 692 868
868 691 869
869 689 870
870 688 854
877 280 878
282 877 876
878 278 518
880 270 893
893 883 894
893 894 895
895 894 896
893 895 880
880 895 524
512 510 897
512 897 898
510 509 899
899 509 900
509 548 900
548 546 901
901 546 902
548 901 900
902 546 544
901 902 903
544 542 868
542 540 867
540 538 904
904 538 905
540 904 867
905 538 536
904 905 906
906 905 907
904 906 866
866 906 865
536 534 908
534 532 909
909 532 910
910 532 530
910 530 911
911 530 528
528 526 912
526 524 895
518 516 878
516 514 913
913 514 898
516 913 878
514 512 898
895 896 526
896 912 526
873 914 892
873 892 244
915 916 887
915 887 256
912 911 528
909 908 534
908 917 536
917 907 905
917 905 536
907 918 906
918 919 865
919 920 864
864 920 863
863 921 862
862 921 922
922 923 861
923 924 925
925 924 926
926 924 927
925 926 928
928 926 929
925 928 861
929 926 930
928 929 931
930 926 927
930 927 932
929 930 850
928 931 860
923 925 861
932 933 934
934 933 849
932 934 930
933 935 849
935 936 848
936 937 938
938 937 939
939 937 940
938 939 847
936 938 848
938 847 848
940 941 942
942 943 944
944 943 945
945 943 946
944 945 847
942 944 940
946 947 846
947 948 845
948 949 950
950 949 951
951 949 952
950 951 844
948 950 845
950 844 845
952 953 954
954 955 956
956 955 957
957 955 958
956 957 844
954 956 952
958 959 843
959 960 842
960 961 962
962 961 963
963 961 964
962 963 853
960 962 842
962 853 842
964 965 966
966 965 967
967 965 968
966 967 969
969 967 857
966 969 970
970 969 971
966 970 963
971 969 858
853 963 970
964 966 963
968 972 856
972 855 856
855 973 686
973 854 686
854 974 870
974 975 870
975 903 976
976 903 902
975 976 870
903 977 901
977 900 901
899 978 510
978 897 510
898 979 913
913 979 877
979 980 877
980 876 877
874 981 238
981 871 238
842 843 959
843 844 957
843 957 958
845 846 947
846 847 945
846 945 946
848 849 935
849 850 934
850 930 934
851 852 982
856 857 967
856 967 968
857 858 969
858 859 982
859 860 931
860 861 928
861 862 922
864 865 919
866 867 904
867 868 542
868 869 902
869 870 976
869 976 902
877 878 913
902 544 868
865 906 918
931 851 982
931 982 859
939 940 944
939 944 847
951 952 956
951 956 844
971 858 982
971 982 852
240 871 872
240 872 242
874 237 875
237 284 875
931 929 851
929 850 851
970 971 852
970 852 853
276 520 278
520 518 278
522 520 274
520 276 274
883 893 268
893 270 268
254 983 256
983 915 256
252 890 254
890 983 254
826 824 984
824 823 985
823 839 986
839 838 987
838 836 988
836 835 989
835 833 990
833 832 991
832 830 992
830 829 993
829 827 994
827 826 995
719 717 996
717 716 997
716 740 998
740 738 999
738 737 1000
737 735 1001
735 734 1002
734 732 1003
732 731 1004
731 729 1005
729 728 1006
728 726 1007
726 725 1008
725 723 1009
723 722 1010
722 720 1011
720 719 1012
984 824 985
826 984 995
985 823 986
986 839 987
987 838 988
988 836 989
989 835 990
990 833 991
991 832 992
992 830 993
993 829 994
994 827 995
319 317 1013
321 1014 1015
317 316 1016
1017 363 1018
363 361 1018
361 359 1019
359 357 1020
579 353 1021
1021 353 351
1021 351 1022
1022 351 349
1021 1022 581
1021 581 579
347 345 1023
1023 345 1024
347 1023 1025
1024 345 343
1024 343 1026
1026 343 341
1026 341 1027
1027 341 339
1027 339 1028
1028 339 337
1028 337 1029
337 335 1029
331 329 1030
1030 329 1031
331 1030 1032
1031 329 327
1031 327 1033
1033 327 325
1033 325 1034
325 323 1034
323 321 1015
998 740 999
716 998 997
999 738 1000
1000 737 1001
1001 735 1002
1002 734 1003
1003 732 1004
1004 731 1005
1006 728 1007
729 1006 1005
1007 726 1008
1008 725 1009
1009 723 1010
1010 722 1011
1011 720 1012
1012 719 996
1019 359 1020
361 1019 1018
1020 357 575
1022 349 1035
1035 1025 1036
1035 1036 1037
1037 1036 1038
1035 1037 1022
1022 1037 581
569 567 1039
569 1039 1040
567 566 1041
1041 566 1042
566 605 1042
605 603 1043
1043 603 1044
605 1043 1042
1044 603 601
1043 1044 1045
601 599 1010
599 597 1009
597 595 1046
1046 595 1047
597 1046 1009
1047 595 593
1046 1047 1048
1048 1047 1049
1046 1048 1008
1008 1048 1007
593 591 1050
591 589 1051
1051 589 1052
1052 589 587
1052 587 1053
1053 587 585
585 583 1054
583 581 1037
575 573 1020
573 571 1055
1055 571 1040
573 1055 1020
571 569 1040
1037 1038 583
1038 1054 583
1015 1056 1034
1015 1034 323
1057 1058 1029
1057 1029 335
1054 1053 585
1051 1050 591
1050 1059 593
1059 1049 1047
1059 1047 593
1049 1060 1048
1060 1061 1007
1061 1062 1006
1006 1062 1005
1005 1063 1004
1004 1063 1064
1064 1065 1003
1065 1066 1067
1067 1066 1068
1068 1066 1069
1067 1068 1070
1070 1068 1071
1067 1070 1003
1071 1068 1072
1070 1071 1073
1072 1068 1069
1072 1069 1074
1071 1072 992
1070 1073 1002
1065 1067 1003
1074 1075 1076
1076 1075 991
1074 1076 1072
1075 1077 991
1077 1078 990
1078 1079 1080
1080 1079 1081
1081 1079 1082
1080 1081 989
1078 1080 990
1080 989 990
1082 1083 1084
1084 1085 1086
1086 1085 1087
1087 1085 1088
1086 1087 989
1084 1086 1082
1088 1089 988
1089 1090 987
1090 1091 1092
1092 1091 1093
1093 1091 1094
1092 1093 986
1090 1092 987
1092 986 987
1094 1095 1096
1096 1097 1098
1098 1097 1099
1099 1097 1100
1098 1099 986
1096 1098 1094
1100 1101 985
1101 1102 984
1102 1103 1104
1104 1103 1105
1105 1103 1106
1104 1105 995
1102 1104 984
1104 995 984
1106 1107 1108
1108 1107 1109
1109 1107 1110
1108 1109 1111
1111 1109 999
1108 1111 1112
1112 1111 1113
1108 1112 1105
1113 1111 1000
995 1105 1112
1106 1108 1105
1110 1114 998
1114 997 998
997 1115 717
1115 996 717
996 1116 1012
1116 1117 1012
1117 1045 1118
1118 1045 1044
1117 1118 1012
1045 1119 1043
1119 1042 1043
1041 1120 567
1120 1039 567
1040 1121 1055
1055 1121 1019
1121 1122 1019
1122 1018 1019
1016 1123 317
1123 1013 317
984 985 1101
985 986 1099
985 1099 1100
987 988 1089
988 989 1087
988 1087 1088
990 991 1077
991 992 1076
992 1072 1076
993 994 1124
998 999 1109
998 1109 1110
999 1000 1111
1000 1001 1124
1001 1002 1073
1002 1003 1070
1003 1004 1064
1006 1007 1061
1008 1009 1046
1009 1010 599
1010 1011 1044
1011 1012 1118
1011 1118 1044
1019 1020 1055
1044 601 1010
1007 1048 1060
1073 993 1124
1073 1124 1001
1081 1082 1086
1081 1086 989
1093 1094 1098
1093 1098 986
1113 1000 1124
1113 1124 994
319 1013 1014
319 1014 321
1016 316 1017
316 363 1017
1073 1071 993
1071 992 993
1112 1113 994
1112 994 995
355 577 357
577 575 357
579 577 353
577 355 353
1025 1035 347
1035 349 347
333 1125 335
1125 1057 335
331 1032 333
1032 1125 333
788 786 1126
786 785 1127
785 801 1128
801 800 1129
800 798 1130
798 797 1131
797 795 1132
795 794 1133
794 792 1134
792 791 1135
791 789 1136
789 788 1137
657 655 1062
655 654 1063
654 678 1138
678 676 1139
676 675 1140
675 673 1141
673 672 1142
672 670 1143
670 669 1144
669 667 973
667 666 1145
666 664 1146
664 663 1147
663 661 1148
661 660 1149
660 658 1150
658 657 1151
1126 786 1127
788 1126 1137
1127 785 1128
1128 801 1129
1129 800 1130
1130 798 1131
1131 797 1132
1132 795 1133
1133 794 1134
1134 792 1135
1135 791 1136
1136 789 1137
161 159 1027
163 1028 1029
159 158 1024
1023 205 1025
205 203 1025
203 201 1152
201 199 1153
465 195 1154
1154 195 193
1154 193 1155
1155 193 191
1154 1155 467
1154 467 465
189 187 875
875 187 874
189 875 876
874 187 185
874 185 981
981 185 183
981 183 871
871 183 181
871 181 872
872 181 179
872 179 873
179 177 873
173 171 1156
1156 171 1157
173 1156 1158
1157 171 169
1157 169 1159
1159 169 167
1159 167 1160
167 165 1160
165 163 1029
1138 678 1139
654 1138 1063
1139 676 1140
1140 675 1141
1141 673 1142
1142 672 1143
1143 670 1144
1144 669 973
1145 666 1146
667 1145 973
1146 664 1147
1147 663 1148
1148 661 1149
1149 660 1150
1150 658 1151
1151 657 1062
1152 201 1153
203 1152 1025
1153 199 461
1155 191 1161
1161 876 980
1161 980 1162
1162 980 979
1161 1162 1155
1155 1162 467
455 453 1053
455 1053 1054
453 452 1051
1051 452 1050
452 491 1050
491 489 1163
1163 489 1164
491 1163 1050
1164 489 487
1163 1164 1049
487 485 1149
485 483 1148
483 481 1165
1165 481 1166
483 1165 1148
1166 481 479
1165 1166 1167
1167 1166 903
1165 1167 1147
1147 1167 1146
479 477 900
477 475 899
899 475 978
978 475 473
978 473 897
897 473 471
471 469 898
469 467 1162
461 459 1153
459 457 1168
1168 457 1054
459 1168 1153
457 455 1054
1162 979 469
979 898 469
954 953 1169
1169 1170 1171
1171 1170 1172
1172 1170 1173
1171 1172 1131
1169 1171 954
1173 1174 1130
1174 1175 1129
1175 1176 1177
1177 1176 1178
1178 1176 1179
1177 1178 1128
1175 1177 1129
1177 1128 1129
1179 1083 1082
1082 1079 1180
1180 1079 1181
1181 1079 1078
1180 1181 1128
1082 1180 1179
1078 1077 1127
1077 1075 1126
1075 1074 1182
1182 1074 1183
1183 1074 1069
1182 1183 1137
1075 1182 1126
1182 1137 1126
1069 1066 1184
1184 1066 1185
1185 1066 1065
1184 1185 1186
1186 1185 1139
1184 1186 1187
1187 1186 1188
1184 1187 1183
1188 1186 1140
1137 1183 1187
1069 1184 1183
1065 1064 1138
1064 1063 1138
1063 1005 655
1005 1062 655
1062 1061 1151
1061 1060 1151
1060 1049 1189
1189 1049 1164
1060 1189 1151
1049 1059 1163
1059 1050 1163
1051 1052 453
1052 1053 453
1054 1038 1168
1168 1038 1152
1038 1036 1152
1036 1025 1152
1024 1026 159
1026 1027 159
1029 1058 1160
1029 1160 165
1190 914 873
1190 873 177
898 897 471
899 900 477
900 977 479
977 903 1166
977 1166 479
903 975 1167
975 974 1146
974 854 1145
1145 854 973
973 855 1144
1144 855 972
972 968 1143
968 965 1191
1191 965 1192
1192 965 964
1191 1192 1193
1193 1192 1194
1191 1193 1143
1194 1192 1195
1193 1194 1196
1195 1192 964
1195 964 961
1194 1195 1134
1193 1196 1142
968 1191 1143
961 960 1197
1197 960 1133
961 1197 1195
960 959 1133
959 958 1132
958 955 1198
1198 955 1199
1199 955 954
1198 1199 1131
958 1198 1132
1198 1131 1132
1126 1127 1077
1127 1128 1181
1127 1181 1078
1129 1130 1174
1130 1131 1172
1130 1172 1173
1132 1133 959
1133 1134 1197
1134 1195 1197
1135 1136 1200
1138 1139 1185
1138 1185 1065
1139 1140 1186
1140 1141 1200
1141 1142 1196
1142 1143 1193
1143 1144 972
1145 1146 974
1147 1148 1165
1148 1149 485
1149 1150 1164
1150 1151 1189
1150 1189 1164
1152 1153 1168
1164 487 1149
1146 1167 975
1171 1131 1199
1171 1199 954
1178 1179 1180
1178 1180 1128
1188 1140 1200
1188 1200 1136
1196 1135 1200
1196 1200 1141
161 1027 1028
161 1028 163
1024 158 1023
158 205 1023
1187 1188 1136
1187 1136 1137
1196 1194 1135
1194 1134 1135
197 463 199
463 461 199
465 463 195
463 197 195
876 1161 189
1161 191 189
175 1201 177
1201 1190 177
173 1158 175
1158 1201 175
769 767 1202
767 766 1203
766 782 1204
782 781 1205
781 779 1206
779 778 1207
778 776 1208
776 775 1209
775 773 1210
773 772 1211
772 770 1212
770 769 1213
1202 767 1203
769 1202 1213
1203 766 1204
1204 782 1205
1205 781 1206
1206 779 1207
1207 778 1208
1208 776 1209
1209 775 1210
1210 773 1211
1211 772 1212
1212 770 1213
942 941 1214
1214 1215 1216
1216 1215 1217
1217 1215 1218
1216 1217 1213
1214 1216 942
1218 1219 1212
1219 1220 1211
1220 1221 1222
1222 1221 1223
1223 1221 1224
1222 1223 1210
1220 1222 1211
1222 1210 1211
1224 1095 1094
1094 1091 1225
1225 1091 1226
1226 1091 1090
1225 1226 1210
1094 1225 1224
1090 1089 1209
1089 1088 1208
1088 1085 1227
1227 1085 1228
1228 1085 1084
1227 1228 1207
1088 1227 1208
1227 1207 1208
1084 1083 1179
1179 1176 1229
1229 1176 1230
1230 1176 1175
1229 1230 1207
1179 1229 1084
1175 1174 1206
1174 1173 1205
1173 1170 1231
1231 1170 1232
1232 1170 1169
1231 1232 1204
1173 1231 1205
1231 1204 1205
1169 953 952
952 949 1233
1233 949 1234
1234 949 948
1233 1234 1204
952 1233 1169
948 947 1203
947 946 1202
946 943 1235
1235 943 1236
1236 943 942
1235 1236 1213
946 1235 1202
1235 1213 1202
1202 1203 947
1203 1204 1234
1203 1234 948
1205 1206 1174
1206 1207 1230
1206 1230 1175
1208 1209 1089
1209 1210 1226
1209 1226 1090
1211 1212 1219
1212 1213 1217
1212 1217 1218
1216 1213 1236
1216 1236 942
1223 1224 1225
1223 1225 1210
1228 1084 1229
1228 1229 1207
1232 1169 1233
1232 1233 1204
750 748 1237
748 747 1238
747 763 1239
763 762 1240
762 760 1241
760 759 1242
759 757 1243
757 756 1244
756 754 1245
754 753 1246
753 751 1247
751 750 1248
626 624 920
624 623 921
623 647 1249
647 645 1250
645 644 1251
644 642 1252
642 641 1253
641 639 1254
639 638 1255
638 636 1115
636 635 1256
635 633 1257
633 632 1258
632 630 1259
630 629 1260
629 627 1261
627 626 1262
1237 748 1238
750 1237 1248
1238 747 1239
1239 763 1240
1240 762 1241
1241 760 1242
1242 759 1243
1243 757 1244
1244 756 1245
1245 754 1246
1246 753 1247
1247 751 1248
82 80 885
84 886 887
80 79 882
881 126 883
126 124 883
124 122 1263
122 120 1264
408 116 1265
1265 116 114
1265 114 1266
1266 114 112
1265 1266 410
1265 410 408
110 108 1017
1017 108 1016
110 1017 1018
1016 108 106
1016 106 1123
1123 106 104
1123 104 1013
1013 104 102
1013 102 1014
1014 102 100
1014 100 1015
100 98 1015
94 92 1267
1267 92 1268
94 1267 1269
1268 92 90
1268 90 1270
1270 90 88
1270 88 1271
88 86 1271
86 84 887
1249 647 1250
623 1249 921
1250 645 1251
1251 644 1252
1252 642 1253
1253 641 1254
1254 639 1255
1255 638 1115
1256 635 1257
636 1256 1115
1257 633 1258
1258 632 1259
1259 630 1260
1260 629 1261
1261 627 1262
1262 626 920
1263 122 1264
124 1263 883
1264 120 404
1266 112 1272
1272 1018 1122
1272 1122 1273
1273 1122 1121
1272 1273 1266
1266 1273 410
398 396 911
398 911 912
396 395 909
909 395 908
395 434 908
434 432 1274
1274 432 1275
434 1274 908
1275 432 430
1274 1275 907
430 428 1260
428 426 1259
426 424 1276
1276 424 1277
426 1276 1259
1277 424 422
1276 1277 1278
1278 1277 1045
1276 1278 1258
1258 1278 1257
422 420 1042
420 418 1041
1041 418 1120
1120 418 416
1120 416 1039
1039 416 414
414 412 1040
412 410 1273
404 402 1264
402 400 1279
1279 400 912
402 1279 1264
400 398 912
1273 1121 412
1121 1040 412
887 916 1271
887 1271 86
1280 1056 1015
1280 1015 98
1040 1039 414
1041 1042 420
1042 1119 422
1119 1045 1277
1119 1277 422
1045 1117 1278
1117 1116 1257
1116 996 1256
1256 996 1115
1115 997 1255
1255 997 1114
1114 1110 1254
1110 1107 1281
1281 1107 1282
1282 1107 1106
1281 1282 1283
1283 1282 1284
1281 1283 1254
1284 1282 1285
1283 1284 1286
1285 1282 1106
1285 1106 1103
1284 1285 1245
1283 1286 1253
1110 1281 1254
1103 1102 1287
1287 1102 1244
1103 1287 1285
1102 1101 1244
1101 1100 1243
1100 1097 1288
1288 1097 1289
1289 1097 1096
1288 1289 1242
1100 1288 1243
1288 1242 1243
1096 1095 1224
1224 1221 1290
1290 1221 1291
1291 1221 1220
1290 1291 1242
1224 1290 1096
1220 1219 1241
1219 1218 1240
1218 1215 1292
1292 1215 1293
1293 1215 1214
1292 1293 1239
1218 1292 1240
1292 1239 1240
1214 941 940
940 937 1294
1294 937 1295
1295 937 936
1294 1295 1239
940 1294 1214
936 935 1238
935 933 1237
933 932 1296
1296 932 1297
1297 932 927
1296 1297 1248
933 1296 1237
1296 1248 1237
927 924 1298
1298 924 1299
1299 924 923
1298 1299 1300
1300 1299 1250
1298 1300 1301
1301 1300 1302
1298 1301 1297
1302 1300 1251
1248 1297 1301
927 1298 1297
923 922 1249
922 921 1249
921 863 624
863 920 624
920 919 1262
919 918 1262
918 907 1303
1303 907 1275
918 1303 1262
907 917 1274
917 908 1274
909 910 396
910 911 396
912 896 1279
1279 896 1263
896 894 1263
894 883 1263
882 884 80
884 885 80
1237 1238 935
1238 1239 1295
1238 1295 936
1240 1241 1219
1241 1242 1291
1241 1291 1220
1243 1244 1101
1244 1245 1287
1245 1285 1287
1246 1247 1304
1249 1250 1299
1249 1299 923
1250 1251 1300
1251 1252 1304
1252 1253 1286
1253 1254 1283
1254 1255 1114
1256 1257 1116
1258 1259 1276
1259 1260 428
1260 1261 1275
1261 1262 1303
1261 1303 1275
1263 1264 1279
1275 430 1260
1257 1278 1117
1286 1246 1304
1286 1304 1252
1289 1096 1290
1289 1290 1242
1293 1214 1294
1293 1294 1239
1302 1251 1304
1302 1304 1247
82 885 886
82 886 84
882 79 881
79 126 881
1286 1284 1246
1284 1245 1246
1301 1302 1247
1301 1247 1248
118 406 120
406 404 120
408 406 116
406 118 116
1018 1272 110
1272 112 110
96 1305 98
1305 1280 98
94 1269 96
1269 1305 96
3 1 1031
1 0 1032
0 47 1125
47 45 1057
45 43 1160
43 41 1159
41 39 1157
39 37 1156
33 31 892
31 29 891
29 27 889
27 25 888
25 23 890
23 21 983
21 19 915
15 13 1267
13 11 1269
11 9 1305
9 7 1280
7 5 1034
5 3 1033
3 1031 1033
1032 0 1125
1125 47 1057
1159 41 1157
43 1159 1160
1157 39 1156
1156 37 1158
891 29 889
31 891 892
889 27 888
888 25 890
890 23 983
983 21 915
1267 13 1269
15 1267 1268
1269 11 1305
1305 9 1280
5 1033 1034
892 914 1190
892 1190 33
1160 1058 1057
1160 1057 45
1032 1030 1
1030 1031 1
1034 1056 1280
1034 1280 7
1271 916 915
1271 915 19
1201 1158 35
1158 37 35
1190 1201 33
1201 35 33
17 1270 19
1270 1271 19
15 1268 17
1268 1270 17
