3 2
21
0.475528 0 -0.154508
0.404508 0 -0.293893
0.293893 0 -0.404508
0.154508 0 -0.475528
0 0 -0.5
-0.154508 0 -0.475528
-0.293893 0 -0.404508
-0.404508 0 -0.293893
-0.475528 0 -0.154508
-0.5 0 0
-0.475528 0 0.154508
-0.404508 0 0.293893
-0.293893 0 0.404508
-0.154508 0 0.475528
0 0 0.5
0.154508 0 0.475528
0.293893 0 0.404508
0.404508 0 0.293893
0.475528 0 0.154508
0.5 0 0
0 1 0
20
19 0 20
0 1 20
1 2 20
2 3 20
3 4 20
4 5 20
5 6 20
6 7 20
7 8 20
8 9 20
9 10 20
10 11 20
11 12 20
12 13 20
13 14 20
14 15 20
15 16 20
16 17 20
17 18 20
18 19 20
