3 2
22
0.475528 0 -0.154508
0.404508 0 -0.293893
0.293893 0 -0.404508
0.154508 0 -0.475528
0 0 -0.5
-0.154508 0 -0.475528
-0.293893 0 -0.404508
-0.404508 0 -0.293893
-0.475528 0 -0.154508
-0.5 0 0
-0.475528 0 0.154508
-0.404508 0 0.293893
-0.293893 0 0.404508
-0.154508 0 0.475528
0 0 0.5
0.154508 0 0.475528
0.293893 0 0.404508
0.404508 0 0.293893
0.475528 0 0.154508
0.5 0 0
0 0 0
0 1 0
40
0 19 20
19 0 21
1 0 20
0 1 21
2 1 20
1 2 21
3 2 20
2 3 21
4 3 20
3 4 21
5 4 20
4 5 21
6 5 20
5 6 21
7 6 20
6 7 21
8 7 20
7 8 21
9 8 20
8 9 21
10 9 20
9 10 21
11 10 20
10 11 21
12 11 20
11 12 21
13 12 20
12 13 21
14 13 20
13 14 21
15 14 20
14 15 21
16 15 20
15 16 21
17 16 20
16 17 21
18 17 20
17 18 21
19 18 20
18 19 21
