3 2
770
-0.606 -0.606 -0.606
-0.744 -0.524 -0.524
-0.524 -0.524 -0.744
-0.524 -0.744 -0.524
-0.711 -0.301 -0.711
-0.576 -0.371 -0.796
-0.64 -0.426 -0.64
-0.796 -0.371 -0.576
-0.735 -0.15 -0.735
-0.301 -0.711 -0.711
-0.371 -0.796 -0.576
-0.426 -0.64 -0.64
-0.371 -0.576 -0.796
-0.15 -0.735 -0.735
-0.711 -0.711 -0.301
-0.796 -0.576 -0.371
-0.64 -0.64 -0.426
-0.576 -0.796 -0.371
-0.735 -0.735 -0.15
-0.287 -0.287 -0.968
-0.144 -0.348 -0.98
-0.361 -0.361 -0.918
-0.348 -0.144 -0.98
-0.148 -0.543 -0.886
-0.292 -0.491 -0.881
-0.209 -0.405 -0.89
-0.074 -0.474 -0.934
-0.211 -0.577 -0.789
-0.075 -0.65 -0.822
-0.543 -0.148 -0.886
-0.474 -0.074 -0.934
-0.405 -0.209 -0.89
-0.408 -0.408 -0.816
-0.491 -0.292 -0.881
-0.577 -0.211 -0.789
-0.65 -0.075 -0.822
-0.139 -0.139 -1.031
-0.07 -0.274 -1.011
-0.199 -0.199 -0.96
-0.274 -0.07 -1.011
-0.069 -0.069 -1.045
-0.287 -0.968 -0.287
-0.348 -0.98 -0.144
-0.361 -0.918 -0.361
-0.144 -0.98 -0.348
-0.543 -0.886 -0.148
-0.491 -0.881 -0.292
-0.405 -0.89 -0.209
-0.474 -0.934 -0.074
-0.577 -0.789 -0.211
-0.65 -0.822 -0.075
-0.148 -0.886 -0.543
-0.074 -0.934 -0.474
-0.209 -0.89 -0.405
-0.408 -0.816 -0.408
-0.292 -0.881 -0.491
-0.211 -0.789 -0.577
-0.075 -0.822 -0.65
-0.139 -1.031 -0.139
-0.274 -1.011 -0.07
-0.199 -0.96 -0.199
-0.07 -1.011 -0.274
-0.069 -1.045 -0.069
-0.968 -0.287 -0.287
-0.98 -0.144 -0.348
-0.918 -0.361 -0.361
-0.98 -0.348 -0.144
-0.886 -0.148 -0.543
-0.881 -0.292 -0.491
-0.89 -0.209 -0.405
-0.934 -0.074 -0.474
-0.789 -0.211 -0.577
-0.822 -0.075 -0.65
-0.886 -0.543 -0.148
-0.934 -0.474 -0.074
-0.89 -0.405 -0.209
-0.816 -0.408 -0.408
-0.881 -0.491 -0.292
-0.789 -0.577 -0.211
-0.822 -0.65 -0.075
-1.031 -0.139 -0.139
-1.011 -0.07 -0.274
-0.96 -0.199 -0.199
-1.011 -0.274 -0.07
-1.045 -0.069 -0.069
-0.606 0.606 -0.606
-0.744 0.524 -0.524
-0.524 0.524 -0.744
-0.524 0.744 -0.524
-0.711 0.301 -0.711
-0.576 0.371 -0.796
-0.64 0.426 -0.64
-0.796 0.371 -0.576
-0.735 0.15 -0.735
-0.301 0.711 -0.711
-0.371 0.796 -0.576
-0.426 0.64 -0.64
-0.371 0.576 -0.796
-0.15 0.735 -0.735
-0.711 0.711 -0.301
-0.796 0.576 -0.371
-0.64 0.64 -0.426
-0.576 0.796 -0.371
-0.735 0.735 -0.15
-0.287 0.287 -0.968
-0.144 0.348 -0.98
-0.361 0.361 -0.918
-0.348 0.144 -0.98
-0.148 0.543 -0.886
-0.292 0.491 -0.881
-0.209 0.405 -0.89
-0.074 0.474 -0.934
-0.211 0.577 -0.789
-0.075 0.65 -0.822
-0.543 0.148 -0.886
-0.474 0.074 -0.934
-0.405 0.209 -0.89
-0.408 0.408 -0.816
-0.491 0.292 -0.881
-0.556 0 -0.831
-0.577 0.211 -0.789
-0.65 0.075 -0.822
-0.139 0.139 -1.031
-0.07 0.274 -1.011
-0.199 0.199 -0.96
-0.383 0 -0.924
-0.274 0.07 -1.011
-0.195 0 -0.981
-0.069 0.069 -1.045
-0.287 0.968 -0.287
-0.348 0.98 -0.144
-0.361 0.918 -0.361
-0.144 0.98 -0.348
-0.543 0.886 -0.148
-0.491 0.881 -0.292
-0.405 0.89 -0.209
-0.474 0.934 -0.074
-0.577 0.789 -0.211
-0.65 0.822 -0.075
-0.148 0.886 -0.543
-0.074 0.934 -0.474
-0.209 0.89 -0.405
-0.408 0.816 -0.408
-0.292 0.881 -0.491
-0.211 0.789 -0.577
-0.075 0.822 -0.65
-0.139 1.031 -0.139
-0.274 1.011 -0.07
-0.199 0.96 -0.199
-0.07 1.011 -0.274
-0.069 1.045 -0.069
-0.968 0.287 -0.287
-0.98 0.144 -0.348
-0.918 0.361 -0.361
-0.98 0.348 -0.144
-0.886 0.148 -0.543
-0.881 0.292 -0.491
-0.89 0.209 -0.405
-0.934 0.074 -0.474
-0.789 0.211 -0.577
-0.831 0 -0.556
-0.707 0 -0.707
-0.822 0.075 -0.65
-0.886 0.543 -0.148
-0.934 0.474 -0.074
-0.89 0.405 -0.209
-0.816 0.408 -0.408
-0.881 0.491 -0.292
-0.789 0.577 -0.211
-0.822 0.65 -0.075
-1.031 0.139 -0.139
-0.924 0 -0.383
-1.011 0.07 -0.274
-0.96 0.199 -0.199
-1.011 0.274 -0.07
-0.981 0 -0.195
-1.045 0.069 -0.069
-0.606 -0.606 0.606
-0.744 -0.524 0.524
-0.524 -0.524 0.744
-0.524 -0.744 0.524
-0.711 -0.301 0.711
-0.576 -0.371 0.796
-0.64 -0.426 0.64
-0.796 -0.371 0.576
-0.735 -0.15 0.735
-0.301 -0.711 0.711
-0.371 -0.796 0.576
-0.426 -0.64 0.64
-0.371 -0.576 0.796
-0.15 -0.735 0.735
-0.711 -0.711 0.301
-0.796 -0.576 0.371
-0.64 -0.64 0.426
-0.576 -0.796 0.371
-0.735 -0.735 0.15
-0.287 -0.287 0.968
-0.144 -0.348 0.98
-0.361 -0.361 0.918
-0.348 -0.144 0.98
-0.148 -0.543 0.886
-0.292 -0.491 0.881
-0.209 -0.405 0.89
-0.074 -0.474 0.934
-0.211 -0.577 0.789
-0.075 -0.65 0.822
-0.543 -0.148 0.886
-0.474 -0.074 0.934
-0.405 -0.209 0.89
-0.408 -0.408 0.816
-0.491 -0.292 0.881
-0.577 -0.211 0.789
-0.65 -0.075 0.822
-0.139 -0.139 1.031
-0.07 -0.274 1.011
-0.199 -0.199 0.96
-0.274 -0.07 1.011
-0.069 -0.069 1.045
-0.287 -0.968 0.287
-0.348 -0.98 0.144
-0.361 -0.918 0.361
-0.144 -0.98 0.348
-0.543 -0.886 0.148
-0.491 -0.881 0.292
-0.405 -0.89 0.209
-0.474 -0.934 0.074
-0.577 -0.789 0.211
-0.556 -0.831 0
-0.65 -0.822 0.075
-0.148 -0.886 0.543
-0.074 -0.934 0.474
-0.209 -0.89 0.405
-0.408 -0.816 0.408
-0.292 -0.881 0.491
-0.211 -0.789 0.577
-0.075 -0.822 0.65
-0.139 -1.031 0.139
-0.383 -0.924 0
-0.274 -1.011 0.07
-0.199 -0.96 0.199
-0.07 -1.011 0.274
-0.195 -0.981 0
-0.069 -1.045 0.069
-0.968 -0.287 0.287
-0.98 -0.144 0.348
-0.918 -0.361 0.361
-0.98 -0.348 0.144
-0.886 -0.148 0.543
-0.881 -0.292 0.491
-0.89 -0.209 0.405
-0.934 -0.074 0.474
-0.789 -0.211 0.577
-0.822 -0.075 0.65
-0.886 -0.543 0.148
-0.934 -0.474 0.074
-0.89 -0.405 0.209
-0.816 -0.408 0.408
-0.881 -0.491 0.292
-0.831 -0.556 0
-0.789 -0.577 0.211
-0.707 -0.707 0
-0.822 -0.65 0.075
-1.031 -0.139 0.139
-1.011 -0.07 0.274
-0.96 -0.199 0.199
-0.924 -0.383 0
-1.011 -0.274 0.07
-0.981 -0.195 0
-1.045 -0.069 0.069
-0.606 0.606 0.606
-0.744 0.524 0.524
-0.524 0.524 0.744
-0.524 0.744 0.524
-0.711 0.301 0.711
-0.576 0.371 0.796
-0.64 0.426 0.64
-0.796 0.371 0.576
-0.735 0.15 0.735
-0.301 0.711 0.711
-0.371 0.796 0.576
-0.426 0.64 0.64
-0.371 0.576 0.796
-0.15 0.735 0.735
-0.711 0.711 0.301
-0.796 0.576 0.371
-0.64 0.64 0.426
-0.576 0.796 0.371
-0.735 0.735 0.15
-0.287 0.287 0.968
-0.144 0.348 0.98
-0.361 0.361 0.918
-0.348 0.144 0.98
-0.148 0.543 0.886
-0.292 0.491 0.881
-0.209 0.405 0.89
-0.074 0.474 0.934
-0.211 0.577 0.789
-0.075 0.65 0.822
-0.543 0.148 0.886
-0.474 0.074 0.934
-0.405 0.209 0.89
-0.408 0.408 0.816
-0.491 0.292 0.881
-0.556 0 0.831
-0.577 0.211 0.789
-0.65 0.075 0.822
-0.139 0.139 1.031
-0.07 0.274 1.011
-0.199 0.199 0.96
-0.383 0 0.924
-0.274 0.07 1.011
-0.195 0 0.981
-0.069 0.069 1.045
-0.287 0.968 0.287
-0.348 0.98 0.144
-0.361 0.918 0.361
-0.144 0.98 0.348
-0.543 0.886 0.148
-0.491 0.881 0.292
-0.405 0.89 0.209
-0.474 0.934 0.074
-0.577 0.789 0.211
-0.556 0.831 0
-0.65 0.822 0.075
-0.148 0.886 0.543
-0.074 0.934 0.474
-0.209 0.89 0.405
-0.408 0.816 0.408
-0.292 0.881 0.491
-0.211 0.789 0.577
-0.075 0.822 0.65
-0.139 1.031 0.139
-0.383 0.924 0
-0.274 1.011 0.07
-0.199 0.96 0.199
-0.07 1.011 0.274
-0.195 0.981 0
-0.069 1.045 0.069
-0.968 0.287 0.287
-0.98 0.144 0.348
-0.918 0.361 0.361
-0.98 0.348 0.144
-0.886 0.148 0.543
-0.881 0.292 0.491
-0.89 0.209 0.405
-0.934 0.074 0.474
-0.789 0.211 0.577
-0.831 0 0.556
-0.707 0 0.707
-0.822 0.075 0.65
-0.886 0.543 0.148
-0.934 0.474 0.074
-0.89 0.405 0.209
-0.816 0.408 0.408
-0.881 0.491 0.292
-0.831 0.556 0
-0.789 0.577 0.211
-0.707 0.707 0
-0.822 0.65 0.075
-1.031 0.139 0.139
-0.924 0 0.383
-1.011 0.07 0.274
-0.96 0.199 0.199
-0.924 0.383 0
-1.011 0.274 0.07
-0.981 0 0.195
-0.981 0.195 0
-1 0 0
-1.045 0.069 0.069
0.606 -0.606 -0.606
0.744 -0.524 -0.524
0.524 -0.524 -0.744
0.524 -0.744 -0.524
0.711 -0.301 -0.711
0.576 -0.371 -0.796
0.64 -0.426 -0.64
0.796 -0.371 -0.576
0.735 -0.15 -0.735
0.301 -0.711 -0.711
0.371 -0.796 -0.576
0.426 -0.64 -0.64
0.371 -0.576 -0.796
0.15 -0.735 -0.735
0.711 -0.711 -0.301
0.796 -0.576 -0.371
0.64 -0.64 -0.426
0.576 -0.796 -0.371
0.735 -0.735 -0.15
0.287 -0.287 -0.968
0.144 -0.348 -0.98
0.361 -0.361 -0.918
0.348 -0.144 -0.98
0.148 -0.543 -0.886
0.292 -0.491 -0.881
0.209 -0.405 -0.89
0.074 -0.474 -0.934
0.211 -0.577 -0.789
0 -0.556 -0.831
0.075 -0.65 -0.822
0.543 -0.148 -0.886
0.474 -0.074 -0.934
0.405 -0.209 -0.89
0.408 -0.408 -0.816
0.491 -0.292 -0.881
0.577 -0.211 -0.789
0.65 -0.075 -0.822
0.139 -0.139 -1.031
0 -0.383 -0.924
0.07 -0.274 -1.011
0.199 -0.199 -0.96
0.274 -0.07 -1.011
0 -0.195 -0.981
0.069 -0.069 -1.045
0.287 -0.968 -0.287
0.348 -0.98 -0.144
0.361 -0.918 -0.361
0.144 -0.98 -0.348
0.543 -0.886 -0.148
0.491 -0.881 -0.292
0.405 -0.89 -0.209
0.474 -0.934 -0.074
0.577 -0.789 -0.211
0.65 -0.822 -0.075
0.148 -0.886 -0.543
0.074 -0.934 -0.474
0.209 -0.89 -0.405
0.408 -0.816 -0.408
0.292 -0.881 -0.491
0 -0.831 -0.556
0.211 -0.789 -0.577
0 -0.707 -0.707
0.075 -0.822 -0.65
0.139 -1.031 -0.139
0.274 -1.011 -0.07
0.199 -0.96 -0.199
0 -0.924 -0.383
0.07 -1.011 -0.274
0 -0.981 -0.195
0.069 -1.045 -0.069
0.968 -0.287 -0.287
0.98 -0.144 -0.348
0.918 -0.361 -0.361
0.98 -0.348 -0.144
0.886 -0.148 -0.543
0.881 -0.292 -0.491
0.89 -0.209 -0.405
0.934 -0.074 -0.474
0.789 -0.211 -0.577
0.822 -0.075 -0.65
0.886 -0.543 -0.148
0.934 -0.474 -0.074
0.89 -0.405 -0.209
0.816 -0.408 -0.408
0.881 -0.491 -0.292
0.789 -0.577 -0.211
0.822 -0.65 -0.075
1.031 -0.139 -0.139
1.011 -0.07 -0.274
0.96 -0.199 -0.199
1.011 -0.274 -0.07
1.045 -0.069 -0.069
0.606 0.606 -0.606
0.744 0.524 -0.524
0.524 0.524 -0.744
0.524 0.744 -0.524
0.711 0.301 -0.711
0.576 0.371 -0.796
0.64 0.426 -0.64
0.796 0.371 -0.576
0.735 0.15 -0.735
0.301 0.711 -0.711
0.371 0.796 -0.576
0.426 0.64 -0.64
0.371 0.576 -0.796
0.15 0.735 -0.735
0.711 0.711 -0.301
0.796 0.576 -0.371
0.64 0.64 -0.426
0.576 0.796 -0.371
0.735 0.735 -0.15
0.287 0.287 -0.968
0.144 0.348 -0.98
0.361 0.361 -0.918
0.348 0.144 -0.98
0.148 0.543 -0.886
0.292 0.491 -0.881
0.209 0.405 -0.89
0.074 0.474 -0.934
0.211 0.577 -0.789
0 0.556 -0.831
0.075 0.65 -0.822
0.543 0.148 -0.886
0.474 0.074 -0.934
0.405 0.209 -0.89
0.408 0.408 -0.816
0.491 0.292 -0.881
0.556 0 -0.831
0.577 0.211 -0.789
0.65 0.075 -0.822
0.139 0.139 -1.031
0 0.383 -0.924
0.07 0.274 -1.011
0.199 0.199 -0.96
0.383 0 -0.924
0.274 0.07 -1.011
0 0.195 -0.981
0.195 0 -0.981
0 0 -1
0.069 0.069 -1.045
0.287 0.968 -0.287
0.348 0.98 -0.144
0.361 0.918 -0.361
0.144 0.98 -0.348
0.543 0.886 -0.148
0.491 0.881 -0.292
0.405 0.89 -0.209
0.474 0.934 -0.074
0.577 0.789 -0.211
0.65 0.822 -0.075
0.148 0.886 -0.543
0.074 0.934 -0.474
0.209 0.89 -0.405
0.408 0.816 -0.408
0.292 0.881 -0.491
0 0.831 -0.556
0.211 0.789 -0.577
0 0.707 -0.707
0.075 0.822 -0.65
0.139 1.031 -0.139
0.274 1.011 -0.07
0.199 0.96 -0.199
0 0.924 -0.383
0.07 1.011 -0.274
0 0.981 -0.195
0.069 1.045 -0.069
0.968 0.287 -0.287
0.98 0.144 -0.348
0.918 0.361 -0.361
0.98 0.348 -0.144
0.886 0.148 -0.543
0.881 0.292 -0.491
0.89 0.209 -0.405
0.934 0.074 -0.474
0.789 0.211 -0.577
0.831 0 -0.556
0.707 0 -0.707
0.822 0.075 -0.65
0.886 0.543 -0.148
0.934 0.474 -0.074
0.89 0.405 -0.209
0.816 0.408 -0.408
0.881 0.491 -0.292
0.789 0.577 -0.211
0.822 0.65 -0.075
1.031 0.139 -0.139
0.924 0 -0.383
1.011 0.07 -0.274
0.96 0.199 -0.199
1.011 0.274 -0.07
0.981 0 -0.195
1.045 0.069 -0.069
0.606 -0.606 0.606
0.744 -0.524 0.524
0.524 -0.524 0.744
0.524 -0.744 0.524
0.711 -0.301 0.711
0.576 -0.371 0.796
0.64 -0.426 0.64
0.796 -0.371 0.576
0.735 -0.15 0.735
0.301 -0.711 0.711
0.371 -0.796 0.576
0.426 -0.64 0.64
0.371 -0.576 0.796
0.15 -0.735 0.735
0.711 -0.711 0.301
0.796 -0.576 0.371
0.64 -0.64 0.426
0.576 -0.796 0.371
0.735 -0.735 0.15
0.287 -0.287 0.968
0.144 -0.348 0.98
0.361 -0.361 0.918
0.348 -0.144 0.98
0.148 -0.543 0.886
0.292 -0.491 0.881
0.209 -0.405 0.89
0.074 -0.474 0.934
0.211 -0.577 0.789
0 -0.556 0.831
0.075 -0.65 0.822
0.543 -0.148 0.886
0.474 -0.074 0.934
0.405 -0.209 0.89
0.408 -0.408 0.816
0.491 -0.292 0.881
0.577 -0.211 0.789
0.65 -0.075 0.822
0.139 -0.139 1.031
0 -0.383 0.924
0.07 -0.274 1.011
0.199 -0.199 0.96
0.274 -0.07 1.011
0 -0.195 0.981
0.069 -0.069 1.045
0.287 -0.968 0.287
0.348 -0.98 0.144
0.361 -0.918 0.361
0.144 -0.98 0.348
0.543 -0.886 0.148
0.491 -0.881 0.292
0.405 -0.89 0.209
0.474 -0.934 0.074
0.577 -0.789 0.211
0.556 -0.831 0
0.65 -0.822 0.075
0.148 -0.886 0.543
0.074 -0.934 0.474
0.209 -0.89 0.405
0.408 -0.816 0.408
0.292 -0.881 0.491
0 -0.831 0.556
0.211 -0.789 0.577
0 -0.707 0.707
0.075 -0.822 0.65
0.139 -1.031 0.139
0.383 -0.924 0
0.274 -1.011 0.07
0.199 -0.96 0.199
0 -0.924 0.383
0.07 -1.011 0.274
0.195 -0.981 0
0 -0.981 0.195
0 -1 0
0.069 -1.045 0.069
0.968 -0.287 0.287
0.98 -0.144 0.348
0.918 -0.361 0.361
0.98 -0.348 0.144
0.886 -0.148 0.543
0.881 -0.292 0.491
0.89 -0.209 0.405
0.934 -0.074 0.474
0.789 -0.211 0.577
0.822 -0.075 0.65
0.886 -0.543 0.148
0.934 -0.474 0.074
0.89 -0.405 0.209
0.816 -0.408 0.408
0.881 -0.491 0.292
0.831 -0.556 0
0.789 -0.577 0.211
0.707 -0.707 0
0.822 -0.65 0.075
1.031 -0.139 0.139
1.011 -0.07 0.274
0.96 -0.199 0.199
0.924 -0.383 0
1.011 -0.274 0.07
0.981 -0.195 0
1.045 -0.069 0.069
0.606 0.606 0.606
0.744 0.524 0.524
0.524 0.524 0.744
0.524 0.744 0.524
0.711 0.301 0.711
0.576 0.371 0.796
0.64 0.426 0.64
0.796 0.371 0.576
0.735 0.15 0.735
0.301 0.711 0.711
0.371 0.796 0.576
0.426 0.64 0.64
0.371 0.576 0.796
0.15 0.735 0.735
0.711 0.711 0.301
0.796 0.576 0.371
0.64 0.64 0.426
0.576 0.796 0.371
0.735 0.735 0.15
0.287 0.287 0.968
0.144 0.348 0.98
0.361 0.361 0.918
0.348 0.144 0.98
0.148 0.543 0.886
0.292 0.491 0.881
0.209 0.405 0.89
0.074 0.474 0.934
0.211 0.577 0.789
0 0.556 0.831
0.075 0.65 0.822
0.543 0.148 0.886
0.474 0.074 0.934
0.405 0.209 0.89
0.408 0.408 0.816
0.491 0.292 0.881
0.556 0 0.831
0.577 0.211 0.789
0.65 0.075 0.822
0.139 0.139 1.031
0 0.383 0.924
0.07 0.274 1.011
0.199 0.199 0.96
0.383 0 0.924
0.274 0.07 1.011
0 0.195 0.981
0.195 0 0.981
0 0 1
0.069 0.069 1.045
0.287 0.968 0.287
0.348 0.98 0.144
0.361 0.918 0.361
0.144 0.98 0.348
0.543 0.886 0.148
0.491 0.881 0.292
0.405 0.89 0.209
0.474 0.934 0.074
0.577 0.789 0.211
0.556 0.831 0
0.65 0.822 0.075
0.148 0.886 0.543
0.074 0.934 0.474
0.209 0.89 0.405
0.408 0.816 0.408
0.292 0.881 0.491
0 0.831 0.556
0.211 0.789 0.577
0 0.707 0.707
0.075 0.822 0.65
0.139 1.031 0.139
0.383 0.924 0
0.274 1.011 0.07
0.199 0.96 0.199
0 0.924 0.383
0.07 1.011 0.274
0.195 0.981 0
0 0.981 0.195
0 1 0
0.069 1.045 0.069
0.968 0.287 0.287
0.98 0.144 0.348
0.918 0.361 0.361
0.98 0.348 0.144
0.886 0.148 0.543
0.881 0.292 0.491
0.89 0.209 0.405
0.934 0.074 0.474
0.789 0.211 0.577
0.831 0 0.556
0.707 0 0.707
0.822 0.075 0.65
0.886 0.543 0.148
0.934 0.474 0.074
0.89 0.405 0.209
0.816 0.408 0.408
0.881 0.491 0.292
0.831 0.556 0
0.789 0.577 0.211
0.707 0.707 0
0.822 0.65 0.075
1.031 0.139 0.139
0.924 0 0.383
1.011 0.07 0.274
0.96 0.199 0.199
0.924 0.383 0
1.011 0.274 0.07
0.981 0 0.195
0.981 0.195 0
1 0 0
1.045 0.069 0.069
1536
11 16 0
16 6 0
6 11 0
76 6 1
6 16 1
16 76 1
32 11 2
11 6 2
6 32 2
54 16 3
16 11 3
11 54 3
71 34 4
34 6 4
6 71 4
32 6 5
6 34 5
34 32 5
76 71 7
71 6 7
6 76 7
161 34 8
34 71 8
71 161 8
27 56 9
56 11 9
11 27 9
54 11 10
11 56 10
56 54 10
32 27 12
27 11 12
11 32 12
430 56 13
56 27 13
27 430 13
49 78 14
78 16 14
16 49 14
76 16 15
16 78 15
78 76 15
54 49 17
49 16 17
16 54 17
260 78 18
78 49 18
49 260 18
31 38 19
38 25 19
25 31 19
407 25 20
25 38 20
38 407 20
32 31 21
31 25 21
25 32 21
125 38 22
38 31 22
31 125 22
397 27 23
27 25 23
25 397 23
32 25 24
25 27 24
27 32 24
407 397 26
397 25 26
25 407 26
430 27 28
27 397 28
397 430 28
34 119 29
119 31 29
31 34 29
125 31 30
31 119 30
119 125 30
32 34 33
34 31 33
31 32 33
161 119 35
119 34 35
34 161 35
127 411 36
411 38 36
38 127 36
407 38 37
38 411 37
411 407 37
125 127 39
127 38 39
38 125 39
507 411 40
411 127 40
127 507 40
53 60 41
60 47 41
47 53 41
237 47 42
47 60 42
60 237 42
54 53 43
53 47 43
47 54 43
435 60 44
60 53 44
53 435 44
227 49 45
49 47 45
47 227 45
54 47 46
47 49 46
49 54 46
237 227 48
227 47 48
47 237 48
260 49 50
49 227 50
227 260 50
56 428 51
428 53 51
53 56 51
435 53 52
53 428 52
428 435 52
54 56 55
56 53 55
53 54 55
430 428 57
428 56 57
56 430 57
437 241 58
241 60 58
60 437 58
237 60 59
60 241 59
241 237 59
435 437 61
437 60 61
60 435 61
633 241 62
241 437 62
437 633 62
75 82 63
82 69 63
69 75 63
171 69 64
69 82 64
82 171 64
76 75 65
75 69 65
69 76 65
265 82 66
82 75 66
75 265 66
160 71 67
71 69 67
69 160 67
76 69 68
69 71 68
71 76 68
171 160 70
160 69 70
69 171 70
161 71 72
71 160 72
160 161 72
78 258 73
258 75 73
75 78 73
265 75 74
75 258 74
258 265 74
76 78 77
78 75 77
75 76 77
260 258 79
258 78 79
78 260 79
267 175 80
175 82 80
82 267 80
171 82 81
82 175 81
175 171 81
265 267 83
267 82 83
82 265 83
367 175 84
175 267 84
267 367 84
85 101 96
85 91 101
85 96 91
86 91 166
86 101 91
86 166 101
87 96 117
87 91 96
87 117 91
88 101 142
88 96 101
88 142 96
89 120 159
89 91 120
89 159 91
90 91 117
90 120 91
90 117 120
92 159 166
92 91 159
92 166 91
93 120 161
93 159 120
93 161 159
94 144 112
94 96 144
94 112 96
95 96 142
95 144 96
95 142 144
97 112 117
97 96 112
97 117 96
98 144 526
98 112 144
98 526 112
99 168 137
99 101 168
99 137 101
100 101 166
100 168 101
100 166 168
102 137 142
102 101 137
102 142 101
103 168 357
103 137 168
103 357 137
104 124 116
104 110 124
104 116 110
105 110 500
105 124 110
105 500 124
106 116 117
106 110 116
106 117 110
107 124 125
107 116 124
107 125 116
108 112 489
108 110 112
108 489 110
109 110 117
109 112 110
109 117 112
111 489 500
111 110 489
111 500 110
113 112 526
113 489 112
113 526 489
114 119 120
114 116 119
114 120 116
115 116 125
115 119 116
115 125 119
118 120 117
118 116 120
118 117 116
121 119 161
121 120 119
121 161 120
122 505 127
122 124 505
122 127 124
123 124 500
123 505 124
123 500 505
126 127 125
126 124 127
126 125 124
128 505 507
128 127 505
128 507 127
129 148 141
129 135 148
129 141 135
130 135 332
130 148 135
130 332 148
131 141 142
131 135 141
131 142 135
132 148 531
132 141 148
132 531 141
133 137 322
133 135 137
133 322 135
134 135 142
134 137 135
134 142 137
136 322 332
136 135 322
136 332 135
138 137 357
138 322 137
138 357 322
139 524 144
139 141 524
139 144 141
140 141 531
140 524 141
140 531 524
143 144 142
143 141 144
143 142 141
145 524 526
145 144 524
145 526 144
146 336 533
146 148 336
146 533 148
147 148 332
147 336 148
147 332 336
149 533 531
149 148 533
149 531 148
150 336 737
150 533 336
150 737 533
151 173 165
151 157 173
151 165 157
152 157 171
152 173 157
152 171 173
153 165 166
153 157 165
153 166 157
154 173 363
154 165 173
154 363 165
155 159 160
155 157 159
155 160 157
156 157 166
156 159 157
156 166 159
158 160 171
158 157 160
158 171 157
162 159 161
162 160 159
162 161 160
163 355 168
163 165 355
163 168 165
164 165 363
164 355 165
164 363 355
167 168 166
167 165 168
167 166 165
169 355 357
169 168 355
169 357 168
170 175 366
170 173 175
170 366 173
172 173 171
172 175 173
172 171 175
174 366 363
174 173 366
174 363 173
176 175 367
176 366 175
176 367 366
177 193 188
177 183 193
177 188 183
178 183 256
178 193 183
178 256 193
179 188 209
179 183 188
179 209 183
180 193 232
180 188 193
180 232 188
181 211 251
181 183 211
181 251 183
182 183 209
182 211 183
182 209 211
184 251 256
184 183 251
184 256 183
185 211 348
185 251 211
185 348 251
186 234 204
186 188 234
186 204 188
187 188 232
187 234 188
187 232 234
189 204 209
189 188 204
189 209 188
190 234 623
190 204 234
190 623 204
191 259 226
191 193 259
191 226 193
192 193 256
192 259 193
192 256 259
194 226 232
194 193 226
194 232 193
195 259 260
195 226 259
195 260 226
196 215 208
196 202 215
196 208 202
197 202 599
197 215 202
197 599 215
198 208 209
198 202 208
198 209 202
199 215 309
199 208 215
199 309 208
200 204 589
200 202 204
200 589 202
201 202 209
201 204 202
201 209 204
203 589 599
203 202 589
203 599 202
205 204 623
205 589 204
205 623 589
206 303 211
206 208 303
206 211 208
207 208 309
207 303 208
207 309 303
210 211 209
210 208 211
210 209 208
212 303 348
212 211 303
212 348 211
213 603 311
213 215 603
213 311 215
214 215 599
214 603 215
214 599 603
216 311 309
216 215 311
216 309 215
217 603 707
217 311 603
217 707 311
218 239 231
218 224 239
218 231 224
219 224 237
219 239 224
219 237 239
220 231 232
220 224 231
220 232 224
221 239 629
221 231 239
221 629 231
222 226 227
222 224 226
222 227 224
223 224 232
223 226 224
223 232 226
225 227 237
225 224 227
225 237 224
228 226 260
228 227 226
228 260 227
229 621 234
229 231 621
229 234 231
230 231 629
230 621 231
230 629 621
233 234 232
233 231 234
233 232 231
235 621 623
235 234 621
235 623 234
236 241 632
236 239 241
236 632 239
238 239 237
238 241 239
238 237 241
240 632 629
240 239 632
240 629 239
242 241 633
242 632 241
242 633 632
243 264 255
243 249 264
243 255 249
244 249 360
244 264 249
244 360 264
245 255 256
245 249 255
245 256 249
246 264 265
246 255 264
246 265 255
247 251 347
247 249 251
247 347 249
248 249 256
248 251 249
248 256 251
250 347 360
250 249 347
250 360 249
252 251 348
252 347 251
252 348 347
253 258 259
253 255 258
253 259 255
254 255 265
254 258 255
254 265 258
257 259 256
257 255 259
257 256 255
261 258 260
261 259 258
261 260 259
262 365 267
262 264 365
262 267 264
263 264 360
263 365 264
263 360 365
266 267 265
266 264 267
266 265 264
268 365 367
268 267 365
268 367 267
280 285 269
285 275 269
275 280 269
353 275 270
275 285 270
285 353 270
301 280 271
280 275 271
275 301 271
327 285 272
285 280 272
280 327 272
346 304 273
304 275 273
275 346 273
301 275 274
275 304 274
304 301 274
353 346 276
346 275 276
275 353 276
348 304 277
304 346 277
346 348 277
296 329 278
329 280 278
280 296 278
327 280 279
280 329 279
329 327 279
301 296 281
296 280 281
280 301 281
727 329 282
329 296 282
296 727 282
321 356 283
356 285 283
285 321 283
353 285 284
285 356 284
356 353 284
327 321 286
321 285 286
285 327 286
357 356 287
356 321 287
321 357 287
300 308 288
308 294 288
294 300 288
700 294 289
294 308 289
308 700 289
301 300 290
300 294 290
294 301 290
309 308 291
308 300 291
300 309 291
689 296 292
296 294 292
294 689 292
301 294 293
294 296 293
296 301 293
700 689 295
689 294 295
294 700 295
727 296 297
296 689 297
689 727 297
304 303 298
303 300 298
300 304 298
309 300 299
300 303 299
303 309 299
301 304 302
304 300 302
300 301 302
348 303 305
303 304 305
304 348 305
311 705 306
705 308 306
308 311 306
700 308 307
308 705 307
705 700 307
309 311 310
311 308 310
308 309 310
707 705 312
705 311 312
311 707 312
326 334 313
334 319 313
319 326 313
332 319 314
319 334 314
334 332 314
327 326 315
326 319 315
319 327 315
733 334 316
334 326 316
326 733 316
322 321 317
321 319 317
319 322 317
327 319 318
319 321 318
321 327 318
332 322 320
322 319 320
319 332 320
357 321 323
321 322 323
322 357 323
329 725 324
725 326 324
326 329 324
733 326 325
326 725 325
725 733 325
327 329 328
329 326 328
326 327 328
727 725 330
725 329 330
329 727 330
736 336 331
336 334 331
334 736 331
332 334 333
334 336 333
336 332 333
733 736 335
736 334 335
334 733 335
737 336 337
336 736 337
736 737 337
352 362 338
362 344 338
344 352 338
360 344 339
344 362 339
362 360 339
353 352 340
352 344 340
344 353 340
363 362 341
362 352 341
352 363 341
347 346 342
346 344 342
344 347 342
353 344 343
344 346 343
346 353 343
360 347 345
347 344 345
344 360 345
348 346 349
346 347 349
347 348 349
356 355 350
355 352 350
352 356 350
363 352 351
352 355 351
355 363 351
353 356 354
356 352 354
352 353 354
357 355 358
355 356 358
356 357 358
366 365 359
365 362 359
362 366 359
360 362 361
362 365 361
365 360 361
363 366 364
366 362 364
362 363 364
367 365 368
365 366 368
366 367 368
369 385 380
369 375 385
369 380 375
370 375 452
370 385 375
370 452 385
371 380 402
371 375 380
371 402 375
372 385 426
372 380 385
372 426 380
373 404 447
373 375 404
373 447 375
374 375 402
374 404 375
374 402 404
376 447 452
376 375 447
376 452 375
377 404 545
377 447 404
377 545 447
378 429 396
378 380 429
378 396 380
379 380 426
379 429 380
379 426 429
381 396 402
381 380 396
381 402 380
382 429 430
382 396 429
382 430 396
383 454 421
383 385 454
383 421 385
384 385 452
384 454 385
384 452 454
386 421 426
386 385 421
386 426 385
387 454 652
387 421 454
387 652 421
388 409 401
388 394 409
388 401 394
389 394 407
389 409 394
389 407 409
390 401 402
390 394 401
390 402 394
391 409 503
391 401 409
391 503 401
392 396 397
392 394 396
392 397 394
393 394 402
393 396 394
393 402 396
395 397 407
395 394 397
395 407 394
398 396 430
398 397 396
398 430 397
399 496 404
399 401 496
399 404 401
400 401 503
400 496 401
400 503 496
403 404 402
403 401 404
403 402 401
405 496 545
405 404 496
405 545 404
406 411 506
406 409 411
406 506 409
408 409 407
408 411 409
408 407 411
410 506 503
410 409 506
410 503 409
412 411 507
412 506 411
412 507 506
413 434 425
413 419 434
413 425 419
414 419 626
414 434 419
414 626 434
415 425 426
415 419 425
415 426 419
416 434 435
416 425 434
416 435 425
417 421 614
417 419 421
417 614 419
418 419 426
418 421 419
418 426 421
420 614 626
420 419 614
420 626 419
422 421 652
422 614 421
422 652 614
423 428 429
423 425 428
423 429 425
424 425 435
424 428 425
424 435 428
427 429 426
427 425 429
427 426 425
431 428 430
431 429 428
431 430 429
432 631 437
432 434 631
432 437 434
433 434 626
433 631 434
433 626 631
436 437 435
436 434 437
436 435 434
438 631 633
438 437 631
438 633 437
439 458 451
439 445 458
439 451 445
440 445 555
440 458 445
440 555 458
441 451 452
441 445 451
441 452 445
442 458 657
442 451 458
442 657 451
443 447 544
443 445 447
443 544 445
444 445 452
444 447 445
444 452 447
446 544 555
446 445 544
446 555 445
448 447 545
448 544 447
448 545 544
449 650 454
449 451 650
449 454 451
450 451 657
450 650 451
450 657 650
453 454 452
453 451 454
453 452 451
455 650 652
455 454 650
455 652 454
456 559 659
456 458 559
456 659 458
457 458 555
457 559 458
457 555 559
459 659 657
459 458 659
459 657 458
460 559 768
460 659 559
460 768 659
472 477 461
477 467 461
467 472 461
550 467 462
467 477 462
477 550 462
494 472 463
472 467 463
467 494 463
522 477 464
477 472 464
472 522 464
543 497 465
497 467 465
467 543 465
494 467 466
467 497 466
497 494 466
550 543 468
543 467 468
467 550 468
545 497 469
497 543 469
543 545 469
488 525 470
525 472 470
472 488 470
522 472 471
472 525 471
525 522 471
494 488 473
488 472 473
472 494 473
526 525 474
525 488 474
488 526 474
517 552 475
552 477 475
477 517 475
550 477 476
477 552 476
552 550 476
522 517 478
517 477 478
477 522 478
758 552 479
552 517 479
517 758 479
493 502 480
502 486 480
486 493 480
500 486 481
486 502 481
502 500 481
494 493 482
493 486 482
486 494 482
503 502 483
502 493 483
493 503 483
489 488 484
488 486 484
486 489 484
494 486 485
486 488 485
488 494 485
500 489 487
489 486 487
486 500 487
526 488 490
488 489 490
489 526 490
497 496 491
496 493 491
493 497 491
503 493 492
493 496 492
496 503 492
494 497 495
497 493 495
493 494 495
545 496 498
496 497 498
497 545 498
506 505 499
505 502 499
502 506 499
500 502 501
502 505 501
505 500 501
503 506 504
506 502 504
502 503 504
507 505 508
505 506 508
506 507 508
521 530 509
530 515 509
515 521 509
730 515 510
515 530 510
530 730 510
522 521 511
521 515 511
515 522 511
531 530 512
530 521 512
521 531 512
718 517 513
517 515 513
515 718 513
522 515 514
515 517 514
517 522 514
730 718 516
718 515 516
515 730 516
758 517 518
517 718 518
718 758 518
525 524 519
524 521 519
521 525 519
531 521 520
521 524 520
524 531 520
522 525 523
525 521 523
521 522 523
526 524 527
524 525 527
525 526 527
533 735 528
735 530 528
530 533 528
730 530 529
530 735 529
735 730 529
531 533 532
533 530 532
530 531 532
737 735 534
735 533 534
533 737 534
549 557 535
557 541 535
541 549 535
555 541 536
541 557 536
557 555 536
550 549 537
549 541 537
541 550 537
764 557 538
557 549 538
549 764 538
544 543 539
543 541 539
541 544 539
550 541 540
541 543 540
543 550 540
555 544 542
544 541 542
541 555 542
545 543 546
543 544 546
544 545 546
552 756 547
756 549 547
549 552 547
764 549 548
549 756 548
756 764 548
550 552 551
552 549 551
549 550 551
758 756 553
756 552 553
552 758 553
767 559 554
559 557 554
557 767 554
555 557 556
557 559 556
559 555 556
764 767 558
767 557 558
557 764 558
768 559 560
559 767 560
767 768 560
572 577 561
577 567 561
567 572 561
648 567 562
567 577 562
577 648 562
594 572 563
572 567 563
567 594 563
619 577 564
577 572 564
572 619 564
643 596 565
596 567 565
567 643 565
594 567 566
567 596 566
596 594 566
648 643 568
643 567 568
567 648 568
749 596 569
596 643 569
643 749 569
588 622 570
622 572 570
572 588 570
619 572 571
572 622 571
622 619 571
594 588 573
588 572 573
572 594 573
623 622 574
622 588 574
588 623 574
613 651 575
651 577 575
577 613 575
648 577 576
577 651 576
651 648 576
619 613 578
613 577 578
577 619 578
652 651 579
651 613 579
613 652 579
593 601 580
601 586 580
586 593 580
599 586 581
586 601 581
601 599 581
594 593 582
593 586 582
586 594 582
703 601 583
601 593 583
593 703 583
589 588 584
588 586 584
586 589 584
594 586 585
586 588 585
588 594 585
599 589 587
589 586 587
586 599 587
623 588 590
588 589 590
589 623 590
596 696 591
696 593 591
593 596 591
703 593 592
593 696 592
696 703 592
594 596 595
596 593 595
593 594 595
749 696 597
696 596 597
596 749 597
706 603 598
603 601 598
601 706 598
599 601 600
601 603 600
603 599 600
703 706 602
706 601 602
601 703 602
707 603 604
603 706 604
706 707 604
618 628 605
628 611 605
611 618 605
626 611 606
611 628 606
628 626 606
619 618 607
618 611 607
611 619 607
629 628 608
628 618 608
618 629 608
614 613 609
613 611 609
611 614 609
619 611 610
611 613 610
613 619 610
626 614 612
614 611 612
611 626 612
652 613 615
613 614 615
614 652 615
622 621 616
621 618 616
618 622 616
629 618 617
618 621 617
621 629 617
619 622 620
622 618 620
618 619 620
623 621 624
621 622 624
622 623 624
632 631 625
631 628 625
628 632 625
626 628 627
628 631 627
631 626 627
629 632 630
632 628 630
628 629 630
633 631 634
631 632 634
632 633 634
647 656 635
656 641 635
641 647 635
761 641 636
641 656 636
656 761 636
648 647 637
647 641 637
641 648 637
657 656 638
656 647 638
647 657 638
748 643 639
643 641 639
641 748 639
648 641 640
641 643 640
643 648 640
761 748 642
748 641 642
641 761 642
749 643 644
643 748 644
748 749 644
651 650 645
650 647 645
647 651 645
657 647 646
647 650 646
650 657 646
648 651 649
651 647 649
647 648 649
652 650 653
650 651 653
651 652 653
659 766 654
766 656 654
656 659 654
761 656 655
656 766 655
766 761 655
657 659 658
659 656 658
656 657 658
768 766 660
766 659 660
659 768 660
661 677 672
661 667 677
661 672 667
662 667 754
662 677 667
662 754 677
663 672 694
663 667 672
663 694 667
664 677 723
664 672 677
664 723 672
665 697 747
665 667 697
665 747 667
666 667 694
666 697 667
666 694 697
668 747 754
668 667 747
668 754 667
669 697 749
669 747 697
669 749 747
670 726 688
670 672 726
670 688 672
671 672 723
671 726 672
671 723 726
673 688 694
673 672 688
673 694 672
674 726 727
674 688 726
674 727 688
675 757 717
675 677 757
675 717 677
676 677 754
676 757 677
676 754 757
678 717 723
678 677 717
678 723 677
679 757 758
679 717 757
679 758 717
680 702 693
680 686 702
680 693 686
681 686 700
681 702 686
681 700 702
682 693 694
682 686 693
682 694 686
683 702 703
683 693 702
683 703 693
684 688 689
684 686 688
684 689 686
685 686 694
685 688 686
685 694 688
687 689 700
687 686 689
687 700 686
690 688 727
690 689 688
690 727 689
691 696 697
691 693 696
691 697 693
692 693 703
692 696 693
692 703 696
695 697 694
695 693 697
695 694 693
698 696 749
698 697 696
698 749 697
699 705 706
699 702 705
699 706 702
701 702 700
701 705 702
701 700 705
704 706 703
704 702 706
704 703 702
708 705 707
708 706 705
708 707 706
709 732 722
709 715 732
709 722 715
710 715 730
710 732 715
710 730 732
711 722 723
711 715 722
711 723 715
712 732 733
712 722 732
712 733 722
713 717 718
713 715 717
713 718 715
714 715 723
714 717 715
714 723 717
716 718 730
716 715 718
716 730 715
719 717 758
719 718 717
719 758 718
720 725 726
720 722 725
720 726 722
721 722 733
721 725 722
721 733 725
724 726 723
724 722 726
724 723 722
728 725 727
728 726 725
728 727 726
729 735 736
729 732 735
729 736 732
731 732 730
731 735 732
731 730 735
734 736 733
734 732 736
734 733 732
738 735 737
738 736 735
738 737 736
739 763 753
739 745 763
739 753 745
740 745 761
740 763 745
740 761 763
741 753 754
741 745 753
741 754 745
742 763 764
742 753 763
742 764 753
743 747 748
743 745 747
743 748 745
744 745 754
744 747 745
744 754 747
746 748 761
746 745 748
746 761 745
750 747 749
750 748 747
750 749 748
751 756 757
751 753 756
751 757 753
752 753 764
752 756 753
752 764 756
755 757 754
755 753 757
755 754 753
759 756 758
759 757 756
759 758 757
760 766 767
760 763 766
760 767 763
762 763 761
762 766 763
762 761 766
765 767 764
765 763 767
765 764 763
769 766 768
769 767 766
769 768 767
