3 2
502
0.000376 0.000273 -0.539975
0.003005 0.002183 -0.539924
0.282421 0.20519 -0.5418
0.272124 0.197709 -0.5118
0.261188 0.189764 -0.499959
0.24197 0.175801 -0.494224
0.213638 0.155217 -0.489602
0.179476 0.130397 -0.482922
0.143361 0.104158 -0.470235
0.109169 0.079316 -0.447592
0.080779 0.058689 -0.411042
0.061156 0.044432 -0.358418
0.049617 0.036049 -0.294667
0.044567 0.03238 -0.226515
0.044414 0.032268 -0.160691
0.04756 0.034555 -0.103921
0.052836 0.038388 -0.061358
0.06076 0.044144 -0.031849
0.072272 0.052509 -0.012667
0.088315 0.064165 -0.001085
0.10983 0.079796 0.005624
0.137117 0.099621 0.010543
0.167911 0.121994 0.018174
0.199305 0.144803 0.033377
0.228392 0.165936 0.061009
0.252266 0.183282 0.105927
0.268717 0.195234 0.170705
0.27832 0.202211 0.248771
0.282344 0.205135 0.331265
0.282062 0.204929 0.409331
0.278743 0.202518 0.474109
0.273566 0.198757 0.518285
0.267329 0.194225 0.540715
0.260739 0.189438 0.5418
0.254502 0.184906 0.521939
0.249325 0.181145 0.481533
0.245413 0.178302 0.422259
0.240977 0.17508 0.350905
0.23373 0.169814 0.275537
0.221381 0.160842 0.204219
0.201641 0.146501 0.145018
0.17325 0.125874 0.103982
0.139052 0.101027 0.079091
0.102918 0.074774 0.066309
0.068719 0.049927 0.0616
0.040328 0.0293 0.060927
0.020648 0.015002 0.060927
0.008711 0.006329 0.060927
0.002581 0.001875 0.060927
0.000323 0.000234 0.060927
0.000143 0.000442 -0.539975
0.001148 0.003532 -0.539924
0.107875 0.332005 -0.5418
0.103942 0.319901 -0.5118
0.099765 0.307045 -0.499959
0.092424 0.284452 -0.494224
0.081603 0.251147 -0.489602
0.068554 0.210987 -0.482922
0.054759 0.168531 -0.470235
0.041699 0.128336 -0.447592
0.030855 0.094962 -0.411042
0.023359 0.071893 -0.358418
0.018952 0.058328 -0.294667
0.017023 0.052392 -0.226515
0.016965 0.052211 -0.160691
0.018166 0.055911 -0.103921
0.020182 0.062113 -0.061358
0.023208 0.071427 -0.031849
0.027606 0.084961 -0.012667
0.033733 0.103821 -0.001085
0.041951 0.129113 0.005624
0.052374 0.161191 0.010543
0.064136 0.197391 0.018174
0.076128 0.234296 0.033377
0.087238 0.268491 0.061009
0.096357 0.296557 0.105927
0.102641 0.315896 0.170705
0.106309 0.327184 0.248771
0.107846 0.331915 0.331265
0.107738 0.331583 0.409331
0.106471 0.327682 0.474109
0.104493 0.321595 0.518285
0.102111 0.314264 0.540715
0.099594 0.306517 0.5418
0.097211 0.299185 0.521939
0.095234 0.293098 0.481533
0.093739 0.2885 0.422259
0.092045 0.283286 0.350905
0.089277 0.274765 0.275537
0.08456 0.260248 0.204219
0.07702 0.237044 0.145018
0.066176 0.203668 0.103982
0.053113 0.163465 0.079091
0.039311 0.120987 0.066309
0.026248 0.080784 0.0616
0.015404 0.047409 0.060927
0.007887 0.024273 0.060927
0.003327 0.01024 0.060927
0.000986 0.003034 0.060927
0.000123 0.000379 0.060927
-0.000143 0.000442 -0.539975
-0.001148 0.003532 -0.539924
-0.107875 0.332005 -0.5418
-0.103942 0.319901 -0.5118
-0.099765 0.307045 -0.499959
-0.092424 0.284452 -0.494224
-0.081602 0.251147 -0.489602
-0.068554 0.210987 -0.482922
-0.054759 0.168531 -0.470235
-0.041699 0.128336 -0.447592
-0.030855 0.094962 -0.411042
-0.023359 0.071893 -0.358418
-0.018952 0.058328 -0.294667
-0.017023 0.052392 -0.226515
-0.016965 0.052211 -0.160691
-0.018166 0.055911 -0.103921
-0.020182 0.062113 -0.061358
-0.023208 0.071427 -0.031849
-0.027606 0.084961 -0.012667
-0.033733 0.103821 -0.001085
-0.041951 0.129113 0.005624
-0.052374 0.161191 0.010543
-0.064136 0.197391 0.018174
-0.076127 0.234297 0.033377
-0.087238 0.268491 0.061009
-0.096357 0.296557 0.105927
-0.102641 0.315896 0.170705
-0.106308 0.327184 0.248771
-0.107846 0.331915 0.331265
-0.107738 0.331583 0.409331
-0.10647 0.327682 0.474109
-0.104493 0.321595 0.518285
-0.10211 0.314264 0.540715
-0.099593 0.306517 0.5418
-0.097211 0.299185 0.521939
-0.095233 0.293098 0.481533
-0.093739 0.2885 0.422259
-0.092045 0.283286 0.350905
-0.089277 0.274765 0.275537
-0.08456 0.260248 0.204219
-0.07702 0.237044 0.145018
-0.066176 0.203668 0.103982
-0.053113 0.163465 0.079091
-0.039311 0.120987 0.066309
-0.026248 0.080784 0.0616
-0.015404 0.047409 0.060927
-0.007887 0.024273 0.060927
-0.003327 0.01024 0.060927
-0.000986 0.003034 0.060927
-0.000123 0.000379 0.060927
-0.000376 0.000273 -0.539975
-0.003005 0.002183 -0.539924
-0.28242 0.205191 -0.5418
-0.272124 0.19771 -0.5118
-0.261188 0.189764 -0.499959
-0.24197 0.175801 -0.494224
-0.213638 0.155217 -0.489602
-0.179476 0.130397 -0.482922
-0.143361 0.104158 -0.470235
-0.109169 0.079316 -0.447592
-0.080779 0.05869 -0.411042
-0.061156 0.044432 -0.358418
-0.049617 0.036049 -0.294667
-0.044567 0.03238 -0.226515
-0.044414 0.032268 -0.160691
-0.04756 0.034555 -0.103921
-0.052836 0.038388 -0.061358
-0.06076 0.044144 -0.031849
-0.072272 0.052509 -0.012667
-0.088315 0.064165 -0.001085
-0.10983 0.079796 0.005624
-0.137117 0.099621 0.010543
-0.167911 0.121994 0.018174
-0.199304 0.144803 0.033377
-0.228392 0.165936 0.061009
-0.252266 0.183282 0.105927
-0.268717 0.195234 0.170705
-0.278319 0.202211 0.248771
-0.282344 0.205135 0.331265
-0.282062 0.20493 0.409331
-0.278743 0.202519 0.474109
-0.273565 0.198757 0.518285
-0.267329 0.194226 0.540715
-0.260739 0.189438 0.5418
-0.254502 0.184907 0.521939
-0.249324 0.181145 0.481533
-0.245413 0.178303 0.422259
-0.240977 0.17508 0.350905
-0.233729 0.169814 0.275537
-0.22138 0.160842 0.204219
-0.201641 0.146501 0.145018
-0.17325 0.125874 0.103982
-0.139052 0.101027 0.079091
-0.102918 0.074774 0.066309
-0.068719 0.049927 0.0616
-0.040328 0.0293 0.060927
-0.020648 0.015002 0.060927
-0.008711 0.006329 0.060927
-0.002581 0.001875 0.060927
-0.000323 0.000234 0.060927
-0.000464 0 -0.539975
-0.003714 0 -0.539924
-0.349091 0 -0.5418
-0.336364 0 -0.5118
-0.322846 0 -0.499959
-0.299091 0 -0.494224
-0.264071 0 -0.489602
-0.221845 0 -0.482922
-0.177204 0 -0.470235
-0.134941 0 -0.447592
-0.099849 0 -0.411042
-0.075593 0 -0.358418
-0.06133 0 -0.294667
-0.055089 0 -0.226515
-0.054898 0 -0.160691
-0.058788 0 -0.103921
-0.065309 0 -0.061358
-0.075103 0 -0.031849
-0.089333 0 -0.012667
-0.109164 0 -0.001085
-0.135758 0 0.005624
-0.169486 0 0.010543
-0.207549 0 0.018174
-0.246354 0 0.033377
-0.282308 0 0.061009
-0.311818 0 0.105927
-0.332153 0 0.170705
-0.344022 0 0.248771
-0.348996 0 0.331265
-0.348647 0 0.409331
-0.344545 0 0.474109
-0.338145 0 0.518285
-0.330436 0 0.540715
-0.322291 0 0.5418
-0.314582 0 0.521939
-0.308182 0 0.481533
-0.303347 0 0.422259
-0.297864 0 0.350905
-0.288905 0 0.275537
-0.273641 0 0.204219
-0.249242 0 0.145018
-0.214149 0 0.103982
-0.171878 0 0.079091
-0.127213 0 0.066309
-0.084942 0 0.0616
-0.049849 0 0.060927
-0.025522 0 0.060927
-0.010767 0 0.060927
-0.00319 0 0.060927
-0.000399 0 0.060927
-0.000376 -0.000273 -0.539975
-0.003005 -0.002183 -0.539924
-0.28242 -0.20519 -0.5418
-0.272124 -0.19771 -0.5118
-0.261188 -0.189764 -0.499959
-0.24197 -0.175801 -0.494224
-0.213638 -0.155217 -0.489602
-0.179476 -0.130397 -0.482922
-0.143361 -0.104158 -0.470235
-0.109169 -0.079316 -0.447592
-0.080779 -0.05869 -0.411042
-0.061156 -0.044432 -0.358418
-0.049617 -0.036049 -0.294667
-0.044567 -0.03238 -0.226515
-0.044414 -0.032268 -0.160691
-0.04756 -0.034555 -0.103921
-0.052836 -0.038388 -0.061358
-0.06076 -0.044145 -0.031849
-0.072272 -0.052509 -0.012667
-0.088315 -0.064165 -0.001085
-0.10983 -0.079796 0.005624
-0.137117 -0.099621 0.010543
-0.167911 -0.121994 0.018174
-0.199305 -0.144803 0.033377
-0.228392 -0.165936 0.061009
-0.252266 -0.183282 0.105927
-0.268717 -0.195234 0.170705
-0.27832 -0.202211 0.248771
-0.282344 -0.205135 0.331265
-0.282062 -0.20493 0.409331
-0.278743 -0.202519 0.474109
-0.273565 -0.198757 0.518285
-0.267329 -0.194226 0.540715
-0.260739 -0.189438 0.5418
-0.254502 -0.184907 0.521939
-0.249324 -0.181145 0.481533
-0.245413 -0.178303 0.422259
-0.240977 -0.17508 0.350905
-0.233729 -0.169814 0.275537
-0.22138 -0.160842 0.204219
-0.201641 -0.146501 0.145018
-0.17325 -0.125874 0.103982
-0.139052 -0.101027 0.079091
-0.102918 -0.074774 0.066309
-0.068719 -0.049928 0.0616
-0.040328 -0.0293 0.060927
-0.020648 -0.015002 0.060927
-0.008711 -0.006329 0.060927
-0.002581 -0.001875 0.060927
-0.000323 -0.000234 0.060927
-0.000143 -0.000442 -0.539975
-0.001148 -0.003532 -0.539924
-0.107875 -0.332005 -0.5418
-0.103942 -0.319901 -0.5118
-0.099765 -0.307045 -0.499959
-0.092424 -0.284452 -0.494224
-0.081603 -0.251147 -0.489602
-0.068554 -0.210987 -0.482922
-0.054759 -0.168531 -0.470235
-0.041699 -0.128336 -0.447592
-0.030855 -0.094962 -0.411042
-0.023359 -0.071893 -0.358418
-0.018952 -0.058328 -0.294667
-0.017023 -0.052392 -0.226515
-0.016965 -0.052211 -0.160691
-0.018166 -0.055911 -0.103921
-0.020182 -0.062113 -0.061358
-0.023208 -0.071427 -0.031849
-0.027606 -0.084961 -0.012667
-0.033733 -0.103821 -0.001085
-0.041951 -0.129113 0.005624
-0.052374 -0.161191 0.010543
-0.064136 -0.197391 0.018174
-0.076128 -0.234297 0.033377
-0.087238 -0.268491 0.061009
-0.096357 -0.296557 0.105927
-0.102641 -0.315896 0.170705
-0.106309 -0.327184 0.248771
-0.107846 -0.331915 0.331265
-0.107738 -0.331583 0.409331
-0.10647 -0.327682 0.474109
-0.104493 -0.321595 0.518285
-0.10211 -0.314264 0.540715
-0.099593 -0.306517 0.5418
-0.097211 -0.299185 0.521939
-0.095233 -0.293098 0.481533
-0.093739 -0.2885 0.422259
-0.092045 -0.283286 0.350905
-0.089277 -0.274765 0.275537
-0.08456 -0.260248 0.204219
-0.07702 -0.237044 0.145018
-0.066176 -0.203668 0.103982
-0.053113 -0.163465 0.079091
-0.039311 -0.120987 0.066309
-0.026248 -0.080784 0.0616
-0.015404 -0.047409 0.060927
-0.007887 -0.024273 0.060927
-0.003327 -0.01024 0.060927
-0.000986 -0.003034 0.060927
-0.000123 -0.000379 0.060927
0.000143 -0.000442 -0.539975
0.001148 -0.003532 -0.539924
0.107875 -0.332005 -0.5418
0.103942 -0.319901 -0.5118
0.099765 -0.307045 -0.499959
0.092424 -0.284452 -0.494224
0.081603 -0.251147 -0.489602
0.068554 -0.210987 -0.482922
0.054759 -0.168531 -0.470235
0.041699 -0.128336 -0.447592
0.030855 -0.094962 -0.411042
0.023359 -0.071893 -0.358418
0.018952 -0.058328 -0.294667
0.017023 -0.052392 -0.226515
0.016965 -0.052211 -0.160691
0.018166 -0.055911 -0.103921
0.020182 -0.062113 -0.061358
0.023208 -0.071427 -0.031849
0.027606 -0.084961 -0.012667
0.033733 -0.103821 -0.001085
0.041951 -0.129113 0.005624
0.052374 -0.161191 0.010543
0.064136 -0.197391 0.018174
0.076127 -0.234297 0.033377
0.087238 -0.268491 0.061009
0.096357 -0.296557 0.105927
0.102641 -0.315896 0.170705
0.106309 -0.327184 0.248771
0.107846 -0.331915 0.331265
0.107738 -0.331583 0.409331
0.10647 -0.327682 0.474109
0.104493 -0.321595 0.518285
0.10211 -0.314264 0.540715
0.099593 -0.306517 0.5418
0.097211 -0.299185 0.521939
0.095233 -0.293098 0.481533
0.093739 -0.2885 0.422259
0.092045 -0.283286 0.350905
0.089277 -0.274765 0.275537
0.08456 -0.260248 0.204219
0.07702 -0.237044 0.145018
0.066176 -0.203668 0.103982
0.053113 -0.163465 0.079091
0.039311 -0.120987 0.066309
0.026248 -0.080784 0.0616
0.015404 -0.047409 0.060927
0.007887 -0.024273 0.060927
0.003327 -0.01024 0.060927
0.000986 -0.003034 0.060927
0.000123 -0.000379 0.060927
0.000376 -0.000273 -0.539975
0.003005 -0.002183 -0.539924
0.28242 -0.20519 -0.5418
0.272124 -0.19771 -0.5118
0.261188 -0.189764 -0.499959
0.24197 -0.175801 -0.494224
0.213638 -0.155217 -0.489602
0.179476 -0.130397 -0.482922
0.143361 -0.104158 -0.470235
0.109169 -0.079316 -0.447592
0.080779 -0.05869 -0.411042
0.061156 -0.044432 -0.358418
0.049617 -0.036049 -0.294667
0.044567 -0.03238 -0.226515
0.044414 -0.032268 -0.160691
0.04756 -0.034555 -0.103921
0.052836 -0.038388 -0.061358
0.06076 -0.044145 -0.031849
0.072272 -0.052509 -0.012667
0.088315 -0.064165 -0.001085
0.10983 -0.079796 0.005624
0.137117 -0.099621 0.010543
0.167911 -0.121994 0.018174
0.199305 -0.144803 0.033377
0.228392 -0.165936 0.061009
0.252266 -0.183282 0.105927
0.268717 -0.195234 0.170705
0.278319 -0.202211 0.248771
0.282344 -0.205135 0.331265
0.282062 -0.20493 0.409331
0.278743 -0.202519 0.474109
0.273565 -0.198757 0.518285
0.267329 -0.194226 0.540715
0.260739 -0.189438 0.5418
0.254502 -0.184907 0.521939
0.249324 -0.181145 0.481533
0.245413 -0.178303 0.422259
0.240977 -0.17508 0.350905
0.233729 -0.169814 0.275537
0.22138 -0.160842 0.204219
0.201641 -0.146501 0.145018
0.17325 -0.125874 0.103982
0.139052 -0.101027 0.079091
0.102918 -0.074774 0.066309
0.068719 -0.049928 0.0616
0.040328 -0.0293 0.060927
0.020648 -0.015002 0.060927
0.008711 -0.006329 0.060927
0.002581 -0.001875 0.060927
0.000323 -0.000234 0.060927
0 0 -0.539982
0.000464 0 -0.539975
0.003714 0 -0.539924
0.349091 0 -0.5418
0.336364 0 -0.5118
0.322846 0 -0.499959
0.299091 0 -0.494224
0.264071 0 -0.489602
0.221845 0 -0.482922
0.177204 0 -0.470235
0.134941 0 -0.447592
0.099849 0 -0.411042
0.075593 0 -0.358418
0.06133 0 -0.294667
0.055089 0 -0.226515
0.054898 0 -0.160691
0.058788 0 -0.103921
0.065309 0 -0.061358
0.075103 0 -0.031849
0.089333 0 -0.012667
0.109164 0 -0.001085
0.135758 0 0.005624
0.169486 0 0.010543
0.207549 0 0.018174
0.246354 0 0.033377
0.282308 0 0.061009
0.311818 0 0.105927
0.332153 0 0.170705
0.344022 0 0.248771
0.348996 0 0.331265
0.348647 0 0.409331
0.344545 0 0.474109
0.338145 0 0.518285
0.330436 0 0.540715
0.322291 0 0.5418
0.314582 0 0.521939
0.308182 0 0.481533
0.303347 0 0.422259
0.297864 0 0.350905
0.288905 0 0.275537
0.273641 0 0.204219
0.249242 0 0.145018
0.214149 0 0.103982
0.171878 0 0.079091
0.127213 0 0.066309
0.084942 0 0.0616
0.049849 0 0.060927
0.025522 0 0.060927
0.010767 0 0.060927
0.00319 0 0.060927
0.000399 0 0.060927
0 0 0.060927
1000
450 0 451
451 0 452
0 1 452
452 1 453
1 2 453
453 2 454
2 3 454
454 3 455
3 4 455
455 4 456
4 5 456
456 5 457
5 6 457
457 6 458
6 7 458
458 7 459
7 8 459
459 8 460
8 9 460
460 9 461
9 10 461
461 10 462
10 11 462
462 11 463
11 12 463
463 12 464
12 13 464
464 13 465
13 14 465
465 14 466
14 15 466
466 15 467
15 16 467
467 16 468
16 17 468
468 17 469
17 18 469
469 18 470
18 19 470
470 19 471
19 20 471
471 20 472
20 21 472
472 21 473
21 22 473
473 22 474
22 23 474
474 23 475
23 24 475
475 24 476
24 25 476
476 25 477
25 26 477
477 26 478
26 27 478
478 27 479
27 28 479
479 28 480
28 29 480
480 29 481
29 30 481
481 30 482
30 31 482
482 31 483
31 32 483
483 32 484
32 33 484
484 33 485
33 34 485
485 34 486
34 35 486
486 35 487
35 36 487
487 36 488
36 37 488
488 37 489
37 38 489
489 38 490
38 39 490
490 39 491
39 40 491
491 40 492
40 41 492
492 41 493
41 42 493
493 42 494
42 43 494
494 43 495
43 44 495
495 44 496
44 45 496
496 45 497
45 46 497
497 46 498
46 47 498
498 47 499
47 48 499
499 48 500
48 49 500
49 501 500
450 50 0
0 50 1
50 51 1
1 51 2
51 52 2
2 52 3
52 53 3
3 53 4
53 54 4
4 54 5
54 55 5
5 55 6
55 56 6
6 56 7
56 57 7
7 57 8
57 58 8
8 58 9
58 59 9
9 59 10
59 60 10
10 60 11
60 61 11
11 61 12
61 62 12
12 62 13
62 63 13
13 63 14
63 64 14
14 64 15
64 65 15
15 65 16
65 66 16
16 66 17
66 67 17
17 67 18
67 68 18
18 68 19
68 69 19
19 69 20
69 70 20
20 70 21
70 71 21
21 71 22
71 72 22
22 72 23
72 73 23
23 73 24
73 74 24
24 74 25
74 75 25
25 75 26
75 76 26
26 76 27
76 77 27
27 77 28
77 78 28
28 78 29
78 79 29
29 79 30
79 80 30
30 80 31
80 81 31
31 81 32
81 82 32
32 82 33
82 83 33
33 83 34
83 84 34
34 84 35
84 85 35
35 85 36
85 86 36
36 86 37
86 87 37
37 87 38
87 88 38
38 88 39
88 89 39
39 89 40
89 90 40
40 90 41
90 91 41
41 91 42
91 92 42
42 92 43
92 93 43
43 93 44
93 94 44
44 94 45
94 95 45
45 95 46
95 96 46
46 96 47
96 97 47
47 97 48
97 98 48
48 98 49
98 99 49
99 501 49
450 100 50
50 100 51
100 101 51
51 101 52
101 102 52
52 102 53
102 103 53
53 103 54
103 104 54
54 104 55
104 105 55
55 105 56
105 106 56
56 106 57
106 107 57
57 107 58
107 108 58
58 108 59
108 109 59
59 109 60
109 110 60
60 110 61
110 111 61
61 111 62
111 112 62
62 112 63
112 113 63
63 113 64
113 114 64
64 114 65
114 115 65
65 115 66
115 116 66
66 116 67
116 117 67
67 117 68
117 118 68
68 118 69
118 119 69
69 119 70
119 120 70
70 120 71
120 121 71
71 121 72
121 122 72
72 122 73
122 123 73
73 123 74
123 124 74
74 124 75
124 125 75
75 125 76
125 126 76
76 126 77
126 127 77
77 127 78
127 128 78
78 128 79
128 129 79
79 129 80
129 130 80
80 130 81
130 131 81
81 131 82
131 132 82
82 132 83
132 133 83
83 133 84
133 134 84
84 134 85
134 135 85
85 135 86
135 136 86
86 136 87
136 137 87
87 137 88
137 138 88
88 138 89
138 139 89
89 139 90
139 140 90
90 140 91
140 141 91
91 141 92
141 142 92
92 142 93
142 143 93
93 143 94
143 144 94
94 144 95
144 145 95
95 145 96
145 146 96
96 146 97
146 147 97
97 147 98
147 148 98
98 148 99
148 149 99
149 501 99
450 150 100
100 150 101
150 151 101
101 151 102
151 152 102
102 152 103
152 153 103
103 153 104
153 154 104
104 154 105
154 155 105
105 155 106
155 156 106
106 156 107
156 157 107
107 157 108
157 158 108
108 158 109
158 159 109
109 159 110
159 160 110
110 160 111
160 161 111
111 161 112
161 162 112
112 162 113
162 163 113
113 163 114
163 164 114
114 164 115
164 165 115
115 165 116
165 166 116
116 166 117
166 167 117
117 167 118
167 168 118
118 168 119
168 169 119
119 169 120
169 170 120
120 170 121
170 171 121
121 171 122
171 172 122
122 172 123
172 173 123
123 173 124
173 174 124
124 174 125
174 175 125
125 175 126
175 176 126
126 176 127
176 177 127
127 177 128
177 178 128
128 178 129
178 179 129
129 179 130
179 180 130
130 180 131
180 181 131
131 181 132
181 182 132
132 182 133
182 183 133
133 183 134
183 184 134
134 184 135
184 185 135
135 185 136
185 186 136
136 186 137
186 187 137
137 187 138
187 188 138
138 188 139
188 189 139
139 189 140
189 190 140
140 190 141
190 191 141
141 191 142
191 192 142
142 192 143
192 193 143
143 193 144
193 194 144
144 194 145
194 195 145
145 195 146
195 196 146
146 196 147
196 197 147
147 197 148
197 198 148
148 198 149
198 199 149
199 501 149
450 200 150
150 200 151
200 201 151
151 201 152
201 202 152
152 202 153
202 203 153
153 203 154
203 204 154
154 204 155
204 205 155
155 205 156
205 206 156
156 206 157
206 207 157
157 207 158
207 208 158
158 208 159
208 209 159
159 209 160
209 210 160
160 210 161
210 211 161
161 211 162
211 212 162
162 212 163
212 213 163
163 213 164
213 214 164
164 214 165
214 215 165
165 215 166
215 216 166
166 216 167
216 217 167
167 217 168
217 218 168
168 218 169
218 219 169
169 219 170
219 220 170
170 220 171
220 221 171
171 221 172
221 222 172
172 222 173
222 223 173
173 223 174
223 224 174
174 224 175
224 225 175
175 225 176
225 226 176
176 226 177
226 227 177
177 227 178
227 228 178
178 228 179
228 229 179
179 229 180
229 230 180
180 230 181
230 231 181
181 231 182
231 232 182
182 232 183
232 233 183
183 233 184
233 234 184
184 234 185
234 235 185
185 235 186
235 236 186
186 236 187
236 237 187
187 237 188
237 238 188
188 238 189
238 239 189
189 239 190
239 240 190
190 240 191
240 241 191
191 241 192
241 242 192
192 242 193
242 243 193
193 243 194
243 244 194
194 244 195
244 245 195
195 245 196
245 246 196
196 246 197
246 247 197
197 247 198
247 248 198
198 248 199
248 249 199
249 501 199
450 250 200
200 250 201
250 251 201
201 251 202
251 252 202
202 252 203
252 253 203
203 253 204
253 254 204
204 254 205
254 255 205
205 255 206
255 256 206
206 256 207
256 257 207
207 257 208
257 258 208
208 258 209
258 259 209
209 259 210
259 260 210
210 260 211
260 261 211
211 261 212
261 262 212
212 262 213
262 263 213
213 263 214
263 264 214
214 264 215
264 265 215
215 265 216
265 266 216
216 266 217
266 267 217
217 267 218
267 268 218
218 268 219
268 269 219
219 269 220
269 270 220
220 270 221
270 271 221
221 271 222
271 272 222
222 272 223
272 273 223
223 273 224
273 274 224
224 274 225
274 275 225
225 275 226
275 276 226
226 276 227
276 277 227
227 277 228
277 278 228
228 278 229
278 279 229
229 279 230
279 280 230
230 280 231
280 281 231
231 281 232
281 282 232
232 282 233
282 283 233
233 283 234
283 284 234
234 284 235
284 285 235
235 285 236
285 286 236
236 286 237
286 287 237
237 287 238
287 288 238
238 288 239
288 289 239
239 289 240
289 290 240
240 290 241
290 291 241
241 291 242
291 292 242
242 292 243
292 293 243
243 293 244
293 294 244
244 294 245
294 295 245
245 295 246
295 296 246
246 296 247
296 297 247
247 297 248
297 298 248
248 298 249
298 299 249
299 501 249
450 300 250
250 300 251
300 301 251
251 301 252
301 302 252
252 302 253
302 303 253
253 303 254
303 304 254
254 304 255
304 305 255
255 305 256
305 306 256
256 306 257
306 307 257
257 307 258
307 308 258
258 308 259
308 309 259
259 309 260
309 310 260
260 310 261
310 311 261
261 311 262
311 312 262
262 312 263
312 313 263
263 313 264
313 314 264
264 314 265
314 315 265
265 315 266
315 316 266
266 316 267
316 317 267
267 317 268
317 318 268
268 318 269
318 319 269
269 319 270
319 320 270
270 320 271
320 321 271
271 321 272
321 322 272
272 322 273
322 323 273
273 323 274
323 324 274
274 324 275
324 325 275
275 325 276
325 326 276
276 326 277
326 327 277
277 327 278
327 328 278
278 328 279
328 329 279
279 329 280
329 330 280
280 330 281
330 331 281
281 331 282
331 332 282
282 332 283
332 333 283
283 333 284
333 334 284
284 334 285
334 335 285
285 335 286
335 336 286
286 336 287
336 337 287
287 337 288
337 338 288
288 338 289
338 339 289
289 339 290
339 340 290
290 340 291
340 341 291
291 341 292
341 342 292
292 342 293
342 343 293
293 343 294
343 344 294
294 344 295
344 345 295
295 345 296
345 346 296
296 346 297
346 347 297
297 347 298
347 348 298
298 348 299
348 349 299
349 501 299
450 350 300
300 350 301
350 351 301
301 351 302
351 352 302
302 352 303
352 353 303
303 353 304
353 354 304
304 354 305
354 355 305
305 355 306
355 356 306
306 356 307
356 357 307
307 357 308
357 358 308
308 358 309
358 359 309
309 359 310
359 360 310
310 360 311
360 361 311
311 361 312
361 362 312
312 362 313
362 363 313
313 363 314
363 364 314
314 364 315
364 365 315
315 365 316
365 366 316
316 366 317
366 367 317
317 367 318
367 368 318
318 368 319
368 369 319
319 369 320
369 370 320
320 370 321
370 371 321
321 371 322
371 372 322
322 372 323
372 373 323
323 373 324
373 374 324
324 374 325
374 375 325
325 375 326
375 376 326
326 376 327
376 377 327
327 377 328
377 378 328
328 378 329
378 379 329
329 379 330
379 380 330
330 380 331
380 381 331
331 381 332
381 382 332
332 382 333
382 383 333
333 383 334
383 384 334
334 384 335
384 385 335
335 385 336
385 386 336
336 386 337
386 387 337
337 387 338
387 388 338
338 388 339
388 389 339
339 389 340
389 390 340
340 390 341
390 391 341
341 391 342
391 392 342
342 392 343
392 393 343
343 393 344
393 394 344
344 394 345
394 395 345
345 395 346
395 396 346
346 396 347
396 397 347
347 397 348
397 398 348
348 398 349
398 399 349
399 501 349
450 400 350
350 400 351
400 401 351
351 401 352
401 402 352
352 402 353
402 403 353
353 403 354
403 404 354
354 404 355
404 405 355
355 405 356
405 406 356
356 406 357
406 407 357
357 407 358
407 408 358
358 408 359
408 409 359
359 409 360
409 410 360
360 410 361
410 411 361
361 411 362
411 412 362
362 412 363
412 413 363
363 413 364
413 414 364
364 414 365
414 415 365
365 415 366
415 416 366
366 416 367
416 417 367
367 417 368
417 418 368
368 418 369
418 419 369
369 419 370
419 420 370
370 420 371
420 421 371
371 421 372
421 422 372
372 422 373
422 423 373
373 423 374
423 424 374
374 424 375
424 425 375
375 425 376
425 426 376
376 426 377
426 427 377
377 427 378
427 428 378
378 428 379
428 429 379
379 429 380
429 430 380
380 430 381
430 431 381
381 431 382
431 432 382
382 432 383
432 433 383
383 433 384
433 434 384
384 434 385
434 435 385
385 435 386
435 436 386
386 436 387
436 437 387
387 437 388
437 438 388
388 438 389
438 439 389
389 439 390
439 440 390
390 440 391
440 441 391
391 441 392
441 442 392
392 442 393
442 443 393
393 443 394
443 444 394
394 444 395
444 445 395
395 445 396
445 446 396
396 446 397
446 447 397
397 447 398
447 448 398
398 448 399
448 449 399
449 501 399
450 451 400
400 451 401
451 452 401
401 452 402
452 453 402
402 453 403
453 454 403
403 454 404
454 455 404
404 455 405
455 456 405
405 456 406
456 457 406
406 457 407
457 458 407
407 458 408
458 459 408
408 459 409
459 460 409
409 460 410
460 461 410
410 461 411
461 462 411
411 462 412
462 463 412
412 463 413
463 464 413
413 464 414
464 465 414
414 465 415
465 466 415
415 466 416
466 467 416
416 467 417
467 468 417
417 468 418
468 469 418
418 469 419
469 470 419
419 470 420
470 471 420
420 471 421
471 472 421
421 472 422
472 473 422
422 473 423
473 474 423
423 474 424
474 475 424
424 475 425
475 476 425
425 476 426
476 477 426
426 477 427
477 478 427
427 478 428
478 479 428
428 479 429
479 480 429
429 480 430
480 481 430
430 481 431
481 482 431
431 482 432
482 483 432
432 483 433
483 484 433
433 484 434
484 485 434
434 485 435
485 486 435
435 486 436
486 487 436
436 487 437
487 488 437
437 488 438
488 489 438
438 489 439
489 490 439
439 490 440
490 491 440
440 491 441
491 492 441
441 492 442
492 493 442
442 493 443
493 494 443
443 494 444
494 495 444
444 495 445
495 496 445
445 496 446
496 497 446
446 497 447
497 498 447
447 498 448
498 499 448
448 499 449
499 500 449
500 501 449
