3 2
1487
3.11256 0.357 -2.1063
2.68657 0.311 -2.85235
2.09991 0.226 -3.48668
1.13676 0.125 -4.08461
0.53679 0.081 -4.28538
3.11996 0.805 -2.09973
2.72669 0.787 -2.81767
2.14361 0.743 -3.47625
1.16415 0.617 -4.04516
0.54743 0.603 -4.27499
3.17071 1.704 -2.08872
2.82326 1.643 -2.77733
2.16108 1.568 -3.41818
1.2398 1.475 -4.00257
0.52232 1.42 -4.24244
3.28641 2.467 -2.04651
2.89221 2.48 -2.74636
2.20448 2.467 -3.41275
1.31199 2.462 -3.96779
0.52091 2.433 -4.23234
3.41988 3.499 -2.05945
3.01079 3.476 -2.72335
2.32516 3.48 -3.40489
1.40889 3.475 -3.95552
0.56985 3.452 -4.20119
3.56009 4.35 -2.09382
3.09857 4.339 -2.72957
2.41289 4.358 -3.41211
1.46969 4.311 -3.92707
0.5734 4.327 -4.1413
3.68769 5.222 -2.10441
3.24227 5.258 -2.72208
2.49609 5.282 -3.42807
1.56144 5.225 -3.88344
0.5752 5.166 -4.07729
3.8701 6.131 -2.06916
3.36025 6.154 -2.70905
2.60302 6.181 -3.43242
1.64152 6.163 -3.90122
0.63553 6.142 -4.14098
3.9438 6.616 -2.05952
3.41576 6.627 -2.6853
2.64277 6.651 -3.43778
1.71316 6.619 -3.90948
0.658 6.593 -4.18439
4.00136 6.897 -2.03489
3.48891 6.971 -2.7187
2.731 7.045 -3.4871
1.75361 7.06 -3.9199
0.69989 7.071 -4.23797
4.23956 7.453 -2.10614
3.72601 7.54 -2.84198
2.83758 7.57 -3.58159
1.81478 7.615 -3.95259
0.75988 7.606 -4.29062
4.82931 8.377 -2.29645
4.08342 8.415 -3.1998
3.02499 8.487 -3.83315
1.99319 8.526 -4.13649
0.79751 8.532 -4.39904
4.50009 9.672 -3.53811
3.32812 9.765 -4.12664
2.12365 9.888 -4.36864
0.96693 10.003 -4.49826
4.79188 10.703 -3.63459
3.55145 10.795 -4.21204
2.22447 10.81 -4.4758
1.0413 10.992 -4.54476
5.16015 11.77 -3.59035
3.76567 11.768 -4.21475
2.38737 11.774 -4.46545
1.12462 11.771 -4.55872
5.36525 12.409 -3.42622
3.87544 12.427 -4.17118
2.47418 12.544 -4.43755
1.22066 12.643 -4.51033
4.04767 13.325 -3.98707
2.56809 13.417 -4.30689
1.29958 13.562 -4.41284
4.19576 14.121 -3.68632
2.68396 14.263 -4.09338
1.40435 14.484 -4.18365
5.42902 9.52 -2.52141
5.78066 10.622 -2.70659
5.85766 11.772 -2.87746
5.79892 12.42 -2.90503
5.60161 13.223 -3.0055
5.06272 14.023 -3.10572
4.29324 14.656 -3.29341
2.82963 15.369 -3.42885
1.54625 15.711 -3.44777
3.35688 0.395 -0.84357
3.32486 0.39 -1.18026
3.27443 0.382 -1.55693
3.36917 0.867 -0.82226
3.33155 0.867 -1.18567
3.2883 0.86 -1.5257
3.41634 1.74 -0.787
3.38426 1.739 -1.12469
3.33959 1.74 -1.48868
3.53033 2.47 -0.77373
3.48926 2.469 -1.11089
3.41389 2.46 -1.46905
3.69957 3.507 -0.75774
3.6582 3.507 -1.11692
3.59786 3.523 -1.47497
3.85042 4.344 -0.78173
3.81154 4.351 -1.08195
3.75635 4.366 -1.47137
4.00162 5.204 -0.7827
3.95506 5.204 -1.07746
3.8907 5.205 -1.48636
4.17227 6.101 -0.77681
4.1321 6.094 -1.09899
4.07877 6.112 -1.50755
4.33641 6.575 -0.76252
4.2624 6.575 -1.09772
4.19662 6.582 -1.51355
4.42685 6.864 -0.75787
4.36704 6.864 -1.10694
4.27544 6.85 -1.5022
4.70683 7.368 -0.76649
4.66686 7.374 -1.13577
4.57048 7.391 -1.56081
5.32829 8.366 -0.76034
5.27847 8.367 -1.19415
5.1182 8.391 -1.63241
6.00174 9.46 -0.80636
5.95529 9.461 -1.21733
5.80209 9.489 -1.7051
6.4283 10.564 -0.80966
6.41178 10.558 -1.23944
6.25345 10.577 -1.76297
6.64462 11.865 -0.82752
6.58968 11.855 -1.28006
6.42782 11.822 -1.82943
6.61702 12.502 -0.81987
6.54282 12.49 -1.29331
6.37907 12.47 -1.84056
6.46918 13.209 -0.79606
6.39678 13.201 -1.28964
6.20431 13.211 -1.84821
6.17591 13.918 -0.80869
6.09948 13.921 -1.26897
5.90316 13.931 -1.89243
5.46372 14.988 -0.82448
5.31626 15.029 -1.33364
5.03443 15.093 -1.98006
4.40092 15.936 -0.9076
4.4147 15.793 -1.43434
4.41194 15.565 -2.03724
4.37783 15.204 -2.62826
2.89944 16.639 -1.03979
2.92047 16.492 -1.52889
2.92019 16.284 -2.10689
2.86538 15.629 -3.14748
1.67812 17.009 -1.07642
1.67076 16.911 -1.60491
1.65737 16.679 -2.09999
1.56922 15.882 -3.33093
-4.09384 12.314 -2.65789
-4.29171 12.305 -2.12722
-4.27583 12.347 -1.67436
-4.18319 12.442 -1.31222
-3.6037 12.219 -3.1929
-3.69731 12.18 -3.09918
-4.10973 12.051 -2.72306
-4.31168 12.052 -2.12603
-4.2952 12.078 -1.6632
-4.19419 12.37 -1.24445
-3.5503 12.115 -3.25517
-3.64979 12.009 -3.17614
-4.1151 11.851 -2.76281
-4.35415 11.826 -2.14956
-4.39238 11.894 -1.66343
-4.36442 12.218 -1.14217
-4.34327 12.534 -0.92104
-4.33386 12.634 -0.89755
-3.5442 12.102 -3.27056
-3.63965 11.991 -3.20779
-4.13038 11.685 -2.78394
-4.39744 11.66 -2.17002
-4.47395 11.784 -1.67061
-4.47633 12.126 -1.1205
-4.49435 12.465 -0.90104
-4.52288 12.69 -0.79116
-3.83504 12.504 -2.93873
-4.03844 12.993 -2.51793
-4.07853 13.077 -2.09681
-4.11493 13.043 -1.88327
-4.09445 12.897 -1.70718
-4.10858 12.591 -1.16939
-3.7226 12.43 -3.06963
-3.73926 12.496 -3.0466
-3.78738 12.59 -2.97963
-4.00828 13.034 -2.5668
-4.10072 13.16 -2.08247
-4.14368 13.078 -1.8445
-4.1351 12.909 -1.63264
-3.55514 12.5 -3.20179
-3.66036 12.713 -3.08435
-3.92812 13.193 -2.6507
-3.98967 13.286 -2.37156
-4.02857 13.269 -2.1158
-4.08989 13.167 -1.93385
-4.09671 13.089 -1.74511
-4.12041 12.939 -1.50328
-4.15869 12.612 -1.00113
-3.44942 12.323 -3.36134
-3.46666 12.515 -3.31424
-3.56773 12.804 -3.22809
-3.88444 13.418 -2.77551
-3.94679 13.489 -2.64459
-4.09596 13.579 -2.1709
-4.13387 13.508 -1.83106
-4.12121 13.405 -1.66852
-4.12001 13.218 -1.32799
-4.24787 12.828 -0.96778
-4.30086 12.723 -0.89851
-3.18925 12.251 -3.6022
-3.30404 12.565 -3.4942
-3.47659 12.895 -3.32968
-3.82951 13.538 -2.82887
-3.86523 13.589 -2.75562
-4.1275 13.72 -2.17905
-4.24438 13.664 -1.71831
-4.27291 13.62 -1.60842
-4.31647 13.423 -1.17808
-4.41375 13.208 -0.9439
-4.57771 12.938 -0.75284
-5.69991 9.346 -1.59978
-5.72233 9.445 -1.48825
-5.80004 9.706 -1.31233
-5.99098 9.978 -0.9684
-5.96077 9.953 -1.03331
-5.8477 9.926 -1.17025
-5.73419 9.864 -1.28318
-5.98316 10.221 -1.05602
-6.25177 10.058 -0.58626
-6.27492 10.238 -0.60492
-6.34294 10.058 -0.43459
-6.40237 10.263 -0.44007
-6.61007 10.605 -0.44577
-6.39006 10.082 -0.28353
-6.44133 10.251 -0.28649
-6.69696 10.549 -0.30637
-6.40624 10.084 -0.13431
-6.45808 10.241 -0.11319
-6.80375 10.495 -0.16478
-5.80271 8.232 -1.55961
-5.76038 8.346 -1.57214
-5.74189 8.434 -1.58125
-5.74846 8.488 -1.57385
-5.74906 8.606 -1.60086
-5.76699 8.744 -1.63286
-5.78926 8.798 -1.65357
-5.78626 8.929 -1.65375
-5.75925 9.072 -1.65435
-6.09638 8.234 -1.25866
-6.03612 8.381 -1.2392
-5.98779 8.464 -1.23506
-5.94592 8.56 -1.23855
-5.94785 8.712 -1.32158
-5.96658 8.879 -1.41764
-5.96864 8.956 -1.43555
-5.91406 9.098 -1.47786
-5.84905 9.226 -1.47972
-6.20708 8.108 -1.18296
-6.17644 8.242 -1.20682
-6.12171 8.389 -1.19605
-6.08629 8.476 -1.17311
-6.05951 8.605 -1.17771
-6.05543 8.776 -1.22703
-6.10346 8.978 -1.32736
-6.07928 9.049 -1.34182
-6.02486 9.209 -1.3701
-5.93394 9.401 -1.34044
-6.2911 8.096 -1.06277
-6.27708 8.264 -1.07963
-6.2274 8.394 -1.08659
-6.18952 8.507 -1.07281
-6.15805 8.635 -1.08269
-6.17035 8.818 -1.12103
-6.22395 9.033 -1.21402
-6.21504 9.132 -1.23258
-6.16011 9.321 -1.18475
-6.06287 9.569 -1.09937
-6.42382 8.102 -0.86856
-6.43804 8.264 -0.88875
-6.40351 8.413 -0.88078
-6.34277 8.53 -0.85334
-6.29251 8.678 -0.85031
-6.33071 8.895 -0.90314
-6.38173 9.133 -1.00329
-6.37147 9.215 -1.01592
-6.27902 9.419 -0.99436
-6.15827 9.65 -0.95145
-6.50328 8.119 -0.68853
-6.54879 8.268 -0.69584
-6.49811 8.423 -0.68583
-6.43525 8.546 -0.63947
-6.37982 8.708 -0.63375
-6.455 8.923 -0.66835
-6.56401 9.22 -0.71597
-6.53296 9.334 -0.73284
-6.41125 9.55 -0.67396
-6.29544 9.803 -0.64678
-6.58398 8.124 -0.51243
-6.63414 8.288 -0.53049
-6.58715 8.431 -0.51525
-6.50939 8.577 -0.48781
-6.44917 8.722 -0.43529
-6.5539 8.97 -0.49518
-6.64548 9.254 -0.55285
-6.66534 9.401 -0.5667
-6.52603 9.625 -0.5319
-6.38219 9.861 -0.47133
-6.6141 8.121 -0.31129
-6.68587 8.275 -0.32205
-6.65697 8.43 -0.30774
-6.57592 8.583 -0.29252
-6.47974 8.719 -0.29223
-6.63766 8.982 -0.31991
-6.72993 9.243 -0.3555
-6.72318 9.427 -0.35991
-6.5531 9.644 -0.32994
-6.44334 9.889 -0.3034
-6.61055 8.111 -0.16725
-6.68601 8.293 -0.15575
-6.64801 8.433 -0.15701
-6.58435 8.583 -0.14777
-6.48993 8.73 -0.14336
-6.63681 8.987 -0.1707
-6.74093 9.239 -0.18655
-6.73705 9.434 -0.18878
-6.58507 9.66 -0.17677
-6.44612 9.9 -0.14796
-6.17908 5.748 -0.79594
-6.20357 5.748 -0.60115
-6.60212 6.028 -0.10965
-6.56792 6.016 -0.25894
-6.57846 6.017 -0.41959
-6.52925 6.024 -0.61986
-6.4812 6.028 -0.78901
-6.72122 6.342 -0.12461
-6.71614 6.342 -0.27517
-6.70542 6.345 -0.51623
-6.66176 6.358 -0.6751
-6.60399 6.362 -0.8829
-6.71365 6.768 -0.13207
-6.70218 6.762 -0.29303
-6.68023 6.772 -0.51372
-6.61437 6.788 -0.66991
-6.53018 6.804 -0.88828
-6.45301 6.804 -0.98904
-6.54106 7.177 -0.1273
-6.51267 7.184 -0.27324
-6.47174 7.184 -0.47803
-6.40448 7.177 -0.62728
-6.29973 7.164 -0.85389
-6.24542 7.171 -0.96831
-6.38251 7.53 -0.12269
-6.37836 7.462 -0.25517
-6.37078 7.538 -0.2456
-6.34232 7.411 -0.4747
-6.32743 7.55 -0.42649
-6.30286 7.338 -0.58623
-6.29213 7.564 -0.60791
-6.27162 7.261 -0.88661
-6.19939 7.554 -0.88489
-6.24166 7.189 -0.97254
-6.13246 7.551 -1.00608
-2.3532 6.09 -3.2722
-5.97958 5.73 -1.06324
-6.40159 6 -0.91596
-6.24663 6.024 -1.22469
-6.02326 5.992 -1.44432
-4.06412 6.167 -2.84899
-3.29305 6.187 -3.17429
-2.70542 6.286 -3.36648
-2.19561 6.93 -3.70531
-2.69443 6.808 -3.55246
-3.11428 6.744 -3.43635
-3.30935 6.69 -3.3306
-4.1249 6.588 -2.96158
-5.55124 6.414 -2.03135
-6.09614 6.377 -1.5582
-6.31903 6.359 -1.33058
-6.50382 6.347 -1.00104
-6.38905 6.81 -1.05895
-6.13262 6.806 -1.37973
-6.06238 6.97 -1.36086
-5.94055 6.81 -1.58648
-4.88807 6.889 -2.48648
-5.82349 8.167 -1.55537
-6.12208 8.1 -1.2361
-6.08284 7.547 -1.09818
-6.19853 7.164 -1.02219
-5.89911 7.551 -1.42866
-5.99445 7.184 -1.38092
-5.6833 7.554 -1.70795
-5.76616 7.17 -1.61888
-5.1024 7.502 -2.28341
-5.49487 7.166 -1.92551
-4.48696 7.195 -2.7327
-4.11874 6.915 -2.97597
-3.31943 6.991 -3.39912
-2.69139 7.021 -3.58569
-2.28351 7.008 -3.68406
-2.44788 7.252 -3.70234
-2.67262 7.221 -3.62388
-3.308 7.192 -3.42585
-3.63463 7.202 -3.25818
-4.12795 7.164 -2.9624
-3.54536 9.615 -3.74533
-2.84829 9.598 -3.96706
-2.80639 9.088 -3.91946
-3.36363 7.542 -3.46862
-4.11364 7.539 -2.9913
-4.66956 7.866 -2.58562
-5.47641 8.457 -2.08689
-4.18064 8.439 -3.0905
-3.41051 8.433 -3.60007
-3.36033 7.976 -3.54796
-2.70778 7.571 -3.69291
-2.76114 8.469 -3.86605
-3.506 9.154 -3.7066
-3.44595 8.783 -3.65707
-4.2526 9.168 -3.12129
-4.71581 9.395 -2.63897
-5.07187 9.61 -2.08988
-5.53063 9.819 -1.5327
-6.03846 10.479 -1.12686
-6.39422 10.649 -0.96047
-7.1278 10.883 -0.409
-7.21043 10.848 -0.21475
-0.06095 6.593 -3.80809
-0.88988 6.465 -3.71476
-1.78216 6.368 -3.62569
-0.05678 7.056 -3.90651
-0.87434 7.066 -3.85794
-1.77375 7.051 -3.8045
-0.02355 7.336 -3.9205
-0.87436 7.307 -3.892
-1.78875 7.267 -3.83767
-0.0445 7.59 -3.98638
-0.85806 7.627 -3.93804
-1.75348 7.592 -3.88485
-0.08229 8.495 -4.2516
-0.79935 8.498 -4.06274
-1.7397 8.46 -4.00688
-0.0189 9.104 -4.19627
-0.76241 9.186 -4.14909
-1.73469 9.167 -4.09132
0.00617 9.473 -4.21278
-0.76647 9.501 -4.16688
-1.69583 9.535 -4.11166
-0.23184 -0.004 -3.81797
-1.25247 -0.018 -3.49487
-2.15426 -0.043 -2.97548
-2.85515 -0.054 -2.3458
-3.30957 -0.042 -1.90107
-3.68294 -0.039 -1.62644
-4.39082 -0.038 -0.59164
-4.4501 -0.038 -0.44286
-4.45908 -0.038 -0.34115
-4.46592 -0.039 -0.18647
-0.22443 0.568 -3.79437
-1.23377 0.643 -3.4499
-2.09033 0.737 -2.91115
-2.76695 0.732 -2.26088
-3.19911 0.732 -1.89661
-3.6714 0.735 -1.56702
-4.37654 0.743 -0.58748
-4.40539 0.734 -0.41546
-4.44053 0.731 -0.34926
-4.45382 0.723 -0.18519
-0.21524 1.384 -3.75785
-1.20338 1.432 -3.39361
-1.96457 1.523 -2.85151
-2.61798 1.64 -2.16455
-3.05866 1.709 -1.80879
-3.5904 1.796 -1.53577
-4.40221 1.959 -0.59797
-4.45599 1.969 -0.37339
-4.45643 1.976 -0.33029
-4.48073 1.976 -0.21665
-0.21083 2.414 -3.73407
-1.12675 2.411 -3.30099
-1.83171 2.374 -2.70613
-2.49713 2.457 -2.06955
-2.95951 2.534 -1.77561
-3.49549 2.673 -1.50635
-4.3903 2.826 -0.61671
-4.4279 2.844 -0.44017
-4.4542 2.853 -0.32641
-4.4701 2.859 -0.20626
-0.19872 3.422 -3.71576
-1.02612 3.435 -3.22582
-1.67928 3.438 -2.61902
-2.35657 3.47 -1.99676
-2.89777 3.512 -1.73119
-3.41163 3.568 -1.4943
-4.32912 3.639 -0.63237
-4.38262 3.632 -0.43685
-4.41432 3.628 -0.31275
-4.44115 3.631 -0.20798
-0.1251 4.318 -3.65702
-0.93067 4.255 -3.18742
-1.5566 4.211 -2.59425
-2.28935 4.185 -2.0288
-2.86161 4.214 -1.74636
-3.34975 4.226 -1.51501
-4.34775 4.181 -0.65931
-4.33926 4.17 -0.39836
-4.3928 4.191 -0.27096
-4.42744 4.188 -0.16271
-0.09168 5.102 -3.63396
-0.87087 4.98 -3.24306
-1.52625 4.843 -2.6231
-2.28629 4.705 -2.11213
-2.86724 4.671 -1.8412
-3.37893 4.642 -1.61846
-4.47726 4.56 -0.6977
-4.56968 4.559 -0.38166
-4.6009 4.565 -0.24958
-4.62445 4.562 -0.15702
-0.859 5.819 -3.4311
-1.62348 5.543 -3.09617
-2.43457 5.348 -2.73643
-3.02427 5.24 -2.46097
-3.54519 5.14 -2.14052
-4.74364 4.929 -0.93231
-4.89392 4.916 -0.54472
-4.93204 4.906 -0.36013
-4.95279 4.904 -0.20363
-4.96495 4.891 -0.10473
-0.8506 5.959 -3.42458
-1.65536 5.802 -3.09327
-2.49965 5.619 -2.7526
-3.07812 5.509 -2.45677
-3.67075 5.402 -2.16311
-5.06602 5.192 -0.92919
-5.25611 5.161 -0.53722
-5.31307 5.163 -0.33249
-5.34686 5.155 -0.17621
-5.35955 5.149 -0.0863
-0.85837 6.023 -3.45417
-1.70311 5.931 -3.20564
-2.5636 5.812 -2.96919
-3.16554 5.733 -2.73107
-3.8309 5.625 -2.39702
-5.47161 5.469 -1.11246
-5.74934 5.46 -0.67822
-5.85825 5.462 -0.43734
-5.91332 5.482 -0.21769
-5.95154 5.473 -0.10222
-0.05773 6.091 -3.72012
-0.85655 6.117 -3.45729
-1.7363 6.104 -3.2247
-2.61241 6.033 -2.98132
-3.21539 5.971 -2.72711
-3.96215 5.884 -2.39724
-5.76709 5.72 -1.0949
-6.14389 5.743 -0.65879
-6.2481 5.746 -0.42319
-6.28543 5.737 -0.19157
-6.32529 5.747 -0.08702
-0.00546 10.004 -4.30726
-0.72899 9.999 -4.24424
-0.73005 10.344 -4.24518
-1.6766 10.013 -4.15889
-2.91721 10.008 -3.94694
-3.60704 9.991 -3.77172
-4.38745 10.006 -3.16537
-4.9415 10.057 -2.17176
-5.28841 10.289 -1.53607
-5.60048 10.465 -1.2751
-6.22686 10.825 -1.06057
-7.14937 11.085 -0.43476
-7.22635 11.072 -0.22984
0.04337 10.9 -4.26107
0.06832 11.389 -4.26256
-0.68834 10.903 -4.2176
-0.68435 11.239 -4.21784
-1.60714 10.889 -4.17003
-2.36802 10.884 -4.1118
-3.0938 10.855 -3.9685
-3.24522 11.275 -3.81926
-3.69627 10.846 -3.73937
-4.30885 10.815 -3.12396
-4.7749 10.766 -2.26781
-5.10215 10.769 -1.55415
-5.51695 10.945 -1.13381
-5.86674 11.107 -0.90065
-6.59636 11.444 -0.60286
-6.74511 11.499 -0.50987
-6.85662 11.523 -0.39706
-7.03446 11.52 -0.25426
0.05033 11.769 -4.2114
-0.2979 11.767 -4.22176
-0.68662 11.742 -4.18865
-1.60077 11.729 -4.13033
-2.58927 11.644 -3.97444
-4.64111 13.799 -0.52167
-5.38151 11.524 -0.97856
-5.64907 11.955 -0.62608
-5.98069 11.752 -0.64344
-5.78695 12.16 -0.51871
-6.2115 11.832 -0.4985
-4.95786 13.256 -0.42371
-5.27925 12.957 -0.43768
-5.90044 12.351 -0.38875
-6.40221 11.909 -0.36996
-4.99963 13.29 -0.26696
-5.37288 12.977 -0.27684
-5.94598 12.414 -0.2448
-6.49921 11.946 -0.24899
-5.08691 12.884 -0.58935
-4.75409 12.787 -0.72032
-4.95202 12.301 -0.88187
-4.71167 12.391 -0.88312
-4.88567 11.934 -1.09718
-4.67093 12.047 -1.10793
-4.76347 11.379 -1.60332
-4.62352 11.611 -1.67575
-4.48758 11.416 -2.18671
-4.45223 11.479 -2.18179
-4.14768 11.484 -2.85604
-4.11514 11.546 -2.83093
-3.62387 11.552 -3.43112
-3.60383 11.782 -3.3131
-3.36603 11.572 -3.66082
-3.45047 11.865 -3.44643
-2.94648 11.624 -3.88309
-3.23935 12.024 -3.61926
-3.06705 12.111 -3.70362
-2.75104 11.766 -3.96583
-2.4247 12.041 -4.02028
-2.84576 12.208 -3.77287
-3.0734 12.621 -3.62511
-2.72351 12.661 -3.78915
-2.67652 12.953 -3.75688
-3.30003 13.005 -3.46038
-3.73028 13.69 -2.94596
-4.06545 13.963 -2.21379
-4.32055 13.875 -1.53346
-4.4779 13.692 -0.99518
-4.52575 13.531 -0.87313
-4.82724 13.186 -0.58575
0.05789 12.019 -4.23589
-0.68164 12.122 -4.20598
-0.66316 12.745 -4.13094
-0.40168 12.747 -4.14748
0.08347 12.692 -4.1763
-0.64588 13.068 -4.10993
-0.65927 12.916 -4.11615
-1.53732 12.844 -3.97282
-2.55045 13.611 -3.67521
-3.39306 14.103 -3.0872
-3.94337 14.228 -2.21603
-4.28493 14.122 -1.47347
-4.36169 14.064 -1.29861
-1.47448 13.491 -3.96053
-2.04831 13.858 -3.75513
-2.54596 14.145 -3.53223
-3.05809 14.403 -3.14818
-3.7806 14.524 -2.24173
-4.18903 14.423 -1.35996
-4.36905 14.336 -0.93353
-4.52669 13.888 -0.7709
-4.35967 14.618 -0.45525
-4.49188 14.26 -0.40431
-4.63465 13.813 -0.32871
0.07066 13.748 -4.08839
-0.66733 13.958 -4.03252
0.05821 14.715 -3.69095
-0.6812 15.131 -3.55786
-0.68947 14.887 -3.73068
-1.4427 15.083 -3.4425
-1.44526 14.242 -3.80599
-1.92816 15.221 -3.14919
0.01987 15.992 -3.17276
-0.7246 15.832 -3.15859
-0.75632 16.668 -2.17497
-1.47058 15.556 -3.11928
-2.43857 15.357 -2.73619
-2.61691 14.777 -3.14133
-0.03853 17.012 -2.01426
-0.79041 16.86 -1.92251
-0.90883 16.799 -1.89243
-1.50014 16.507 -1.94746
-1.92745 16.274 -2.04128
-2.31145 15.978 -2.16473
-2.89282 15.489 -2.20432
-3.40091 15.004 -2.24125
-0.03239 17.158 -1.55682
-0.80453 17.052 -1.46887
-1.13878 16.96 -1.48007
-1.54543 16.815 -1.47895
-2.13962 16.527 -1.44766
-2.71436 16.144 -1.39247
-3.39147 15.569 -1.27311
-3.97203 14.996 -1.13042
-0.04993 17.281 -1.02584
-0.79878 17.18 -0.98436
-1.30589 17.05 -0.95423
-1.56696 16.964 -0.93071
-2.26312 16.633 -0.8623
-2.91441 16.185 -0.7635
-3.61373 15.547 -0.66385
-4.15743 14.94 -0.54139
3.09033 0.357 2.13878
2.65655 0.311 2.88033
2.06329 0.226 3.50847
1.09392 0.125 4.09629
0.49189 0.081 4.29076
3.09781 0.805 2.13229
2.69704 0.787 2.84607
2.10709 0.743 3.49851
1.12172 0.617 4.05713
0.50263 0.603 4.28049
3.14866 1.704 2.12181
2.79402 1.643 2.80674
2.12517 1.568 3.44063
1.19782 1.475 4.01534
0.47786 1.42 4.24768
3.2648 2.467 2.08081
2.8633 2.48 2.7765
2.16862 2.467 3.43564
1.27037 2.462 3.98132
0.47656 2.433 4.23757
3.39813 3.499 2.09514
2.9821 3.476 2.75473
2.28938 3.48 3.42905
1.36739 3.475 3.97006
0.52582 3.452 4.20693
3.53797 4.35 2.13099
3.06982 4.339 2.76187
2.37702 4.358 3.43719
1.42848 4.311 3.94225
0.53001 4.327 4.14707
3.66545 5.222 2.14291
3.21359 5.258 2.75588
2.46005 5.282 3.45402
1.52068 5.225 3.89958
0.53248 5.166 4.08309
3.84822 6.131 2.10958
3.3317 6.154 2.74409
2.56693 6.181 3.45949
1.60058 6.163 3.9182
0.59213 6.142 4.14741
3.92202 6.616 2.1007
3.38745 6.627 2.72092
2.60663 6.651 3.46527
1.67213 6.619 3.92721
0.61414 6.593 4.19105
3.97983 6.897 2.07668
3.46024 6.971 2.75509
2.69433 7.045 3.51551
1.71247 7.06 3.93805
0.65548 7.071 4.24506
4.21727 7.453 2.15042
3.69605 7.54 2.88084
2.79992 7.57 3.61111
1.77329 7.615 3.97137
0.7149 7.606 4.29834
4.80499 8.377 2.3469
4.04969 8.415 3.24239
2.98469 8.487 3.86462
1.94976 8.526 4.15714
0.7514 8.532 4.40715
4.46279 9.672 3.58504
3.28473 9.765 4.16127
2.07779 9.888 4.39064
0.91977 10.003 4.50814
4.75356 10.703 3.68457
3.50715 10.795 4.249
2.17748 10.81 4.49885
0.99365 10.992 4.55541
5.12227 11.77 3.64419
3.72133 11.768 4.25395
2.34048 11.774 4.4902
1.07682 11.771 4.57025
5.32907 12.409 3.48222
3.83155 12.427 4.21153
2.42758 12.544 4.46321
1.17336 12.643 4.52287
4.00569 13.325 4.02924
2.52285 13.417 4.33354
1.2533 13.562 4.42621
4.15693 14.121 3.73006
2.64095 14.263 4.12126
1.36047 14.484 4.19813
5.40232 9.52 2.57813
5.752 10.622 2.76698
5.82721 11.772 2.93864
5.76818 12.42 2.96559
5.56983 13.223 3.064
5.02992 14.023 3.15856
4.25851 14.656 3.33819
2.79357 15.369 3.45829
1.51006 15.711 3.46377
3.44932 0.403 -0.1708
3.34786 0.395 0.87868
3.31231 0.39 1.21501
3.25794 0.382 1.59114
3.45087 0.871 -0.17871
3.36037 0.867 0.8575
3.31895 0.867 1.22049
3.27215 0.86 1.56005
3.4979 1.741 -0.17743
3.40791 1.74 0.82273
3.37229 1.739 1.16007
3.32382 1.74 1.52357
3.60501 2.468 -0.16092
3.52203 2.47 0.81066
3.47743 2.469 1.14737
3.39831 2.46 1.50472
3.77039 3.507 -0.14635
3.69144 3.507 0.79644
3.6463 3.507 1.15517
3.58222 3.523 1.51257
3.92569 4.338 -0.15955
3.84202 4.344 0.82201
3.8 4.351 1.12181
3.74074 4.366 1.51062
4.08351 5.193 -0.10841
3.99321 5.204 0.82456
3.94356 5.204 1.11881
3.87492 5.205 1.52702
4.25326 6.1 -0.12762
4.16391 6.101 0.82046
4.12036 6.094 1.1422
4.06276 6.112 1.55018
4.41181 6.58 -0.11553
4.32819 6.575 0.80789
4.25067 6.575 1.14229
4.18054 6.582 1.55741
4.51277 6.863 -0.11148
4.41867 6.864 0.80419
4.35521 6.864 1.15261
4.25947 6.85 1.54689
4.722 7.354 -0.001
4.69854 7.368 0.81574
4.65471 7.374 1.18458
4.55388 7.391 1.60858
5.39409 8.364 0.11129
5.32003 8.366 0.81609
5.26568 8.367 1.24936
5.10082 8.391 1.68592
6.07507 9.457 0.07384
5.99297 9.46 0.86917
5.94221 9.461 1.27962
5.78392 9.489 1.76577
6.50871 10.565 0.03806
6.41947 10.564 0.87694
6.39845 10.558 1.30652
6.23465 10.577 1.82836
6.70848 11.871 0.04106
6.63559 11.865 0.89706
6.57592 11.855 1.349
6.40831 11.822 1.89664
6.68071 12.504 0.05115
6.60808 12.502 0.88912
6.52891 12.49 1.36175
6.35945 12.47 1.90726
6.53914 13.204 0.04427
6.46048 13.209 0.86376
6.38292 13.201 1.35655
6.18462 13.211 1.91308
6.24454 13.918 0.05976
6.1671 13.918 0.87332
6.08586 13.921 1.33277
5.88302 13.931 1.95414
5.56714 14.998 0.08999
5.45479 14.988 0.88165
5.30201 15.029 1.38923
5.01342 15.093 2.03267
4.42728 16.031 0.17675
4.39117 15.936 0.95364
4.39944 15.793 1.4805
4.39037 15.565 2.08333
4.35007 15.204 2.67396
2.87347 16.753 0.24301
2.88839 16.639 1.07009
2.9043 16.492 1.55939
2.89796 16.284 2.13736
2.83226 15.629 3.17731
1.71885 17.098 0.30059
1.66675 17.009 1.09393
1.65386 16.911 1.62232
1.63529 16.679 2.11723
1.53425 15.882 3.34718
-4.12144 12.314 2.61487
-4.31375 12.305 2.08216
-4.29313 12.347 1.6295
-4.1967 12.442 1.26834
-3.63694 12.219 3.15499
-3.72956 12.18 3.06029
-4.13802 12.051 2.67987
-4.3337 12.052 2.08077
-4.31238 12.078 1.61813
-4.20699 12.37 1.20046
-3.58419 12.115 3.21782
-3.68285 12.009 3.13774
-4.1438 11.851 2.71957
-4.37642 11.826 2.10384
-4.40956 11.894 1.61734
-4.37614 12.218 1.09641
-4.35268 12.534 0.87551
-4.34302 12.634 0.85212
-3.57826 12.102 3.23327
-3.67304 11.991 3.1695
-4.1593 11.685 2.74054
-4.41992 11.66 2.12386
-4.4912 11.784 1.62367
-4.48782 12.126 1.07356
-4.50354 12.465 0.85393
-4.53092 12.69 0.74375
-3.8656 12.504 2.89841
-4.06458 12.993 2.4755
-4.10027 13.077 2.05398
-4.13443 13.043 1.84008
-4.11211 12.897 1.66421
-4.1206 12.591 1.12631
-3.75454 12.43 3.03048
-3.77096 12.496 3.00728
-3.81837 12.59 2.93981
-4.03494 13.034 2.52469
-4.1223 13.16 2.03941
-4.16277 13.078 1.80101
-4.15197 12.909 1.58924
-3.58848 12.5 3.16439
-3.69246 12.713 3.04585
-3.95566 13.193 2.60942
-4.01429 13.286 2.32965
-4.05051 13.269 2.0735
-4.10992 13.167 1.89091
-4.11476 13.089 1.70212
-4.13592 12.939 1.46005
-4.16895 12.612 0.95752
-3.48443 12.323 3.32504
-3.50117 12.515 3.27776
-3.60133 12.804 3.19056
-3.91329 13.418 2.73468
-3.97427 13.489 2.60311
-4.11847 13.579 2.12789
-4.15282 13.508 1.78767
-4.13845 13.405 1.62528
-4.13369 13.218 1.28478
-4.25777 12.828 0.92324
-4.31003 12.723 0.85343
-3.22679 12.251 3.5686
-3.34045 12.565 3.45941
-3.51127 12.895 3.29309
-3.85892 13.538 2.78861
-3.89387 13.589 2.71499
-4.15009 13.72 2.13571
-4.26214 13.664 1.67377
-4.28952 13.62 1.56359
-4.32857 13.423 1.13281
-4.42339 13.208 0.89763
-4.58534 12.938 0.70486
-5.71635 9.346 1.54
-5.73761 9.445 1.42824
-5.81346 9.706 1.25152
-6.00079 9.978 0.90561
-5.97127 9.953 0.97083
-5.85963 9.926 1.10895
-5.74732 9.864 1.22307
-5.99389 10.221 0.99331
-6.25757 10.058 0.52076
-6.28091 10.238 0.53918
-6.34714 10.058 0.36814
-6.40663 10.263 0.37301
-6.61438 10.605 0.37652
-6.39268 10.082 0.2166
-6.44398 10.251 0.21902
-6.6998 10.549 0.23622
-6.4073 10.084 0.06721
-6.45891 10.241 0.04556
-6.8051 10.495 0.09353
-6.40282 10.075 -0.00929
-6.4653 10.247 -0.01559
-6.81759 10.483 -0.01461
-5.81872 8.232 1.49876
-5.77652 8.346 1.51173
-5.75813 8.434 1.52104
-5.76462 8.488 1.51357
-5.76551 8.606 1.54057
-5.78377 8.744 1.57238
-5.80626 8.798 1.59286
-5.80326 8.929 1.59307
-5.77626 9.072 1.59395
-6.10922 8.234 1.19475
-6.04876 8.381 1.17592
-6.00039 8.464 1.17229
-5.95856 8.56 1.17622
-5.96136 8.712 1.25922
-5.9811 8.879 1.35508
-5.98335 8.956 1.37297
-5.92921 9.098 1.41585
-5.86423 9.226 1.41839
-6.21913 8.108 1.1179
-6.18874 8.242 1.14208
-6.1339 8.389 1.13188
-6.09824 8.476 1.10931
-6.07151 8.605 1.11419
-6.06795 8.776 1.16356
-6.11703 8.978 1.26338
-6.093 9.049 1.27809
-6.03888 9.209 1.30693
-5.94765 9.401 1.27823
-6.30189 8.096 0.99683
-6.28804 8.264 1.01384
-6.23844 8.394 1.02132
-6.20041 8.507 1.00794
-6.16905 8.635 1.01815
-6.18175 8.818 1.05636
-6.23633 9.033 1.14877
-6.22761 9.132 1.16743
-6.17218 9.321 1.12018
-6.07405 9.569 1.03582
-6.43256 8.102 0.80124
-6.44699 8.264 0.82128
-6.41238 8.413 0.81368
-6.35136 8.53 0.78687
-6.30106 8.678 0.78437
-6.33982 8.895 0.8368
-6.39189 9.133 0.93641
-6.38175 9.215 0.94914
-6.28909 9.419 0.92856
-6.16789 9.65 0.88691
-6.51013 8.119 0.62039
-6.55572 8.268 0.62722
-6.50494 8.423 0.61774
-6.4416 8.546 0.57205
-6.3861 8.708 0.56691
-6.46164 8.923 0.60072
-6.57115 9.22 0.6472
-6.54028 9.334 0.66439
-6.41796 9.55 0.60678
-6.30187 9.803 0.58082
-6.58898 8.124 0.44346
-6.63933 8.288 0.46099
-6.59219 8.431 0.44624
-6.51414 8.577 0.41962
-6.45337 8.722 0.36773
-6.55873 8.97 0.42653
-6.65091 9.254 0.48323
-6.67091 9.401 0.49687
-6.53124 9.625 0.46353
-6.38677 9.861 0.40447
-6.617 8.121 0.24201
-6.68887 8.275 0.25202
-6.65983 8.43 0.23801
-6.57863 8.583 0.22364
-6.48244 8.719 0.22435
-6.64064 8.982 0.25038
-6.73328 9.243 0.285
-6.72658 9.427 0.28948
-6.5562 9.644 0.2613
-6.44616 9.889 0.23591
-6.61194 8.111 0.09801
-6.68727 8.293 0.08573
-6.64929 8.433 0.08738
-6.58554 8.583 0.07881
-6.49107 8.73 0.07539
-6.63823 8.987 0.10119
-6.74251 9.239 0.11595
-6.73866 9.434 0.11822
-6.58657 9.66 0.10781
-6.44732 9.9 0.08045
-6.62983 8.093 0.01422
-6.71717 8.282 -0.02267
-6.67588 8.435 -0.01911
-6.58986 8.583 -0.02122
-6.48139 8.717 0.00039
-6.64811 8.982 -0.02982
-6.75411 9.235 -0.01919
-6.73959 9.439 -0.02619
-6.59209 9.673 -0.01387
-6.45681 9.912 -0.02747
-6.18708 5.748 0.73119
-6.20953 5.748 0.53615
-6.60746 6.03 0.00287
-6.60291 6.028 0.0405
-6.57027 6.016 0.19014
-6.5825 6.017 0.35068
-6.53539 6.024 0.55146
-6.48911 6.028 0.7211
-6.72302 6.354 0.01374
-6.72216 6.342 0.05422
-6.71865 6.342 0.20483
-6.71046 6.345 0.44599
-6.66847 6.358 0.60531
-6.61287 6.362 0.81369
-6.72731 6.757 0.00899
-6.71467 6.768 0.06176
-6.70488 6.762 0.22283
-6.68524 6.772 0.44374
-6.62103 6.788 0.6006
-6.53912 6.804 0.81985
-6.46302 6.804 0.92141
-6.56283 7.173 0.01224
-6.40075 7.548 0.00862
-6.54204 7.177 0.05879
-6.51517 7.184 0.20502
-6.47639 7.184 0.41023
-6.41069 7.177 0.56018
-6.30833 7.164 0.78787
-6.25522 7.171 0.90286
-6.38345 7.53 0.05585
-6.38068 7.462 0.18837
-6.373 7.538 0.17888
-6.34694 7.411 0.40825
-6.33155 7.55 0.36021
-6.30866 7.338 0.5202
-6.29815 7.564 0.54198
-6.28056 7.261 0.82089
-6.20832 7.554 0.81993
-6.25151 7.189 0.90713
-6.14266 7.551 0.9418
-2.38734 6.09 3.24738
-5.99039 5.73 1.00057
-6.41083 6 0.84887
-6.25911 6.024 1.15921
-6.03805 5.992 1.38117
-4.09373 6.167 2.80627
-3.32611 6.187 3.13963
-2.74052 6.286 3.33796
-2.23429 6.93 3.68211
-2.73148 6.808 3.52405
-3.15009 6.744 3.40355
-3.34405 6.69 3.29576
-4.15569 6.588 2.91822
-5.57221 6.414 1.97311
-6.11213 6.377 1.49428
-6.33262 6.359 1.26434
-6.51394 6.347 0.93288
-6.39979 6.81 0.99199
-6.14673 6.806 1.31543
-6.0763 6.97 1.2973
-5.95683 6.81 1.52419
-4.91384 6.889 2.43516
-5.83946 8.167 1.4943
-6.13469 8.1 1.17192
-6.094 7.547 1.03442
-6.2089 7.164 0.95722
-5.91375 7.551 1.36681
-6.00858 7.184 1.31807
-5.70087 7.554 1.64834
-5.7828 7.17 1.55841
-5.12603 7.502 2.22986
-5.51473 7.166 1.86786
-4.51534 7.195 2.68557
-4.14968 6.915 2.93268
-3.35485 6.991 3.36417
-2.72879 7.021 3.55731
-2.32196 7.008 3.65994
-2.48652 7.252 3.67651
-2.71043 7.221 3.59569
-3.34369 7.192 3.39102
-3.66855 7.202 3.21994
-4.15875 7.164 2.91901
-3.58439 9.615 3.708
-2.88967 9.598 3.93702
-2.84728 9.088 3.88986
-3.39977 7.542 3.43321
-4.14474 7.539 2.94806
-4.69638 7.866 2.53658
-5.49796 8.457 2.02943
-4.21278 8.439 3.04655
-3.44802 8.433 3.56416
-3.3973 7.976 3.51257
-2.7463 7.571 3.66435
-2.80147 8.469 3.83693
-3.54462 9.154 3.66968
-3.48406 8.783 3.62078
-4.28505 9.168 3.07659
-4.74318 9.395 2.58944
-5.09348 9.61 2.03666
-5.54638 9.819 1.4747
-6.04993 10.479 1.06357
-6.40392 10.649 0.89346
-7.1317 10.883 0.33433
-7.21228 10.848 0.13924
-7.23493 10.829 0.00433
-0.10083 6.593 3.80724
-0.92873 6.465 3.70524
-1.82003 6.368 3.60683
-0.09769 7.056 3.9057
-0.91469 7.066 3.84857
-1.8135 7.051 3.78572
-0.06461 7.336 3.92004
-0.91507 7.307 3.88263
-1.82884 7.267 3.81873
-0.08624 7.59 3.98569
-0.89925 7.627 3.92884
-1.79407 7.592 3.86627
-0.12681 8.495 4.25051
-0.84185 8.498 4.05415
-1.78156 8.46 3.98844
-0.06284 9.104 4.19584
-0.80582 9.186 4.14088
-1.77744 9.167 4.07293
-0.03795 9.473 4.21262
-0.81006 9.501 4.15862
-1.7388 9.535 4.09368
-0.27181 -0.004 3.81533
-1.289 -0.018 3.48156
-2.1853 -0.043 2.95275
-2.87955 -0.054 2.31577
-3.3293 -0.042 1.86631
-3.69977 -0.039 1.58779
-4.39677 -0.038 0.54563
-4.45449 -0.038 0.39624
-4.46241 -0.038 0.29444
-4.46763 -0.039 0.13969
-4.47276 -0.043 0.06938
-0.26415 0.568 3.79181
-1.26983 0.643 3.43679
-2.1207 0.737 2.88911
-2.79048 0.732 2.23178
-3.2188 0.732 1.86301
-3.68761 0.735 1.52849
-4.38246 0.743 0.54161
-4.4095 0.734 0.36931
-4.44394 0.731 0.30274
-4.45552 0.723 0.13854
-4.46308 0.713 0.04677
-0.25458 1.384 3.75539
-1.23885 1.432 3.38082
-1.99432 1.523 2.83078
-2.6405 1.64 2.13701
-3.07743 1.709 1.77666
-3.60629 1.796 1.49809
-4.40823 1.959 0.55184
-4.45965 1.969 0.32671
-4.45965 1.976 0.2836
-4.48276 1.976 0.16971
-4.48357 1.981 0.056
-0.24992 2.414 3.73166
-1.16126 2.411 3.28901
-1.85995 2.374 2.6868
-2.51867 2.457 2.04328
-2.97795 2.534 1.74452
-3.51107 2.673 1.46966
-4.39652 2.826 0.5707
-4.43227 2.844 0.39378
-4.45737 2.853 0.27975
-4.47202 2.859 0.15944
-4.47795 2.868 0.03263
-0.23762 3.422 3.71347
-1.05984 3.435 3.2149
-1.70661 3.438 2.60129
-2.37735 3.47 1.97197
-2.91574 3.512 1.70075
-3.42709 3.568 1.45849
-4.33551 3.639 0.587
-4.38696 3.632 0.39093
-4.41735 3.628 0.26651
-4.44309 3.631 0.16146
-4.45501 3.626 -0.00279
-0.16339 4.318 3.65551
-0.964 4.255 3.1775
-1.58368 4.211 2.57781
-2.31047 4.185 2.00471
-2.87974 4.214 1.7163
-3.36543 4.226 1.47984
-4.35442 4.181 0.61375
-4.3432 4.17 0.35289
-4.3954 4.191 0.22494
-4.4289 4.188 0.11634
-4.4489 4.177 -0.01337
-0.12973 5.102 3.6328
-0.90478 4.98 3.23376
-1.55364 4.843 2.60697
-2.30828 4.705 2.08807
-2.88636 4.671 1.81107
-3.3957 4.642 1.58298
-4.48432 4.56 0.65078
-4.57342 4.559 0.33379
-4.60326 4.565 0.20138
-4.62584 4.562 0.10858
-4.63942 4.555 -0.03792
-0.89488 5.819 3.42191
-1.65581 5.543 3.079
-2.46309 5.348 2.71079
-3.04988 5.24 2.42917
-3.56741 5.14 2.10327
-4.75314 4.929 0.88259
-4.89936 4.916 0.49344
-4.93554 4.906 0.30847
-4.95466 4.904 0.15175
-4.983 4.866 -0.017
-0.88641 5.959 3.41549
-1.68767 5.802 3.07577
-2.52833 5.619 2.72627
-3.10368 5.509 2.4244
-3.6932 5.402 2.12455
-5.07548 5.192 0.87609
-5.26145 5.161 0.48215
-5.31626 5.163 0.27683
-5.34841 5.155 0.12021
-5.292 5.134 -0.025
-0.89449 6.023 3.445
-1.73659 5.931 3.18763
-2.59456 5.812 2.94218
-3.19397 5.733 2.69777
-3.85579 5.625 2.35677
-5.48296 5.469 1.0551
-5.75613 5.46 0.61798
-5.86251 5.462 0.37597
-5.91527 5.482 0.15575
-5.97049 5.476 0.01712
-0.09668 6.091 3.71932
-0.8927 6.117 3.44813
-1.76997 6.104 3.20634
-2.64349 6.033 2.9538
-3.24378 5.971 2.69329
-3.98703 5.884 2.35562
-5.77824 5.72 1.03445
-6.15045 5.743 0.59441
-6.25219 5.746 0.35774
-6.28709 5.737 0.12574
-6.32586 5.747 0.02078
-0.05056 10.004 4.30696
-0.7734 9.999 4.23637
-0.77447 10.344 4.2373
-1.72006 10.013 4.1411
-2.95838 10.008 3.91617
-3.64633 9.991 3.73374
-4.42036 10.006 3.11925
-4.96397 10.057 2.1199
-5.3042 10.289 1.4806
-5.61353 10.465 1.21638
-6.23762 10.825 0.99531
-7.15353 11.085 0.35987
-7.22836 11.072 0.15415
-7.2868 11.073 0.0007
-0.00126 10.9 4.26129
0.02368 11.389 4.26304
-0.73247 10.903 4.21016
-0.72848 11.239 4.21044
-1.65072 10.889 4.15297
-2.41095 10.884 4.08678
-3.13519 10.855 3.93589
-3.28504 11.275 3.78507
-3.73523 10.846 3.70046
-4.34133 10.815 3.07866
-4.79839 10.766 2.21768
-5.11815 10.769 1.50063
-5.52852 10.945 1.07597
-5.87585 11.107 0.83917
-6.60232 11.444 0.53375
-6.75008 11.499 0.43921
-6.8604 11.523 0.32524
-7.03674 11.52 0.18058
-7.05778 11.515 0.02273
0.00622 11.769 4.21169
-0.34209 11.767 4.21841
-0.73045 11.742 4.18123
-1.64394 11.729 4.11335
-2.63074 11.644 3.9471
-4.64632 13.799 0.47304
-5.39146 11.524 0.92216
-5.65532 11.955 0.56689
-5.9871 11.752 0.58078
-5.79206 12.16 0.45808
-6.21638 11.832 0.43342
-4.96202 13.256 0.37177
-5.28354 12.957 0.38237
-5.90419 12.351 0.32694
-6.40573 11.909 0.3029
-5.00215 13.29 0.21459
-5.37548 12.977 0.22056
-5.94822 12.414 0.18252
-6.50146 11.946 0.18092
-5.03994 13.334 0.05256
-5.42251 12.983 0.07593
-5.97444 12.44 0.04135
-6.57743 11.935 0.02023
-5.0928 12.884 0.53605
-4.76137 12.787 0.6705
-4.96098 12.301 0.82996
-4.72066 12.391 0.83373
-4.89689 11.934 1.04596
-4.68228 12.047 1.05896
-4.78 11.379 1.55335
-4.64082 11.611 1.62724
-4.51024 11.416 2.13959
-4.47483 11.479 2.13505
-4.17736 11.484 2.81245
-4.14455 11.546 2.78768
-3.6596 11.552 3.39298
-3.63833 11.782 3.27518
-3.40419 11.572 3.62537
-3.48637 11.865 3.41011
-2.98698 11.624 3.85202
-3.27707 12.024 3.58514
-3.10566 12.111 3.6713
-2.79242 11.766 3.9368
-2.46666 12.041 3.99467
-2.88512 12.208 3.74286
-3.11119 12.621 3.59273
-2.76304 12.661 3.76042
-2.71571 12.953 3.72864
-3.33609 13.005 3.42563
-3.76093 13.69 2.90673
-4.08841 13.963 2.1711
-4.33637 13.875 1.48814
-4.48808 13.692 0.94824
-4.53464 13.531 0.82569
-4.8331 13.186 0.53516
0.01353 12.019 4.23626
-0.72565 12.122 4.19861
-0.70638 12.745 4.12377
-0.44509 12.747 4.14304
0.03973 12.692 4.17695
-0.68888 13.068 4.10294
-0.70234 12.916 4.10902
-1.57884 12.844 3.9565
-2.5888 13.611 3.6483
-3.42521 14.103 3.0515
-3.96636 14.228 2.17462
-4.30012 14.122 1.42852
-4.37505 14.064 1.25286
-1.51587 13.491 3.94487
-2.08752 13.858 3.73348
-2.58281 14.145 3.50537
-3.09089 14.403 3.11598
-3.80387 14.524 2.20202
-4.20304 14.423 1.31602
-4.37859 14.336 0.88773
-4.53451 13.888 0.72345
-4.3642 14.618 0.40957
-4.49587 14.26 0.35725
-4.529 14.115 0.058
-4.71138 13.725 0.08456
-4.63784 13.813 0.28016
0.02784 13.748 4.0889
-0.70952 13.958 4.02531
0.01955 14.715 3.69136
-0.71842 15.131 3.55053
-0.7285 14.887 3.72325
-1.47867 15.083 3.4272
-1.48504 14.242 3.79064
-1.96103 15.221 3.12883
-0.01336 15.992 3.1728
-0.75764 15.832 3.15083
-0.77906 16.668 2.16693
-1.50317 15.556 3.10371
-2.46709 15.357 2.71051
-2.64966 14.777 3.11375
-0.05962 17.012 2.01375
-0.8105 16.86 1.91413
-0.9286 16.799 1.88281
-1.52045 16.507 1.93164
-1.94872 16.274 2.02099
-2.33399 15.978 2.1404
-2.91575 15.489 2.1739
-3.42419 15.004 2.20551
-0.04869 17.158 1.5564
-0.81987 17.052 1.46037
-1.15422 16.96 1.46806
-1.56083 16.815 1.46268
-2.15466 16.527 1.42517
-2.72879 16.144 1.36397
-3.40462 15.569 1.23752
-3.98365 14.996 1.08877
-0.06067 17.281 1.02527
-0.03881 17.36 0.11056
-0.80905 17.18 0.97594
-0.75033 17.25 0.03356
-1.31581 17.05 0.9405
-1.57662 16.964 0.91425
-1.56776 17.052 -2e-005
-2.27203 16.633 0.83855
-2.3534 16.691 0.02389
-2.92225 16.185 0.73294
-3.05983 16.179 0.06271
-3.62049 15.547 0.62597
-3.75259 15.505 0.09246
-4.246 14.809 0.073
-4.16287 14.94 0.49783
2918
49 436 439
44 436 49
59 445 448
54 445 59
59 448 451
581 582 67
599 71 582
67 582 71
650 71 599
71 654 75
650 654 71
0 96 93
5 96 0
1 5 0
6 5 1
2 6 1
7 6 2
3 7 2
8 7 3
4 8 3
9 8 4
457 9 4
467 9 457
5 99 96
10 99 5
6 10 5
11 10 6
7 11 6
12 11 7
8 12 7
13 12 8
9 13 8
14 13 9
467 14 9
477 14 467
10 102 99
15 102 10
11 15 10
16 15 11
12 16 11
17 16 12
13 17 12
18 17 13
14 18 13
19 18 14
477 19 14
487 19 477
15 105 102
20 105 15
16 20 15
21 20 16
17 21 16
22 21 17
18 22 17
23 22 18
19 23 18
24 23 19
487 24 19
497 24 487
20 108 105
25 108 20
21 25 20
26 25 21
22 26 21
27 26 22
23 27 22
28 27 23
24 28 23
29 28 24
497 29 24
507 29 497
25 111 108
30 111 25
26 30 25
31 30 26
27 31 26
32 31 27
28 32 27
33 32 28
29 33 28
34 33 29
507 34 29
517 34 507
30 114 111
35 114 30
31 35 30
36 35 31
32 36 31
37 36 32
33 37 32
38 37 33
34 38 33
39 38 34
517 39 34
557 39 517
35 117 114
40 117 35
36 40 35
41 40 36
37 41 36
42 41 37
38 42 37
43 42 38
39 43 38
44 43 39
557 44 39
436 44 557
40 120 117
45 120 40
41 45 40
46 45 41
42 46 41
47 46 42
43 47 42
48 47 43
44 48 43
49 48 44
45 123 120
50 123 45
46 50 45
51 50 46
47 51 46
52 51 47
48 52 47
53 52 48
49 53 48
54 53 49
442 54 49
445 54 442
49 439 442
50 126 123
55 126 50
51 55 50
56 55 51
52 56 51
57 56 52
53 57 52
58 57 53
54 58 53
59 58 54
55 129 126
82 129 55
56 82 55
60 82 56
57 60 56
61 60 57
58 61 57
62 61 58
59 62 58
63 62 59
454 63 59
568 63 454
59 451 454
60 83 82
64 83 60
61 64 60
65 64 61
62 65 61
66 65 62
63 66 62
67 66 63
568 67 63
581 67 568
64 84 83
68 84 64
65 68 64
69 68 65
66 69 65
70 69 66
67 70 66
71 70 67
68 85 84
72 85 68
69 72 68
73 72 69
70 73 69
74 73 70
71 74 70
75 74 71
86 85 72
73 86 72
76 86 73
74 76 73
77 76 74
75 77 74
78 77 75
654 78 75
674 78 654
76 87 86
79 87 76
77 79 76
80 79 77
78 80 77
81 80 78
674 81 78
676 81 674
79 88 87
79 89 88
80 89 79
80 90 89
81 90 80
81 682 90
676 682 81
82 132 129
83 132 82
83 135 132
84 135 83
84 138 135
85 138 84
85 141 138
86 141 85
86 144 141
87 144 86
87 147 144
87 151 147
88 151 87
88 155 151
89 155 88
89 159 155
90 159 89
90 682 159
91 807 803
94 807 91
92 94 91
95 94 92
93 95 92
96 95 93
94 811 807
97 811 94
95 97 94
98 97 95
96 98 95
99 98 96
97 815 811
100 815 97
98 100 97
101 100 98
99 101 98
102 101 99
100 819 815
103 819 100
101 103 100
104 103 101
102 104 101
105 104 102
103 823 819
106 823 103
104 106 103
107 106 104
105 107 104
108 107 105
106 827 823
109 827 106
107 109 106
110 109 107
108 110 107
111 110 108
109 831 827
112 831 109
110 112 109
113 112 110
111 113 110
114 113 111
112 835 831
115 835 112
113 115 112
116 115 113
114 116 113
117 116 114
115 839 835
118 839 115
116 118 115
119 118 116
117 119 116
120 119 117
118 843 839
121 843 118
119 121 118
122 121 119
120 122 119
123 122 120
121 847 843
124 847 121
122 124 121
125 124 122
123 125 122
126 125 123
124 851 847
127 851 124
125 127 124
128 127 125
126 128 125
129 128 126
127 855 851
130 855 127
128 130 127
131 130 128
129 131 128
132 131 129
130 859 855
133 859 130
131 133 130
134 133 131
132 134 131
135 134 132
133 863 859
136 863 133
134 136 133
137 136 134
135 137 134
138 137 135
136 867 863
139 867 136
137 139 136
140 139 137
138 140 137
141 140 138
139 871 867
142 871 139
140 142 139
143 142 140
141 143 140
144 143 141
142 875 871
145 875 142
143 145 142
146 145 143
144 146 143
147 146 144
145 879 875
148 879 145
146 148 145
149 148 146
147 149 146
150 149 147
151 150 147
148 884 879
152 884 148
149 152 148
153 152 149
150 153 149
154 153 150
151 154 150
155 154 151
152 889 884
156 889 152
153 156 152
157 156 153
154 157 153
158 157 154
155 158 154
159 158 155
156 1473 889
704 1473 156
157 704 156
696 704 157
158 696 157
688 696 158
159 688 158
682 688 159
756 1192 1189
761 1192 756
766 1201 1198
771 1201 766
771 1204 1201
1342 779 1343
1361 1343 783
779 783 1343
1416 1361 783
1416 787 1420
783 787 1416
717 806 810
712 806 717
718 712 717
713 712 718
719 713 718
714 713 719
720 714 719
715 714 720
721 715 720
716 715 721
1221 716 721
1210 716 1221
722 810 814
717 810 722
723 717 722
718 717 723
724 718 723
719 718 724
725 719 724
720 719 725
726 720 725
721 720 726
1232 721 726
1221 721 1232
727 814 818
722 814 727
728 722 727
723 722 728
729 723 728
724 723 729
730 724 729
725 724 730
731 725 730
726 725 731
1243 726 731
1232 726 1243
732 818 822
727 818 732
733 727 732
728 727 733
734 728 733
729 728 734
735 729 734
730 729 735
736 730 735
731 730 736
1254 731 736
1243 731 1254
737 822 826
732 822 737
738 732 737
733 732 738
739 733 738
734 733 739
740 734 739
735 734 740
741 735 740
736 735 741
1265 736 741
1254 736 1265
742 826 830
737 826 742
743 737 742
738 737 743
744 738 743
739 738 744
745 739 744
740 739 745
746 740 745
741 740 746
1276 741 746
1265 741 1276
747 830 834
742 830 747
748 742 747
743 742 748
749 743 748
744 743 749
750 744 749
745 744 750
751 745 750
746 745 751
1317 746 751
1276 746 1317
752 834 838
747 834 752
753 747 752
748 747 753
754 748 753
749 748 754
755 749 754
750 749 755
756 750 755
751 750 756
1189 751 756
1317 751 1189
757 838 842
752 838 757
758 752 757
753 752 758
759 753 758
754 753 759
760 754 759
755 754 760
761 755 760
756 755 761
762 842 846
757 842 762
763 757 762
758 757 763
764 758 763
759 758 764
765 759 764
760 759 765
766 760 765
761 760 766
1198 761 766
1195 761 1198
761 1195 1192
767 846 850
762 846 767
768 762 767
763 762 768
769 763 768
764 763 769
770 764 769
765 764 770
771 765 770
766 765 771
794 850 854
767 850 794
772 767 794
768 767 772
773 768 772
769 768 773
774 769 773
770 769 774
775 770 774
771 770 775
1328 771 775
1207 771 1328
771 1207 1204
776 794 795
772 794 776
777 772 776
773 772 777
778 773 777
774 773 778
779 774 778
775 774 779
1342 775 779
1328 775 1342
780 795 796
776 795 780
781 776 780
777 776 781
782 777 781
778 777 782
783 778 782
779 778 783
784 796 797
780 796 784
785 780 784
781 780 785
786 781 785
782 781 786
787 782 786
783 782 787
798 784 797
788 784 798
785 784 788
789 785 788
786 785 789
790 786 789
787 786 790
1442 787 790
1420 787 1442
791 798 799
788 798 791
792 788 791
789 788 792
793 789 792
790 789 793
1444 790 793
1442 790 1444
791 799 800
792 800 801
791 800 792
793 801 802
792 801 793
1444 802 1450
793 802 1444
795 854 858
794 854 795
796 858 862
795 858 796
797 862 866
796 862 797
798 866 870
797 866 798
799 870 874
798 870 799
799 874 878
800 878 883
799 878 800
801 883 888
800 883 801
802 888 893
801 888 802
802 893 1450
808 803 807
804 803 808
809 804 808
805 804 809
810 805 809
806 805 810
812 807 811
808 807 812
813 808 812
809 808 813
814 809 813
810 809 814
816 811 815
812 811 816
817 812 816
813 812 817
818 813 817
814 813 818
820 815 819
816 815 820
821 816 820
817 816 821
822 817 821
818 817 822
824 819 823
820 819 824
825 820 824
821 820 825
826 821 825
822 821 826
828 823 827
824 823 828
829 824 828
825 824 829
830 825 829
826 825 830
832 827 831
828 827 832
833 828 832
829 828 833
834 829 833
830 829 834
836 831 835
832 831 836
837 832 836
833 832 837
838 833 837
834 833 838
840 835 839
836 835 840
841 836 840
837 836 841
842 837 841
838 837 842
844 839 843
840 839 844
845 840 844
841 840 845
846 841 845
842 841 846
848 843 847
844 843 848
849 844 848
845 844 849
850 845 849
846 845 850
852 847 851
848 847 852
853 848 852
849 848 853
854 849 853
850 849 854
856 851 855
852 851 856
857 852 856
853 852 857
858 853 857
854 853 858
860 855 859
856 855 860
861 856 860
857 856 861
862 857 861
858 857 862
864 859 863
860 859 864
865 860 864
861 860 865
866 861 865
862 861 866
868 863 867
864 863 868
869 864 868
865 864 869
870 865 869
866 865 870
872 867 871
868 867 872
873 868 872
869 868 873
874 869 873
870 869 874
876 871 875
872 871 876
877 872 876
873 872 877
878 873 877
874 873 878
880 875 879
876 875 880
881 876 880
877 876 881
882 877 881
878 877 882
883 878 882
885 879 884
880 879 885
886 880 885
881 880 886
887 881 886
882 881 887
888 882 887
883 882 888
890 884 889
885 884 890
891 885 890
886 885 891
892 886 891
887 886 892
893 887 892
888 887 893
1472 889 1473
890 889 1472
1464 890 1472
891 890 1464
1456 891 1464
892 891 1456
1450 892 1456
893 892 1450
164 186 192
165 186 164
164 192 208
166 186 165
160 186 166
167 160 166
161 160 167
168 161 167
162 161 168
169 162 168
163 162 169
207 163 169
191 163 207
170 164 208
171 164 170
165 164 171
172 165 171
166 165 172
173 166 172
167 166 173
174 167 173
168 167 174
175 168 174
169 168 175
176 169 175
207 169 176
177 207 176
218 207 177
178 170 208
179 170 178
171 170 179
180 171 179
172 171 180
181 172 180
173 172 181
182 173 181
174 173 182
183 174 182
175 174 183
184 175 183
176 175 184
185 176 184
177 176 185
229 177 185
218 177 229
219 639 636
219 635 208
636 635 219
633 208 635
178 208 633
631 178 633
179 178 631
629 179 631
180 179 629
627 180 629
181 180 627
625 181 627
182 181 625
623 182 625
183 182 623
621 183 623
184 183 621
619 184 621
185 184 619
649 185 619
229 185 649
193 192 186
194 193 186
187 194 186
195 194 187
188 195 187
196 195 188
189 196 188
197 196 189
190 197 189
198 197 190
191 198 190
207 198 191
193 208 192
199 208 193
194 199 193
200 199 194
195 200 194
201 200 195
196 201 195
202 201 196
203 202 196
204 203 196
197 204 196
205 204 197
198 205 197
206 205 198
207 206 198
209 208 199
200 209 199
210 209 200
201 210 200
211 210 201
202 211 201
212 211 202
203 212 202
213 212 203
204 213 203
214 213 204
205 214 204
215 214 205
206 215 205
216 215 206
207 216 206
217 216 207
218 217 207
209 219 208
220 219 209
210 220 209
221 220 210
211 221 210
222 221 211
212 222 211
223 222 212
213 223 212
224 223 213
214 224 213
225 224 214
215 225 214
226 225 215
216 226 215
227 226 216
217 227 216
228 227 217
218 228 217
229 228 218
220 639 219
640 639 220
221 640 220
643 640 221
222 643 221
644 643 222
223 644 222
224 644 223
645 644 224
225 645 224
646 645 225
226 646 225
227 646 226
647 646 227
228 647 227
648 647 228
229 648 228
649 648 229
899 926 920
898 926 899
898 942 926
894 899 920
900 899 894
895 900 894
901 900 895
896 901 895
902 901 896
897 902 896
903 902 897
925 903 897
941 903 925
904 942 898
899 904 898
905 904 899
900 905 899
906 905 900
901 906 900
907 906 901
902 907 901
908 907 902
903 908 902
909 908 903
941 909 903
910 909 941
911 910 941
952 911 941
912 942 904
905 912 904
913 912 905
906 913 905
914 913 906
907 914 906
915 914 907
908 915 907
916 915 908
909 916 908
917 916 909
910 917 909
918 917 910
911 918 910
919 918 911
952 919 911
963 919 952
953 1402 1405
1402 942 1401
953 942 1402
912 1401 942
1399 1401 912
913 1399 912
1397 1399 913
914 1397 913
1395 1397 914
915 1395 914
1393 1395 915
916 1393 915
1391 1393 916
917 1391 916
1389 1391 917
918 1389 917
1387 1389 918
919 1387 918
1385 1387 919
963 1385 919
1415 1385 963
927 920 926
928 920 927
929 920 928
921 920 929
930 921 929
922 921 930
931 922 930
923 922 931
932 923 931
924 923 932
941 924 932
925 924 941
933 926 942
927 926 933
934 927 933
928 927 934
935 928 934
929 928 935
936 929 935
930 929 936
937 930 936
938 930 937
939 930 938
931 930 939
940 931 939
932 931 940
941 932 940
943 933 942
944 933 943
934 933 944
945 934 944
935 934 945
946 935 945
936 935 946
947 936 946
937 936 947
948 937 947
938 937 948
949 938 948
939 938 949
950 939 949
940 939 950
951 940 950
941 940 951
952 941 951
954 942 953
943 942 954
955 943 954
944 943 955
956 944 955
945 944 956
957 945 956
946 945 957
958 946 957
947 946 958
959 947 958
948 947 959
960 948 959
949 948 960
961 949 960
950 949 961
962 950 961
951 950 962
963 951 962
952 951 963
1406 953 1405
954 953 1406
1409 954 1406
955 954 1409
1410 955 1409
956 955 1410
957 956 1410
1411 957 1410
958 957 1411
1412 958 1411
959 958 1412
960 959 1412
1413 960 1412
961 960 1413
1414 961 1413
962 961 1414
1415 962 1414
963 962 1415
249 420 394
250 420 249
251 420 250
252 420 251
253 420 252
254 420 253
255 420 254
256 420 255
257 420 256
258 394 395
249 394 258
259 249 258
250 249 259
260 250 259
251 250 260
261 251 260
252 251 261
262 252 261
253 252 262
263 253 262
254 253 263
264 254 263
255 254 264
265 255 264
256 255 265
266 256 265
257 256 266
268 395 267
258 395 268
269 258 268
259 258 269
270 259 269
260 259 270
271 260 270
261 260 271
272 261 271
262 261 272
273 262 272
263 262 273
274 263 273
264 263 274
275 264 274
265 264 275
276 265 275
266 265 276
278 267 277
268 267 278
279 268 278
269 268 279
280 269 279
270 269 280
281 270 280
271 270 281
282 271 281
272 271 282
283 272 282
273 272 283
284 273 283
274 273 284
285 274 284
275 274 285
286 275 285
276 275 286
288 277 287
278 277 288
289 278 288
279 278 289
290 279 289
280 279 290
291 280 290
281 280 291
292 281 291
282 281 292
293 282 292
283 282 293
294 283 293
284 283 294
295 284 294
285 284 295
296 285 295
286 285 296
298 287 297
288 287 298
299 288 298
289 288 299
300 289 299
290 289 300
301 290 300
291 290 301
302 291 301
292 291 302
303 292 302
293 292 303
304 293 303
294 293 304
305 294 304
295 294 305
306 295 305
296 295 306
308 297 307
298 297 308
309 298 308
299 298 309
310 299 309
300 299 310
311 300 310
301 300 311
312 301 311
302 301 312
313 302 312
303 302 313
314 303 313
304 303 314
315 304 314
305 304 315
316 305 315
306 305 316
318 307 317
308 307 318
319 308 318
309 308 319
320 309 319
310 309 320
321 310 320
311 310 321
322 311 321
312 311 322
323 312 322
313 312 323
324 313 323
314 313 324
325 314 324
315 314 325
326 315 325
316 315 326
328 317 327
318 317 328
329 318 328
319 318 329
330 319 329
320 319 330
331 320 330
321 320 331
332 321 331
322 321 332
333 322 332
323 322 333
334 323 333
324 323 334
335 324 334
325 324 335
336 325 335
326 325 336
1075 327 1074
328 327 1075
1076 328 1075
329 328 1076
1077 329 1076
330 329 1077
1078 330 1077
331 330 1078
1079 331 1078
332 331 1079
1080 332 1079
333 332 1080
1081 333 1080
334 333 1081
1082 334 1081
335 334 1082
1083 335 1082
336 335 1083
986 1146 1172
987 986 1172
988 987 1172
989 988 1172
990 989 1172
991 990 1172
992 991 1172
993 992 1172
994 993 1172
986 1147 1146
995 1147 986
987 995 986
996 995 987
988 996 987
997 996 988
989 997 988
998 997 989
990 998 989
999 998 990
991 999 990
1000 999 991
992 1000 991
1001 1000 992
993 1001 992
1002 1001 993
994 1002 993
1003 1002 994
995 1004 1147
1005 1004 995
996 1005 995
1006 1005 996
997 1006 996
1007 1006 997
998 1007 997
1008 1007 998
999 1008 998
1009 1008 999
1000 1009 999
1010 1009 1000
1001 1010 1000
1011 1010 1001
1002 1011 1001
1012 1011 1002
1003 1012 1002
1013 1012 1003
1005 1014 1004
1015 1014 1005
1006 1015 1005
1016 1015 1006
1007 1016 1006
1017 1016 1007
1008 1017 1007
1018 1017 1008
1009 1018 1008
1019 1018 1009
1010 1019 1009
1020 1019 1010
1011 1020 1010
1021 1020 1011
1012 1021 1011
1022 1021 1012
1013 1022 1012
1023 1022 1013
1015 1024 1014
1025 1024 1015
1016 1025 1015
1026 1025 1016
1017 1026 1016
1027 1026 1017
1018 1027 1017
1028 1027 1018
1019 1028 1018
1029 1028 1019
1020 1029 1019
1030 1029 1020
1021 1030 1020
1031 1030 1021
1022 1031 1021
1032 1031 1022
1023 1032 1022
1033 1032 1023
1025 1034 1024
1035 1034 1025
1026 1035 1025
1036 1035 1026
1027 1036 1026
1037 1036 1027
1028 1037 1027
1038 1037 1028
1029 1038 1028
1039 1038 1029
1030 1039 1029
1040 1039 1030
1031 1040 1030
1041 1040 1031
1032 1041 1031
1042 1041 1032
1033 1042 1032
1043 1042 1033
1035 1044 1034
1045 1044 1035
1036 1045 1035
1046 1045 1036
1037 1046 1036
1047 1046 1037
1038 1047 1037
1048 1047 1038
1039 1048 1038
1049 1048 1039
1040 1049 1039
1050 1049 1040
1041 1050 1040
1051 1050 1041
1042 1051 1041
1052 1051 1042
1043 1052 1042
1053 1052 1043
1045 1054 1044
1055 1054 1045
1046 1055 1045
1056 1055 1046
1047 1056 1046
1057 1056 1047
1048 1057 1047
1058 1057 1048
1049 1058 1048
1059 1058 1049
1050 1059 1049
1060 1059 1050
1051 1060 1050
1061 1060 1051
1052 1061 1051
1062 1061 1052
1053 1062 1052
1063 1062 1053
1055 1064 1054
1065 1064 1055
1056 1065 1055
1066 1065 1056
1057 1066 1056
1067 1066 1057
1058 1067 1057
1068 1067 1058
1059 1068 1058
1069 1068 1059
1060 1069 1059
1070 1069 1060
1061 1070 1060
1071 1070 1061
1062 1071 1061
1072 1071 1062
1063 1072 1062
1073 1072 1063
1065 1074 1064
1075 1074 1065
1066 1075 1065
1076 1075 1066
1067 1076 1066
1077 1076 1067
1068 1077 1067
1078 1077 1068
1069 1078 1068
1079 1078 1069
1070 1079 1069
1080 1079 1070
1071 1080 1070
1081 1080 1071
1072 1081 1071
1082 1081 1072
1073 1082 1072
1083 1082 1073
338 564 553
338 554 565
553 554 338
239 241 242
420 257 230
420 230 431
231 431 230
266 230 257
231 230 266
266 232 231
276 232 266
236 231 232
431 231 236
232 235 236
234 276 286
235 276 234
232 276 235
233 286 296
234 286 233
238 296 306
233 296 238
233 239 237
238 239 233
234 233 237
235 234 237
236 237 577
235 237 236
431 236 577
432 578 577
432 577 237
433 432 237
433 237 239
240 306 316
238 306 240
241 238 240
239 238 241
433 239 242
434 433 242
243 316 326
240 316 243
244 240 243
241 240 244
245 241 244
242 241 245
434 242 245
246 326 336
243 326 246
247 243 246
244 243 247
248 244 247
245 244 248
435 245 248
434 245 435
983 336 1083
246 336 983
984 246 983
247 246 984
985 247 984
248 247 985
1188 248 985
435 248 1188
267 395 396
277 396 371
267 396 277
287 371 369
277 371 287
297 369 367
287 369 297
307 367 365
297 367 307
317 365 363
307 365 317
327 363 361
317 363 327
1074 361 1106
327 361 1074
552 373 563
553 373 552
564 373 553
337 373 564
374 373 337
375 373 374
343 337 564
374 337 343
342 564 338
343 564 342
341 338 565
342 338 341
340 565 566
341 565 340
339 566 567
340 566 339
1086 567 1327
339 567 1086
1092 339 1086
344 339 1092
344 340 339
345 340 344
345 341 340
346 341 345
346 342 341
347 342 346
347 343 342
348 343 347
348 374 343
388 374 348
1098 344 1092
349 344 1098
349 345 344
350 345 349
350 346 345
351 346 350
351 347 346
352 347 351
352 348 347
353 348 352
353 388 348
354 388 353
389 388 354
1105 349 1098
355 349 1105
355 350 349
356 350 355
356 351 350
357 351 356
357 352 351
358 352 357
358 353 352
359 353 358
359 354 353
360 354 359
360 389 354
397 389 360
1106 355 1105
361 355 1106
361 356 355
362 356 361
362 357 356
364 357 362
364 358 357
366 358 364
366 359 358
368 359 366
368 360 359
370 360 368
370 397 360
363 362 361
363 364 362
365 364 363
365 366 364
367 366 365
367 368 366
369 368 367
369 370 368
371 370 369
371 397 370
396 397 371
429 420 430
431 430 420
548 372 559
549 372 548
560 372 549
379 380 438
379 559 372
438 559 379
379 372 560
378 560 561
379 560 378
377 561 562
378 561 377
376 562 563
377 562 376
375 563 373
376 563 375
388 375 374
387 375 388
387 376 375
386 376 387
385 376 386
385 377 376
384 377 385
384 378 377
383 378 384
383 379 378
382 379 383
381 379 382
381 380 379
441 438 380
408 441 380
407 380 381
408 380 407
406 381 382
407 381 406
406 382 383
405 383 384
406 383 405
393 384 385
405 384 393
392 385 386
393 385 392
390 386 387
392 386 390
389 387 388
390 387 389
399 391 397
390 397 391
389 397 390
392 390 391
392 399 401
391 399 392
392 401 403
393 403 404
392 403 393
405 404 413
393 404 405
419 418 402
420 402 400
419 402 420
394 400 398
420 400 394
395 398 396
394 398 395
399 396 398
397 396 399
401 398 400
399 398 401
403 400 402
401 400 403
404 402 418
403 402 404
413 404 418
406 413 412
405 413 406
406 412 411
407 411 410
406 411 407
408 410 409
407 410 408
441 409 444
408 409 441
424 444 409
447 444 424
424 409 410
417 410 411
424 410 417
418 411 412
417 411 418
418 412 413
414 415 416
414 416 426
426 428 574
426 574 414
574 573 414
415 573 572
414 573 415
572 456 415
571 456 572
453 415 456
416 415 453
453 450 416
450 425 416
426 416 425
423 424 417
421 422 423
421 417 418
423 417 421
421 418 419
421 419 420
421 420 429
421 429 428
422 428 427
421 428 422
422 427 425
423 425 424
422 425 423
424 425 447
447 425 450
427 426 425
427 428 426
429 574 428
429 575 574
430 575 429
430 576 575
431 576 430
431 577 576
433 578 432
433 579 578
434 579 433
434 580 579
435 580 434
435 1341 580
1188 1341 435
558 436 557
437 436 558
559 437 558
438 437 559
437 439 436
440 439 437
438 440 437
441 440 438
440 442 439
443 442 440
441 443 440
444 443 441
443 445 442
446 445 443
444 446 443
447 446 444
446 448 445
449 448 446
447 449 446
450 449 447
449 451 448
452 451 449
450 452 449
453 452 450
452 454 451
455 454 452
453 455 452
456 455 453
455 568 454
569 568 455
456 569 455
571 569 456
458 467 457
468 467 458
459 468 458
469 468 459
460 469 459
470 469 460
461 470 460
471 470 461
462 471 461
472 471 462
463 472 462
473 472 463
464 473 463
474 473 464
465 474 464
475 474 465
466 475 465
476 475 466
1220 476 466
1231 476 1220
468 477 467
478 477 468
469 478 468
479 478 469
470 479 469
480 479 470
471 480 470
481 480 471
472 481 471
482 481 472
473 482 472
483 482 473
474 483 473
484 483 474
475 484 474
485 484 475
476 485 475
486 485 476
1231 486 476
1242 486 1231
478 487 477
488 487 478
479 488 478
489 488 479
480 489 479
490 489 480
481 490 480
491 490 481
482 491 481
492 491 482
483 492 482
493 492 483
484 493 483
494 493 484
485 494 484
495 494 485
486 495 485
496 495 486
1242 496 486
1253 496 1242
488 497 487
498 497 488
489 498 488
499 498 489
490 499 489
500 499 490
491 500 490
501 500 491
492 501 491
502 501 492
493 502 492
503 502 493
494 503 493
504 503 494
495 504 494
505 504 495
496 505 495
506 505 496
1253 506 496
1264 506 1253
498 507 497
508 507 498
499 508 498
509 508 499
500 509 499
510 509 500
501 510 500
511 510 501
502 511 501
512 511 502
503 512 502
513 512 503
504 513 503
514 513 504
505 514 504
515 514 505
506 515 505
516 515 506
1264 516 506
1275 516 1264
508 517 507
518 517 508
509 518 508
519 518 509
510 519 509
520 519 510
511 520 510
521 520 511
512 521 511
522 521 512
513 522 512
523 522 513
514 523 513
524 523 514
515 524 514
525 524 515
516 525 515
526 525 516
1275 526 516
1286 526 1275
518 557 517
527 557 518
519 527 518
528 527 519
520 528 519
529 528 520
521 529 520
530 529 521
522 530 521
531 530 522
523 531 522
532 531 523
524 532 523
533 532 524
525 533 524
534 533 525
526 534 525
535 534 526
1286 535 526
536 535 1286
1296 536 1286
537 557 527
528 537 527
538 537 528
529 538 528
539 538 529
530 539 529
540 539 530
531 540 530
541 540 531
532 541 531
542 541 532
533 542 532
543 542 533
534 543 533
544 543 534
535 544 534
545 544 535
536 545 535
546 545 536
1296 546 536
1306 546 1296
547 557 537
538 547 537
548 547 538
539 548 538
549 548 539
540 549 539
550 549 540
541 550 540
551 550 541
542 551 541
552 551 542
543 552 542
553 552 543
544 553 543
554 553 544
545 554 544
555 554 545
546 555 545
556 555 546
1306 556 546
1316 556 1306
558 557 547
548 558 547
559 558 548
550 560 549
561 560 550
551 561 550
562 561 551
552 562 551
563 562 552
555 565 554
566 565 555
556 566 555
567 566 556
1316 567 556
1327 567 1316
568 569 570
581 570 583
568 570 581
585 583 570
585 569 571
570 569 585
586 585 571
587 571 572
586 571 587
589 572 573
587 572 589
573 574 589
590 589 574
591 590 574
574 575 591
592 591 575
592 575 576
592 576 577
592 577 593
594 593 577
594 577 578
595 594 578
595 578 579
595 579 596
597 596 579
598 579 580
597 579 598
1360 580 1341
598 580 1360
600 599 582
583 584 581
601 581 584
600 581 601
582 581 600
602 601 584
602 583 585
584 583 602
603 602 585
634 585 586
603 585 634
588 586 587
634 586 588
588 587 589
632 634 588
630 588 589
632 588 630
628 589 590
630 589 628
628 591 626
590 591 628
624 626 591
591 592 624
605 624 592
593 605 592
593 594 605
607 605 594
594 595 607
595 609 607
596 609 595
596 613 609
597 613 596
597 617 613
598 617 597
598 1383 617
1360 1383 598
651 599 600
652 599 651
653 599 652
650 599 653
651 600 601
657 601 602
651 601 657
638 657 602
637 602 603
638 602 637
637 603 634
610 670 649
604 670 610
614 604 610
673 604 614
604 669 670
673 669 604
672 669 673
605 622 624
606 622 605
620 622 606
607 606 605
608 620 606
618 620 608
609 606 607
608 606 609
618 610 649
611 610 618
608 611 618
612 611 608
609 612 608
613 612 609
611 614 610
615 614 611
612 615 611
616 615 612
613 616 612
617 616 613
614 1440 673
1380 1440 614
615 1380 614
1381 1380 615
616 1381 615
1382 1381 616
617 1382 616
1383 1382 617
618 649 619
619 620 618
621 620 619
621 622 620
623 622 621
623 624 622
625 624 623
625 626 624
627 626 625
627 628 626
629 628 627
629 630 628
631 630 629
631 632 630
633 632 631
633 634 632
635 634 633
635 637 634
636 637 635
637 636 639
637 639 638
657 638 639
641 657 639
641 639 640
642 657 641
641 643 642
640 643 641
658 657 642
658 642 643
658 643 644
659 658 644
644 660 659
645 660 644
645 661 660
646 661 645
662 661 646
670 646 647
662 646 670
670 647 648
670 648 649
653 654 650
657 652 651
656 653 652
655 653 656
663 652 657
656 652 663
675 653 655
674 653 675
654 653 674
680 675 655
656 680 655
663 680 656
657 664 663
658 664 657
658 665 664
658 666 665
659 666 658
659 667 666
660 667 659
661 667 660
668 667 661
662 668 661
669 668 662
670 669 662
664 680 663
687 664 665
680 664 687
666 687 665
666 695 687
667 695 666
667 703 695
668 703 667
669 703 668
671 703 669
711 703 671
672 671 669
1485 711 671
1439 671 672
1485 671 1439
1440 672 673
1439 672 1440
678 674 675
676 674 678
677 676 678
679 675 680
678 675 679
683 676 677
682 676 683
685 683 677
679 677 678
685 677 679
681 685 679
687 679 680
681 679 687
684 682 683
686 685 681
693 685 686
686 681 687
689 682 684
688 682 689
690 689 684
691 683 685
690 683 691
684 683 690
692 691 685
692 685 693
694 693 686
695 686 687
694 686 695
689 696 688
697 696 689
690 697 689
698 697 690
691 698 690
699 698 691
692 699 691
700 699 692
693 700 692
701 700 693
694 701 693
702 701 694
695 702 694
703 702 695
697 704 696
705 704 697
698 705 697
706 705 698
699 706 698
707 706 699
700 707 699
708 707 700
701 708 700
709 708 701
702 709 701
710 709 702
703 710 702
711 710 703
1475 704 705
1473 704 1475
1478 705 706
1475 705 1478
1478 706 707
1480 707 708
1478 707 1480
1482 708 709
1480 708 1482
1484 709 710
1482 709 1484
1485 710 711
1484 710 1485
1085 1313 1324
1313 1325 1314
1085 1325 1313
973 976 975
1172 964 994
1172 1183 964
965 964 1183
965 994 964
1003 994 965
1013 965 966
1003 965 1013
1183 966 965
970 966 1183
966 970 969
966 1023 1013
969 1023 966
968 1023 969
968 1033 1023
967 1033 968
967 1043 1033
972 1043 967
972 971 973
967 971 972
968 971 967
969 971 968
969 1337 971
970 1337 969
1183 1337 970
1184 1337 1338
1184 971 1337
1185 971 1184
1185 973 971
972 1053 1043
974 1053 972
973 974 972
975 974 973
1185 976 973
1186 976 1185
974 1063 1053
977 1063 974
975 977 974
978 977 975
976 978 975
979 978 976
1186 979 976
977 1073 1063
980 1073 977
978 980 977
981 980 978
979 981 978
982 981 979
1186 982 979
1187 982 1186
980 1083 1073
983 1083 980
981 983 980
984 983 981
982 984 981
985 984 982
1187 985 982
1188 985 1187
1004 1148 1147
1004 1123 1148
1014 1123 1004
1014 1121 1123
1024 1121 1014
1024 1119 1121
1034 1119 1024
1034 1117 1119
1044 1117 1034
1044 1115 1117
1054 1115 1044
1054 1113 1115
1064 1113 1054
1064 1106 1113
1074 1106 1064
1084 1323 1125
1324 1323 1084
1313 1323 1324
1312 1323 1313
1127 1084 1125
1126 1084 1127
1126 1324 1084
1091 1324 1126
1091 1085 1324
1090 1085 1091
1090 1325 1085
1089 1325 1090
1089 1326 1325
1088 1326 1089
1088 1327 1326
1087 1327 1088
1086 1327 1087
1093 1086 1087
1092 1086 1093
1094 1087 1088
1093 1087 1094
1095 1088 1089
1094 1088 1095
1096 1089 1090
1095 1089 1096
1097 1090 1091
1096 1090 1097
1140 1091 1126
1097 1091 1140
1099 1092 1093
1098 1092 1099
1100 1093 1094
1099 1093 1100
1101 1094 1095
1100 1094 1101
1102 1095 1096
1101 1095 1102
1103 1096 1097
1102 1096 1103
1104 1097 1140
1103 1097 1104
1141 1104 1140
1107 1098 1099
1105 1098 1107
1108 1099 1100
1107 1099 1108
1109 1100 1101
1108 1100 1109
1110 1101 1102
1109 1101 1110
1111 1102 1103
1110 1102 1111
1112 1103 1104
1111 1103 1112
1149 1104 1141
1112 1104 1149
1113 1105 1107
1106 1105 1113
1114 1107 1108
1113 1107 1114
1116 1108 1109
1114 1108 1116
1118 1109 1110
1116 1109 1118
1120 1110 1111
1118 1110 1120
1122 1111 1112
1120 1111 1122
1122 1112 1149
1115 1113 1114
1117 1114 1116
1115 1114 1117
1119 1116 1118
1117 1116 1119
1121 1118 1120
1119 1118 1121
1123 1120 1122
1121 1120 1123
1148 1122 1149
1123 1122 1148
1181 1182 1172
1183 1172 1182
1320 1319 1124
1309 1319 1320
1308 1319 1309
1131 1191 1132
1191 1124 1319
1131 1124 1191
1131 1320 1124
1131 1321 1320
1130 1321 1131
1130 1322 1321
1129 1322 1130
1129 1323 1322
1128 1323 1129
1128 1125 1323
1127 1125 1128
1139 1126 1127
1140 1126 1139
1138 1127 1128
1139 1127 1138
1137 1138 1128
1136 1128 1129
1137 1128 1136
1135 1129 1130
1136 1129 1135
1134 1130 1131
1135 1130 1134
1133 1134 1131
1133 1131 1132
1194 1132 1191
1160 1132 1194
1160 1133 1132
1159 1133 1160
1159 1134 1133
1158 1134 1159
1158 1135 1134
1158 1136 1135
1157 1136 1158
1157 1137 1136
1145 1137 1157
1145 1138 1137
1144 1138 1145
1144 1139 1138
1142 1139 1144
1142 1140 1139
1141 1140 1142
1151 1149 1143
1141 1143 1149
1142 1143 1141
1144 1143 1142
1143 1153 1151
1144 1153 1143
1144 1155 1153
1144 1156 1155
1145 1156 1144
1145 1165 1156
1157 1165 1145
1171 1154 1170
1171 1152 1154
1172 1152 1171
1172 1150 1152
1146 1150 1172
1146 1148 1150
1147 1148 1146
1149 1150 1148
1151 1150 1149
1151 1152 1150
1153 1152 1151
1153 1154 1152
1155 1154 1153
1155 1170 1154
1156 1170 1155
1165 1170 1156
1157 1164 1165
1158 1164 1157
1158 1163 1164
1158 1162 1163
1159 1162 1158
1159 1161 1162
1160 1161 1159
1160 1197 1161
1194 1197 1160
1200 1161 1197
1176 1161 1200
1176 1162 1161
1176 1163 1162
1169 1163 1176
1169 1164 1163
1170 1164 1169
1170 1165 1164
1166 1168 1167
1166 1178 1168
1178 1334 1180
1178 1166 1334
1334 1166 1333
1166 1332 1333
1167 1332 1166
1331 1167 1209
1332 1167 1331
1168 1209 1167
1206 1209 1168
1206 1168 1203
1203 1168 1177
1178 1177 1168
1175 1169 1176
1173 1175 1174
1175 1170 1169
1173 1170 1175
1173 1171 1170
1173 1172 1171
1173 1181 1172
1173 1180 1181
1173 1179 1180
1174 1179 1173
1174 1177 1179
1174 1176 1177
1175 1176 1174
1176 1200 1177
1200 1203 1177
1179 1177 1178
1179 1178 1180
1181 1180 1334
1182 1334 1335
1181 1334 1182
1183 1335 1336
1182 1335 1183
1183 1336 1337
1185 1184 1338
1186 1338 1339
1185 1338 1186
1187 1339 1340
1186 1339 1187
1188 1340 1341
1187 1340 1188
1190 1317 1189
1318 1317 1190
1191 1318 1190
1319 1318 1191
1193 1189 1192
1190 1189 1193
1194 1190 1193
1191 1190 1194
1196 1192 1195
1193 1192 1196
1197 1193 1196
1194 1193 1197
1199 1195 1198
1196 1195 1199
1200 1196 1199
1197 1196 1200
1202 1198 1201
1199 1198 1202
1203 1199 1202
1200 1199 1203
1205 1201 1204
1202 1201 1205
1206 1202 1205
1203 1202 1206
1208 1204 1207
1205 1204 1208
1209 1205 1208
1206 1205 1209
1329 1207 1328
1208 1207 1329
1331 1208 1329
1209 1208 1331
1222 1210 1221
1211 1210 1222
1223 1211 1222
1212 1211 1223
1224 1212 1223
1213 1212 1224
1225 1213 1224
1214 1213 1225
1226 1214 1225
1215 1214 1226
1227 1215 1226
1216 1215 1227
1228 1216 1227
1217 1216 1228
1229 1217 1228
1218 1217 1229
1230 1218 1229
1219 1218 1230
1231 1219 1230
1220 1219 1231
1233 1221 1232
1222 1221 1233
1234 1222 1233
1223 1222 1234
1235 1223 1234
1224 1223 1235
1236 1224 1235
1225 1224 1236
1237 1225 1236
1226 1225 1237
1238 1226 1237
1227 1226 1238
1239 1227 1238
1228 1227 1239
1240 1228 1239
1229 1228 1240
1241 1229 1240
1230 1229 1241
1242 1230 1241
1231 1230 1242
1244 1232 1243
1233 1232 1244
1245 1233 1244
1234 1233 1245
1246 1234 1245
1235 1234 1246
1247 1235 1246
1236 1235 1247
1248 1236 1247
1237 1236 1248
1249 1237 1248
1238 1237 1249
1250 1238 1249
1239 1238 1250
1251 1239 1250
1240 1239 1251
1252 1240 1251
1241 1240 1252
1253 1241 1252
1242 1241 1253
1255 1243 1254
1244 1243 1255
1256 1244 1255
1245 1244 1256
1257 1245 1256
1246 1245 1257
1258 1246 1257
1247 1246 1258
1259 1247 1258
1248 1247 1259
1260 1248 1259
1249 1248 1260
1261 1249 1260
1250 1249 1261
1262 1250 1261
1251 1250 1262
1263 1251 1262
1252 1251 1263
1264 1252 1263
1253 1252 1264
1266 1254 1265
1255 1254 1266
1267 1255 1266
1256 1255 1267
1268 1256 1267
1257 1256 1268
1269 1257 1268
1258 1257 1269
1270 1258 1269
1259 1258 1270
1271 1259 1270
1260 1259 1271
1272 1260 1271
1261 1260 1272
1273 1261 1272
1262 1261 1273
1274 1262 1273
1263 1262 1274
1275 1263 1274
1264 1263 1275
1277 1265 1276
1266 1265 1277
1278 1266 1277
1267 1266 1278
1279 1267 1278
1268 1267 1279
1280 1268 1279
1269 1268 1280
1281 1269 1280
1270 1269 1281
1282 1270 1281
1271 1270 1282
1283 1271 1282
1272 1271 1283
1284 1272 1283
1273 1272 1284
1285 1273 1284
1274 1273 1285
1286 1274 1285
1275 1274 1286
1287 1276 1317
1277 1276 1287
1288 1277 1287
1278 1277 1288
1289 1278 1288
1279 1278 1289
1290 1279 1289
1280 1279 1290
1291 1280 1290
1281 1280 1291
1292 1281 1291
1282 1281 1292
1293 1282 1292
1283 1282 1293
1294 1283 1293
1284 1283 1294
1295 1284 1294
1285 1284 1295
1296 1285 1295
1286 1285 1296
1297 1287 1317
1298 1287 1297
1288 1287 1298
1299 1288 1298
1289 1288 1299
1300 1289 1299
1290 1289 1300
1301 1290 1300
1291 1290 1301
1302 1291 1301
1292 1291 1302
1303 1292 1302
1293 1292 1303
1304 1293 1303
1294 1293 1304
1305 1294 1304
1295 1294 1305
1306 1295 1305
1296 1295 1306
1307 1297 1317
1308 1297 1307
1298 1297 1308
1309 1298 1308
1299 1298 1309
1310 1299 1309
1300 1299 1310
1311 1300 1310
1301 1300 1311
1312 1301 1311
1302 1301 1312
1313 1302 1312
1303 1302 1313
1314 1303 1313
1304 1303 1314
1315 1304 1314
1305 1304 1315
1316 1305 1315
1306 1305 1316
1318 1307 1317
1319 1307 1318
1308 1307 1319
1321 1309 1320
1310 1309 1321
1322 1310 1321
1311 1310 1322
1323 1311 1322
1312 1311 1323
1326 1314 1325
1315 1314 1326
1327 1315 1326
1316 1315 1327
1328 1330 1329
1328 1344 1330
1342 1344 1328
1346 1330 1344
1330 1331 1329
1346 1331 1330
1347 1331 1346
1347 1332 1331
1348 1332 1347
1348 1333 1332
1350 1333 1348
1333 1350 1334
1351 1334 1350
1352 1334 1351
1334 1352 1335
1353 1335 1352
1353 1336 1335
1353 1337 1336
1353 1354 1337
1355 1337 1354
1355 1338 1337
1356 1338 1355
1356 1339 1338
1356 1357 1339
1358 1339 1357
1358 1340 1339
1359 1340 1358
1359 1341 1340
1360 1341 1359
1362 1343 1361
1344 1342 1345
1343 1345 1342
1362 1345 1343
1363 1345 1362
1364 1345 1363
1345 1346 1344
1364 1346 1345
1365 1346 1364
1365 1347 1346
1400 1347 1365
1400 1348 1347
1349 1348 1400
1349 1350 1348
1398 1349 1400
1398 1350 1349
1396 1350 1398
1396 1351 1350
1394 1351 1396
1351 1392 1352
1394 1392 1351
1390 1352 1392
1352 1390 1353
1367 1353 1390
1354 1353 1367
1354 1367 1355
1369 1355 1367
1355 1369 1356
1357 1369 1371
1356 1369 1357
1358 1371 1375
1357 1371 1358
1359 1375 1379
1358 1375 1359
1360 1379 1383
1359 1379 1360
1416 1362 1361
1419 1362 1416
1418 1362 1419
1417 1362 1418
1417 1363 1362
1417 1364 1363
1423 1364 1417
1404 1364 1423
1404 1365 1364
1403 1365 1404
1403 1400 1365
1366 1415 1436
1372 1415 1366
1441 1372 1366
1376 1372 1441
1438 1436 1435
1441 1436 1438
1366 1436 1441
1367 1390 1388
1386 1367 1388
1368 1367 1386
1369 1367 1368
1384 1368 1386
1370 1368 1384
1370 1369 1368
1371 1369 1370
1373 1415 1372
1384 1415 1373
1374 1384 1373
1370 1384 1374
1375 1370 1374
1371 1370 1375
1377 1372 1376
1373 1372 1377
1378 1373 1377
1374 1373 1378
1379 1374 1378
1375 1374 1379
1380 1441 1440
1376 1441 1380
1381 1376 1380
1377 1376 1381
1382 1377 1381
1378 1377 1382
1383 1378 1382
1379 1378 1383
1384 1385 1415
1387 1384 1386
1385 1384 1387
1389 1386 1388
1387 1386 1389
1391 1388 1390
1389 1388 1391
1393 1390 1392
1391 1390 1393
1395 1392 1394
1393 1392 1395
1397 1394 1396
1395 1394 1397
1399 1396 1398
1397 1396 1399
1401 1398 1400
1399 1398 1401
1402 1400 1403
1401 1400 1402
1403 1405 1402
1403 1404 1405
1423 1405 1404
1407 1405 1423
1407 1406 1405
1408 1407 1423
1406 1408 1409
1407 1408 1406
1424 1408 1423
1424 1409 1408
1424 1410 1409
1425 1410 1424
1411 1425 1426
1410 1425 1411
1412 1426 1427
1411 1426 1412
1428 1412 1427
1428 1413 1412
1436 1413 1428
1436 1414 1413
1436 1415 1414
1419 1416 1420
1423 1417 1418
1421 1418 1419
1422 1418 1421
1422 1423 1418
1429 1423 1422
1420 1421 1419
1442 1421 1420
1443 1421 1442
1448 1421 1443
1429 1421 1448
1422 1421 1429
1424 1429 1430
1423 1429 1424
1424 1430 1431
1425 1431 1432
1424 1431 1425
1426 1432 1433
1425 1432 1426
1434 1426 1433
1427 1426 1434
1435 1427 1434
1428 1427 1435
1436 1428 1435
1430 1429 1448
1448 1431 1430
1455 1431 1448
1432 1431 1455
1433 1455 1463
1432 1455 1433
1434 1463 1471
1433 1463 1434
1435 1434 1471
1486 1435 1471
1437 1435 1486
1438 1435 1437
1485 1437 1486
1485 1438 1437
1439 1438 1485
1439 1441 1438
1440 1441 1439
1444 1443 1442
1446 1443 1444
1445 1446 1444
1446 1448 1443
1447 1448 1446
1450 1445 1444
1451 1445 1450
1453 1445 1451
1453 1446 1445
1447 1446 1453
1449 1447 1453
1449 1448 1447
1455 1448 1449
1452 1451 1450
1461 1449 1453
1454 1449 1461
1454 1455 1449
1456 1452 1450
1457 1452 1456
1458 1452 1457
1452 1453 1451
1458 1453 1452
1459 1453 1458
1460 1453 1459
1460 1461 1453
1462 1454 1461
1462 1455 1454
1463 1455 1462
1465 1456 1464
1457 1456 1465
1466 1457 1465
1458 1457 1466
1467 1458 1466
1459 1458 1467
1468 1459 1467
1460 1459 1468
1469 1460 1468
1461 1460 1469
1470 1461 1469
1462 1461 1470
1471 1462 1470
1463 1462 1471
1474 1464 1472
1465 1464 1474
1476 1465 1474
1466 1465 1476
1477 1466 1476
1467 1466 1477
1479 1467 1477
1468 1467 1479
1481 1468 1479
1469 1468 1481
1483 1469 1481
1470 1469 1483
1486 1470 1483
1471 1470 1486
1473 1474 1472
1475 1474 1473
1475 1476 1474
1478 1476 1475
1478 1477 1476
1478 1479 1477
1480 1479 1478
1480 1481 1479
1482 1481 1480
1482 1483 1481
1484 1483 1482
1484 1486 1483
1485 1486 1484
