3 2
505
11 25 -0.000308
11.5 23 -0.000322
12 25 -0.000336
12 20 -0.000336
11 20 -0.000308
10.8141 24.8 1.36583
11.3101 22.8 1.42848
11.8062 24.8 1.49114
11.8062 19.8 1.49114
10.8141 19.8 1.36583
10.4608 24.6 2.68556
10.9451 22.6 2.80989
11.4294 24.6 2.93422
11.4294 19.6 2.93422
10.4608 19.6 2.68556
9.94872 24.4 3.93866
10.4136 22.4 4.1227
10.8785 24.4 4.30675
10.8785 19.4 4.30675
9.94872 19.4 3.93866
9.28899 24.2 5.10633
9.72715 22.2 5.3472
10.1653 24.2 5.58806
10.1653 19.2 5.58806
9.28899 19.2 5.10633
8.49485 24 6.17151
8.89937 22 6.46539
9.30388 24 6.75927
9.30388 19 6.75927
8.49485 19 6.17151
7.58147 23.8 7.11908
7.94596 21.8 7.46134
8.31046 23.8 7.80361
8.31046 18.8 7.80361
7.58147 18.8 7.11908
6.56569 23.6 7.9361
6.88441 21.6 8.32135
7.20313 23.6 8.7066
7.20313 18.6 8.7066
6.56569 18.6 7.9361
5.46567 23.4 8.61199
5.7336 21.4 9.03415
6.00152 23.4 9.45631
6.00152 18.4 9.45631
5.46567 18.4 8.61199
4.30062 23.2 9.13863
4.51353 21.2 9.59104
4.72643 23.2 10.0435
4.72643 18.2 10.0435
4.30062 18.2 9.13863
3.09043 23 9.51048
3.24495 21 9.986
3.39947 23 10.4615
3.39947 18 10.4615
3.09043 18 9.51048
1.85534 22.8 9.72459
1.94905 20.8 10.2157
2.04275 22.8 10.7069
2.04275 17.8 10.7069
1.85534 17.8 9.72459
0.615615 22.6 9.78065
0.647024 20.6 10.2797
0.678433 22.6 10.7787
0.678433 17.6 10.7787
0.615615 17.6 9.78065
-0.608803 22.4 9.68087
-0.640185 20.4 10.1799
-0.671567 22.4 10.6789
-0.671567 17.4 10.6789
-0.608803 17.4 9.68087
-1.7986 22.2 9.43001
-1.89228 20.2 9.92115
-1.98596 22.2 10.4123
-1.98596 17.2 10.4123
-1.7986 17.2 9.43001
-2.93542 22 9.03512
-3.08991 20 9.51065
-3.24441 22 9.98618
-3.24441 17 9.98618
-2.93542 17 9.03512
-4.00209 21.8 8.50548
-4.21497 19.8 8.9579
-4.42785 21.8 9.41032
-4.42785 16.8 9.41032
-4.00209 16.8 8.50548
-4.98298 21.6 7.85239
-5.25088 19.6 8.27456
-5.51878 21.6 8.69673
-5.51878 16.6 8.69673
-4.98298 16.6 7.85239
-5.86411 21.4 7.08888
-6.18281 19.4 7.47415
-6.50151 21.4 7.85941
-6.50151 16.4 7.85941
-5.86411 16.4 7.08888
-6.63345 21.2 6.22956
-6.99792 19.2 6.57184
-7.3624 21.2 6.91413
-7.3624 16.2 6.91413
-6.63345 16.2 6.22956
-7.28101 21 5.29026
-7.68551 19 5.58417
-8.09001 21 5.87807
-8.09001 16 5.87807
-7.28101 16 5.29026
-7.79901 20.8 4.28782
-8.23716 18.8 4.52871
-8.67531 20.8 4.7696
-8.67531 15.8 4.7696
-7.79901 15.8 4.28782
-8.18195 20.6 3.23972
-8.64683 18.6 3.42379
-9.11171 20.6 3.60787
-9.11171 15.6 3.60787
-8.18195 15.6 3.23972
-8.42662 20.4 2.16383
-8.9109 18.4 2.28819
-9.39519 20.4 2.41254
-9.39519 15.4 2.41254
-8.42662 15.4 2.16383
-8.53216 20.2 1.07809
-9.02821 18.2 1.14077
-9.52427 20.2 1.20345
-9.52427 15.2 1.20345
-8.53216 15.2 1.07809
-8.5 20 0.000227
-9 18 0.000241
-9.5 20 0.000254
-9.5 15 0.000254
-8.5 15 0.000227
-8.33379 19.8 -1.05258
-8.82985 17.8 -1.11523
-9.32591 19.8 -1.17788
-9.32591 14.8 -1.17788
-8.33379 14.8 -1.05258
-8.0393 19.6 -2.06391
-8.52359 17.6 -2.18824
-9.00788 19.6 -2.31258
-9.00788 14.6 -2.31258
-8.0393 14.6 -2.06391
-7.62425 19.4 -3.01842
-8.08914 17.4 -3.20247
-8.55403 19.4 -3.38652
-8.55403 14.4 -3.38652
-7.62425 14.4 -3.01842
-7.09819 19.2 -3.90202
-7.53635 17.2 -4.14288
-7.97451 19.2 -4.38375
-7.97451 14.2 -4.38375
-7.09819 14.2 -3.90202
-6.47226 19 -4.70211
-6.87678 17 -4.99599
-7.28129 19 -5.28987
-7.28129 14 -5.28987
-6.47226 14 -4.70211
-5.759 18.8 -5.40777
-6.12349 16.8 -5.75003
-6.48798 18.8 -6.0923
-6.48798 13.8 -6.0923
-5.759 13.8 -5.40777
-4.97207 18.6 -6.00987
-5.29079 16.6 -6.39512
-5.60951 18.6 -6.78037
-5.60951 13.6 -6.78037
-4.97207 13.6 -6.00987
-4.12604 18.4 -6.50122
-4.39396 16.4 -6.92337
-4.66189 18.4 -7.34553
-4.66189 13.4 -7.34553
-4.12604 13.4 -6.50122
-3.2361 18.2 -6.8766
-3.449 16.2 -7.32901
-3.66191 18.2 -7.78142
-3.66191 13.2 -7.78142
-3.2361 13.2 -6.8766
-2.31781 18 -7.13286
-2.47234 16 -7.60839
-2.62686 18 -8.08391
-2.62686 13 -8.08391
-2.31781 13 -7.13286
-1.38681 17.8 -7.26889
-1.48052 15.8 -7.76003
-1.57422 17.8 -8.25117
-1.57422 12.8 -8.25117
-1.38681 12.8 -7.26889
-0.458558 17.6 -7.28558
-0.489966 15.6 -7.7846
-0.521374 17.6 -8.28361
-0.521374 12.6 -8.28361
-0.458558 12.6 -7.28558
0.451911 17.4 -7.1858
0.483294 15.4 -7.68482
0.514677 17.4 -8.18383
0.514677 12.4 -8.18383
0.451911 12.4 -7.1858
1.33024 17.2 -6.97427
1.42391 15.2 -7.46542
1.51759 17.2 -7.95656
1.51759 12.2 -7.95656
1.33024 12.2 -6.97427
2.16296 17 -6.65745
2.31746 15 -7.13298
2.47195 17 -7.60851
2.47195 12 -7.60851
2.16296 12 -6.65745
2.93773 16.8 -6.24338
3.15061 14.8 -6.69579
3.36349 16.8 -7.14821
3.36349 11.8 -7.14821
2.93773 11.8 -6.24338
3.64349 16.6 -5.74151
3.91139 14.6 -6.16368
4.1793 16.6 -6.58585
4.1793 11.6 -6.58585
3.64349 11.6 -5.74151
4.27063 16.4 -5.16253
4.58933 14.4 -5.5478
4.90803 16.4 -5.93306
4.90803 11.4 -5.93306
4.27063 11.4 -5.16253
4.81109 16.2 -4.51812
5.17557 14.2 -4.8604
5.54005 16.2 -5.20268
5.54005 11.2 -5.20268
4.81109 11.2 -4.51812
5.25853 16 -3.82072
5.66303 14 -4.11462
6.06753 16 -4.40852
6.06753 11 -4.40852
5.25853 11 -3.82072
5.6083 15.8 -3.08334
6.04645 13.8 -3.32423
6.4846 15.8 -3.56511
6.4846 10.8 -3.56511
5.6083 10.8 -3.08334
5.85754 15.6 -2.3193
6.32243 13.6 -2.50338
6.78731 15.6 -2.68745
6.78731 10.6 -2.68745
5.85754 10.6 -2.3193
6.00519 15.4 -1.542
6.48947 13.4 -1.66635
6.97376 15.4 -1.79071
6.97376 10.4 -1.79071
6.00519 10.4 -1.542
6.05188 15.2 -0.76465
6.54794 13.2 -0.827326
7.044 15.2 -0.890002
7.044 10.2 -0.890002
6.05188 10.2 -0.76465
6 15 -0.000113
6.5 13 -0.000122
7 15 -0.000131
7 10 -0.000131
6 10 -0.000113
5.85349 14.8 0.739359
6.34955 12.8 0.802017
6.84561 14.8 0.864674
6.84561 9.8 0.864674
5.85349 9.8 0.739359
5.61781 14.6 1.4423
6.1021 12.6 1.56664
6.5864 14.6 1.69097
6.5864 9.6 1.69097
5.61781 9.6 1.4423
5.29976 14.4 2.09822
5.76465 12.4 2.28227
6.22955 14.4 2.46633
6.22955 9.4 2.46633
5.29976 9.4 2.09822
4.90736 14.2 2.69774
5.34552 12.2 2.93861
5.78368 14.2 3.17948
5.78368 9.2 3.17948
4.90736 9.2 2.69774
4.44965 14 3.23275
4.85416 12 3.52663
5.25867 14 3.82052
5.25867 9 3.82052
4.44965 9 3.23275
3.93649 13.8 3.69649
4.30098 11.8 4.03876
4.66547 13.8 4.38103
4.66547 8.8 4.38103
3.93649 8.8 3.69649
3.37841 13.6 4.08367
3.69713 11.6 4.46892
4.01584 13.6 4.85417
4.01584 8.6 4.85417
3.37841 8.6 4.08367
2.78636 13.4 4.39046
3.05428 11.4 4.81262
3.3222 13.4 5.23479
3.3222 8.4 5.23479
2.78636 8.4 4.39046
2.17154 13.2 4.61459
2.38443 11.2 5.067
2.59733 13.2 5.51941
2.59733 8.2 5.51941
2.17154 8.2 4.61459
1.54515 13 4.75526
1.69966 11 5.23079
1.85418 13 5.70631
1.85418 8 5.70631
1.54515 8 4.75526
0.918231 12.8 4.8132
1.01193 10.8 5.30434
1.10562 12.8 5.79548
1.10562 7.8 5.79548
0.918231 7.8 4.8132
0.301454 12.6 4.79052
0.332856 10.6 5.28954
0.364257 12.6 5.78855
0.364257 7.6 5.78855
0.301454 7.6 4.79052
-0.29506 12.4 4.69073
-0.326449 10.4 5.18974
-0.357838 12.4 5.68876
-0.357838 7.4 5.68876
-0.29506 7.4 4.69073
-0.861903 12.2 4.51853
-0.955588 10.2 5.00968
-1.04927 12.2 5.50082
-1.04927 7.2 5.50082
-0.861903 7.2 4.51853
-1.39053 12 4.27977
-1.54503 10 4.7553
-1.69954 12 5.23083
-1.69954 7 5.23083
-1.39053 7 4.27977
-1.87339 11.8 3.98126
-2.08627 9.8 4.43367
-2.29916 11.8 4.88609
-2.29916 6.8 4.88609
-1.87339 6.8 3.98126
-2.30402 11.6 3.63063
-2.57193 9.6 4.0528
-2.83984 11.6 4.47497
-2.83984 6.6 4.47497
-2.30402 6.6 3.63063
-2.67715 11.4 3.23618
-2.99586 9.4 3.62144
-3.31457 11.4 4.0067
-3.31457 6.4 4.0067
-2.67715 6.4 3.23618
-2.98875 11.2 2.80667
-3.35323 9.2 3.14895
-3.71771 11.2 3.49122
-3.71771 6.2 3.49122
-2.98875 6.2 2.80667
-3.23605 11 2.35117
-3.64055 9 2.64507
-4.04506 11 2.93896
-4.04506 6 2.93896
-3.23605 6 2.35117
-3.41758 10.8 1.87887
-3.85573 8.8 2.11975
-4.29388 10.8 2.36063
-4.29388 5.8 2.36063
-3.41758 5.8 1.87887
-3.53314 10.6 1.3989
-3.99803 8.6 1.58297
-4.46291 10.6 1.76703
-4.46291 5.6 1.76703
-3.53314 5.6 1.3989
-3.58375 10.4 0.920181
-4.06804 8.4 1.04453
-4.55233 10.4 1.16888
-4.55233 5.4 1.16888
-3.58375 5.4 0.920181
-3.57161 10.2 0.451227
-4.06767 8.2 0.513897
-4.56372 10.2 0.576567
-4.56372 5.2 0.576567
-3.57161 5.2 0.451227
-3.5 10 2.5e-005
-4 8 2.9e-005
-4.5 10 3.3e-005
-4.5 5 3.3e-005
-3.5 5 2.5e-005
-3.37319 9.8 -0.42611
-3.86925 7.8 -0.488773
-4.36531 9.8 -0.551436
-4.36531 4.8 -0.551436
-3.37319 4.8 -0.42611
-3.19633 9.6 -0.820655
-3.68062 7.6 -0.944997
-4.16492 9.6 -1.06934
-4.16492 4.6 -1.06934
-3.19633 4.6 -0.820655
-2.97529 9.4 -1.17798
-3.44018 7.4 -1.36204
-3.90507 9.4 -1.5461
-3.90507 4.4 -1.5461
-2.97529 4.4 -1.17798
-2.71656 9.2 -1.49342
-3.15471 7.2 -1.73429
-3.59287 9.2 -1.97517
-3.59287 4.2 -1.97517
-2.71656 4.2 -1.49342
-2.42706 9 -1.76334
-2.83157 7 -2.05723
-3.23608 9 -2.35112
-3.23608 4 -2.35112
-2.42706 4 -1.76334
-2.11402 8.8 -1.98518
-2.47851 6.8 -2.32745
-2.84299 8.8 -2.66972
-2.84299 3.8 -2.66972
-2.11402 3.8 -1.98518
-1.7848 8.6 -2.15743
-2.10351 6.6 -2.54268
-2.42223 8.6 -2.92794
-2.42223 3.6 -2.92794
-1.7848 3.6 -2.15743
-1.44674 8.4 -2.27968
-1.71466 6.4 -2.70184
-1.98257 8.4 -3.124
-1.98257 3.4 -3.124
-1.44674 3.4 -2.27968
-1.10704 8.2 -2.35255
-1.31993 6.2 -2.80496
-1.53282 8.2 -3.25737
-1.53282 3.2 -3.25737
-1.10704 3.2 -2.35255
-0.772553 8 -2.37764
-0.927063 6 -2.85317
-1.08157 8 -3.32869
-1.08157 3 -3.32869
-0.772553 3 -2.37764
-0.449725 7.8 -2.35749
-0.543417 5.8 -2.84863
-0.63711 7.8 -3.33977
-0.63711 2.8 -3.33977
-0.449725 2.8 -2.35749
-0.144427 7.6 -2.29546
-0.175824 5.6 -2.79447
-0.207221 7.6 -3.29349
-0.207221 2.6 -3.29349
-0.144427 2.6 -2.29546
0.138132 7.4 -2.19566
0.169525 5.4 -2.69467
0.200919 7.4 -3.19369
0.200919 2.4 -3.19369
0.138132 2.4 -2.19566
0.393494 7.2 -2.0628
0.487183 5.2 -2.55395
0.580872 7.2 -3.04509
0.580872 2.2 -3.04509
0.393494 2.2 -2.0628
0.618028 7 -1.90211
0.772536 5 -2.37764
0.927043 7 -2.85317
0.927043 2 -2.85317
0.618028 2 -1.90211
0.808976 6.8 -1.71917
1.02186 4.8 -2.17159
1.23475 6.8 -2.624
1.23475 1.8 -2.624
0.808976 1.8 -1.71917
0.964485 6.6 -1.51979
1.2324 4.6 -1.94196
1.50031 6.6 -2.36412
1.50031 1.6 -2.36412
0.964485 1.6 -1.51979
1.08362 6.4 -1.30987
1.40233 4.4 -1.69513
1.72104 6.4 -2.08039
1.72104 1.4 -2.08039
1.08362 1.4 -1.30987
1.16635 6.2 -1.09528
1.53083 4.2 -1.43755
1.89532 6.2 -1.77983
1.89532 1.2 -1.77983
1.16635 1.2 -1.09528
1.21352 6 -0.88168
1.61803 4 -1.17557
2.02254 6 -1.46947
2.02254 1 -1.46947
1.21352 1 -0.88168
1.22683 5.8 -0.674457
1.66498 3.8 -0.915334
2.10313 5.8 -1.15621
2.10313 0.8 -1.15621
1.22683 0.8 -0.674457
1.20871 5.6 -0.478563
1.6736 3.6 -0.662626
2.13849 5.6 -0.846688
2.13849 0.6 -0.846688
1.20871 0.6 -0.478563
1.1623 5.4 -0.298429
1.64659 3.4 -0.422774
2.13088 5.4 -0.547119
2.13088 0.4 -0.547119
1.1623 0.4 -0.298429
1.09133 5.2 -0.137867
1.58738 3.2 -0.200534
2.08344 5.2 -0.2632
2.08344 0.2 -0.2632
1.09133 0.2 -0.137867
1 5 0
1.5 3 0
2 5 0
2 0 0
1 0 0
1000
4 5 0
9 5 4
0 6 1
5 6 0
1 7 2
6 7 1
2 8 3
7 8 2
3 9 4
8 9 3
9 10 5
14 10 9
5 11 6
10 11 5
6 12 7
11 12 6
7 13 8
12 13 7
8 14 9
13 14 8
14 15 10
19 15 14
10 16 11
15 16 10
11 17 12
16 17 11
12 18 13
17 18 12
13 19 14
18 19 13
19 20 15
24 20 19
15 21 16
20 21 15
16 22 17
21 22 16
17 23 18
22 23 17
18 24 19
23 24 18
24 25 20
29 25 24
20 26 21
25 26 20
21 27 22
26 27 21
22 28 23
27 28 22
23 29 24
28 29 23
29 30 25
34 30 29
25 31 26
30 31 25
26 32 27
31 32 26
27 33 28
32 33 27
28 34 29
33 34 28
34 35 30
39 35 34
30 36 31
35 36 30
31 37 32
36 37 31
32 38 33
37 38 32
33 39 34
38 39 33
39 40 35
44 40 39
35 41 36
40 41 35
36 42 37
41 42 36
37 43 38
42 43 37
38 44 39
43 44 38
44 45 40
49 45 44
40 46 41
45 46 40
41 47 42
46 47 41
42 48 43
47 48 42
43 49 44
48 49 43
49 50 45
54 50 49
45 51 46
50 51 45
46 52 47
51 52 46
47 53 48
52 53 47
48 54 49
53 54 48
54 55 50
59 55 54
50 56 51
55 56 50
51 57 52
56 57 51
52 58 53
57 58 52
53 59 54
58 59 53
59 60 55
64 60 59
55 61 56
60 61 55
56 62 57
61 62 56
57 63 58
62 63 57
58 64 59
63 64 58
64 65 60
69 65 64
60 66 61
65 66 60
61 67 62
66 67 61
62 68 63
67 68 62
63 69 64
68 69 63
69 70 65
74 70 69
65 71 66
70 71 65
66 72 67
71 72 66
67 73 68
72 73 67
68 74 69
73 74 68
74 75 70
79 75 74
70 76 71
75 76 70
71 77 72
76 77 71
72 78 73
77 78 72
73 79 74
78 79 73
79 80 75
84 80 79
75 81 76
80 81 75
76 82 77
81 82 76
77 83 78
82 83 77
78 84 79
83 84 78
84 85 80
89 85 84
80 86 81
85 86 80
81 87 82
86 87 81
82 88 83
87 88 82
83 89 84
88 89 83
89 90 85
94 90 89
85 91 86
90 91 85
86 92 87
91 92 86
87 93 88
92 93 87
88 94 89
93 94 88
94 95 90
99 95 94
90 96 91
95 96 90
91 97 92
96 97 91
92 98 93
97 98 92
93 99 94
98 99 93
99 100 95
104 100 99
95 101 96
100 101 95
96 102 97
101 102 96
97 103 98
102 103 97
98 104 99
103 104 98
104 105 100
109 105 104
100 106 101
105 106 100
101 107 102
106 107 101
102 108 103
107 108 102
103 109 104
108 109 103
109 110 105
114 110 109
105 111 106
110 111 105
106 112 107
111 112 106
107 113 108
112 113 107
108 114 109
113 114 108
114 115 110
119 115 114
110 116 111
115 116 110
111 117 112
116 117 111
112 118 113
117 118 112
113 119 114
118 119 113
119 120 115
124 120 119
115 121 116
120 121 115
116 122 117
121 122 116
117 123 118
122 123 117
118 124 119
123 124 118
124 125 120
129 125 124
120 126 121
125 126 120
121 127 122
126 127 121
122 128 123
127 128 122
123 129 124
128 129 123
129 130 125
134 130 129
125 131 126
130 131 125
126 132 127
131 132 126
127 133 128
132 133 127
128 134 129
133 134 128
134 135 130
139 135 134
130 136 131
135 136 130
131 137 132
136 137 131
132 138 133
137 138 132
133 139 134
138 139 133
139 140 135
144 140 139
135 141 136
140 141 135
136 142 137
141 142 136
137 143 138
142 143 137
138 144 139
143 144 138
144 145 140
149 145 144
140 146 141
145 146 140
141 147 142
146 147 141
142 148 143
147 148 142
143 149 144
148 149 143
149 150 145
154 150 149
145 151 146
150 151 145
146 152 147
151 152 146
147 153 148
152 153 147
148 154 149
153 154 148
154 155 150
159 155 154
150 156 151
155 156 150
151 157 152
156 157 151
152 158 153
157 158 152
153 159 154
158 159 153
159 160 155
164 160 159
155 161 156
160 161 155
156 162 157
161 162 156
157 163 158
162 163 157
158 164 159
163 164 158
164 165 160
169 165 164
160 166 161
165 166 160
161 167 162
166 167 161
162 168 163
167 168 162
163 169 164
168 169 163
169 170 165
174 170 169
165 171 166
170 171 165
166 172 167
171 172 166
167 173 168
172 173 167
168 174 169
173 174 168
174 175 170
179 175 174
170 176 171
175 176 170
171 177 172
176 177 171
172 178 173
177 178 172
173 179 174
178 179 173
179 180 175
184 180 179
175 181 176
180 181 175
176 182 177
181 182 176
177 183 178
182 183 177
178 184 179
183 184 178
184 185 180
189 185 184
180 186 181
185 186 180
181 187 182
186 187 181
182 188 183
187 188 182
183 189 184
188 189 183
189 190 185
194 190 189
185 191 186
190 191 185
186 192 187
191 192 186
187 193 188
192 193 187
188 194 189
193 194 188
194 195 190
199 195 194
190 196 191
195 196 190
191 197 192
196 197 191
192 198 193
197 198 192
193 199 194
198 199 193
199 200 195
204 200 199
195 201 196
200 201 195
196 202 197
201 202 196
197 203 198
202 203 197
198 204 199
203 204 198
204 205 200
209 205 204
200 206 201
205 206 200
201 207 202
206 207 201
202 208 203
207 208 202
203 209 204
208 209 203
209 210 205
214 210 209
205 211 206
210 211 205
206 212 207
211 212 206
207 213 208
212 213 207
208 214 209
213 214 208
214 215 210
219 215 214
210 216 211
215 216 210
211 217 212
216 217 211
212 218 213
217 218 212
213 219 214
218 219 213
219 220 215
224 220 219
215 221 216
220 221 215
216 222 217
221 222 216
217 223 218
222 223 217
218 224 219
223 224 218
224 225 220
229 225 224
220 226 221
225 226 220
221 227 222
226 227 221
222 228 223
227 228 222
223 229 224
228 229 223
229 230 225
234 230 229
225 231 226
230 231 225
226 232 227
231 232 226
227 233 228
232 233 227
228 234 229
233 234 228
234 235 230
239 235 234
230 236 231
235 236 230
231 237 232
236 237 231
232 238 233
237 238 232
233 239 234
238 239 233
239 240 235
244 240 239
235 241 236
240 241 235
236 242 237
241 242 236
237 243 238
242 243 237
238 244 239
243 244 238
244 245 240
249 245 244
240 246 241
245 246 240
241 247 242
246 247 241
242 248 243
247 248 242
243 249 244
248 249 243
249 250 245
254 250 249
245 251 246
250 251 245
246 252 247
251 252 246
247 253 248
252 253 247
248 254 249
253 254 248
254 255 250
259 255 254
250 256 251
255 256 250
251 257 252
256 257 251
252 258 253
257 258 252
253 259 254
258 259 253
259 260 255
264 260 259
255 261 256
260 261 255
256 262 257
261 262 256
257 263 258
262 263 257
258 264 259
263 264 258
264 265 260
269 265 264
260 266 261
265 266 260
261 267 262
266 267 261
262 268 263
267 268 262
263 269 264
268 269 263
269 270 265
274 270 269
265 271 266
270 271 265
266 272 267
271 272 266
267 273 268
272 273 267
268 274 269
273 274 268
274 275 270
279 275 274
270 276 271
275 276 270
271 277 272
276 277 271
272 278 273
277 278 272
273 279 274
278 279 273
279 280 275
284 280 279
275 281 276
280 281 275
276 282 277
281 282 276
277 283 278
282 283 277
278 284 279
283 284 278
284 285 280
289 285 284
280 286 281
285 286 280
281 287 282
286 287 281
282 288 283
287 288 282
283 289 284
288 289 283
289 290 285
294 290 289
285 291 286
290 291 285
286 292 287
291 292 286
287 293 288
292 293 287
288 294 289
293 294 288
294 295 290
299 295 294
290 296 291
295 296 290
291 297 292
296 297 291
292 298 293
297 298 292
293 299 294
298 299 293
299 300 295
304 300 299
295 301 296
300 301 295
296 302 297
301 302 296
297 303 298
302 303 297
298 304 299
303 304 298
304 305 300
309 305 304
300 306 301
305 306 300
301 307 302
306 307 301
302 308 303
307 308 302
303 309 304
308 309 303
309 310 305
314 310 309
305 311 306
310 311 305
306 312 307
311 312 306
307 313 308
312 313 307
308 314 309
313 314 308
314 315 310
319 315 314
310 316 311
315 316 310
311 317 312
316 317 311
312 318 313
317 318 312
313 319 314
318 319 313
319 320 315
324 320 319
315 321 316
320 321 315
316 322 317
321 322 316
317 323 318
322 323 317
318 324 319
323 324 318
324 325 320
329 325 324
320 326 321
325 326 320
321 327 322
326 327 321
322 328 323
327 328 322
323 329 324
328 329 323
329 330 325
334 330 329
325 331 326
330 331 325
326 332 327
331 332 326
327 333 328
332 333 327
328 334 329
333 334 328
334 335 330
339 335 334
330 336 331
335 336 330
331 337 332
336 337 331
332 338 333
337 338 332
333 339 334
338 339 333
339 340 335
344 340 339
335 341 336
340 341 335
336 342 337
341 342 336
337 343 338
342 343 337
338 344 339
343 344 338
344 345 340
349 345 344
340 346 341
345 346 340
341 347 342
346 347 341
342 348 343
347 348 342
343 349 344
348 349 343
349 350 345
354 350 349
345 351 346
350 351 345
346 352 347
351 352 346
347 353 348
352 353 347
348 354 349
353 354 348
354 355 350
359 355 354
350 356 351
355 356 350
351 357 352
356 357 351
352 358 353
357 358 352
353 359 354
358 359 353
359 360 355
364 360 359
355 361 356
360 361 355
356 362 357
361 362 356
357 363 358
362 363 357
358 364 359
363 364 358
364 365 360
369 365 364
360 366 361
365 366 360
361 367 362
366 367 361
362 368 363
367 368 362
363 369 364
368 369 363
369 370 365
374 370 369
365 371 366
370 371 365
366 372 367
371 372 366
367 373 368
372 373 367
368 374 369
373 374 368
374 375 370
379 375 374
370 376 371
375 376 370
371 377 372
376 377 371
372 378 373
377 378 372
373 379 374
378 379 373
379 380 375
384 380 379
375 381 376
380 381 375
376 382 377
381 382 376
377 383 378
382 383 377
378 384 379
383 384 378
384 385 380
389 385 384
380 386 381
385 386 380
381 387 382
386 387 381
382 388 383
387 388 382
383 389 384
388 389 383
389 390 385
394 390 389
385 391 386
390 391 385
386 392 387
391 392 386
387 393 388
392 393 387
388 394 389
393 394 388
394 395 390
399 395 394
390 396 391
395 396 390
391 397 392
396 397 391
392 398 393
397 398 392
393 399 394
398 399 393
399 400 395
404 400 399
395 401 396
400 401 395
396 402 397
401 402 396
397 403 398
402 403 397
398 404 399
403 404 398
404 405 400
409 405 404
400 406 401
405 406 400
401 407 402
406 407 401
402 408 403
407 408 402
403 409 404
408 409 403
409 410 405
414 410 409
405 411 406
410 411 405
406 412 407
411 412 406
407 413 408
412 413 407
408 414 409
413 414 408
414 415 410
419 415 414
410 416 411
415 416 410
411 417 412
416 417 411
412 418 413
417 418 412
413 419 414
418 419 413
419 420 415
424 420 419
415 421 416
420 421 415
416 422 417
421 422 416
417 423 418
422 423 417
418 424 419
423 424 418
424 425 420
429 425 424
420 426 421
425 426 420
421 427 422
426 427 421
422 428 423
427 428 422
423 429 424
428 429 423
429 430 425
434 430 429
425 431 426
430 431 425
426 432 427
431 432 426
427 433 428
432 433 427
428 434 429
433 434 428
434 435 430
439 435 434
430 436 431
435 436 430
431 437 432
436 437 431
432 438 433
437 438 432
433 439 434
438 439 433
439 440 435
444 440 439
435 441 436
440 441 435
436 442 437
441 442 436
437 443 438
442 443 437
438 444 439
443 444 438
444 445 440
449 445 444
440 446 441
445 446 440
441 447 442
446 447 441
442 448 443
447 448 442
443 449 444
448 449 443
449 450 445
454 450 449
445 451 446
450 451 445
446 452 447
451 452 446
447 453 448
452 453 447
448 454 449
453 454 448
454 455 450
459 455 454
450 456 451
455 456 450
451 457 452
456 457 451
452 458 453
457 458 452
453 459 454
458 459 453
459 460 455
464 460 459
455 461 456
460 461 455
456 462 457
461 462 456
457 463 458
462 463 457
458 464 459
463 464 458
464 465 460
469 465 464
460 466 461
465 466 460
461 467 462
466 467 461
462 468 463
467 468 462
463 469 464
468 469 463
469 470 465
474 470 469
465 471 466
470 471 465
466 472 467
471 472 466
467 473 468
472 473 467
468 474 469
473 474 468
474 475 470
479 475 474
470 476 471
475 476 470
471 477 472
476 477 471
472 478 473
477 478 472
473 479 474
478 479 473
479 480 475
484 480 479
475 481 476
480 481 475
476 482 477
481 482 476
477 483 478
482 483 477
478 484 479
483 484 478
484 485 480
489 485 484
480 486 481
485 486 480
481 487 482
486 487 481
482 488 483
487 488 482
483 489 484
488 489 483
489 490 485
494 490 489
485 491 486
490 491 485
486 492 487
491 492 486
487 493 488
492 493 487
488 494 489
493 494 488
494 495 490
499 495 494
490 496 491
495 496 490
491 497 492
496 497 491
492 498 493
497 498 492
493 499 494
498 499 493
499 500 495
504 500 499
495 501 496
500 501 495
496 502 497
501 502 496
497 503 498
502 503 497
498 504 499
503 504 498
