3 2
226
0.0184074 0.354329 -0.024123
0.34662 0.338337 -0.0333459
0.619946 0.233133 -0.0410264
0.802164 0.111095 -0.0461463
0.945962 0 -0.0501877
0.933888 -0.0967886 -0.0498478
0.876808 -0.16496 -0.0482442
0.666049 -0.144762 -0.0423219
0.320274 -0.0875299 -0.032606
0.10293 -0.131295 -0.0264984
0.0974423 -0.305513 -0.0263437
0.234654 -0.600927 -0.0301999
0.307102 -0.806286 -0.0322353
0.243436 -0.877825 -0.0304465
0.150131 -0.8854 -0.0278245
0.0184074 -0.881192 -0.024123
0.295122 0.338337 0.103678
0.525565 0.233133 0.210107
0.679193 0.111095 0.28106
0.80043 0 0.337053
0.790249 -0.0967886 0.332351
0.742125 -0.16496 0.310125
0.564434 -0.144762 0.228059
0.272911 -0.0875299 0.0934197
0.0896685 -0.131295 0.00878897
0.0850418 -0.305513 0.00665224
0.200725 -0.600927 0.0600799
0.261806 -0.806286 0.0882906
0.208128 -0.877825 0.0635003
0.129464 -0.8854 0.0271679
0.208881 0.338337 0.165273
0.367504 0.233133 0.322996
0.473253 0.111095 0.428146
0.556706 0 0.511125
0.549698 -0.0967886 0.504157
0.516572 -0.16496 0.471219
0.39426 -0.144762 0.3496
0.193592 -0.0875299 0.15007
0.0674588 -0.131295 0.0246511
0.0642744 -0.305513 0.021484
0.143904 -0.600927 0.100663
0.185948 -0.806286 0.142468
0.149 -0.877825 0.10573
0.0948524 -0.8854 0.0518889
0.103718 0.338337 0.27331
0.174762 0.233133 0.521005
0.222124 0.111095 0.686136
0.259502 0 0.816448
0.256363 -0.0967886 0.805506
0.241527 -0.16496 0.753779
0.186745 -0.144762 0.562785
0.0968705 -0.0875299 0.249435
0.0403771 -0.131295 0.0524739
0.0389509 -0.305513 0.0474993
0.0746154 -0.600927 0.171844
0.0934461 -0.806286 0.237499
0.0768974 -0.877825 0.179803
0.0526457 -0.8854 0.0952486
0.0184074 0.338337 0.338198
0.0184074 0.233133 0.639931
0.0184074 0.111095 0.841086
0.0184074 0 0.99983
0.0184074 -0.0967886 0.9865
0.0184074 -0.16496 0.923487
0.0184074 -0.144762 0.690826
0.0184074 -0.0875299 0.309116
0.0184074 -0.131295 0.0691839
0.0184074 -0.305513 0.0631256
0.0184074 -0.600927 0.214597
0.0184074 -0.806286 0.294575
0.0184074 -0.877825 0.224292
0.0184074 -0.8854 0.12129
-0.11218 0.338337 0.310618
-0.22093 0.233133 0.589383
-0.29343 0.111095 0.775226
-0.350644 0 0.921885
-0.34584 -0.0967886 0.909571
-0.323129 -0.16496 0.851354
-0.239273 -0.144762 0.636403
-0.101699 -0.0875299 0.28375
-0.0152218 -0.131295 0.0620819
-0.0130384 -0.305513 0.0564835
-0.0676323 -0.600927 0.196425
-0.0964574 -0.806286 0.270315
-0.0711259 -0.877825 0.205383
-0.0340018 -0.8854 0.110222
-0.196264 0.338337 0.216986
-0.375037 0.233133 0.417774
-0.494219 0.111095 0.551634
-0.588273 0 0.657271
-0.580376 -0.0967886 0.648401
-0.543042 -0.16496 0.606469
-0.405193 -0.144762 0.451643
-0.179033 -0.0875299 0.197633
-0.0368757 -0.131295 0.0379687
-0.033286 -0.305513 0.0339365
-0.123031 -0.600927 0.134735
-0.170418 -0.806286 0.187956
-0.128775 -0.877825 0.141186
-0.0677482 -0.8854 0.072643
-0.249622 0.338337 0.12377
-0.472831 0.233133 0.246932
-0.621637 0.111095 0.32904
-0.739067 0 0.393836
-0.729206 -0.0967886 0.388395
-0.682593 -0.16496 0.362674
-0.51048 -0.144762 0.267706
-0.228108 -0.0875299 0.111898
-0.0506171 -0.131295 0.0139635
-0.0461344 -0.305513 0.0114895
-0.158187 -0.600927 0.0733188
-0.217351 -0.806286 0.105964
-0.165359 -0.877825 0.077275
-0.0891635 -0.8854 0.0352323
-0.269476 0.338337 0.00354499
-0.509218 0.233133 0.0265865
-0.669046 0.111095 0.0419476
-0.795175 0 0.0540695
-0.784585 -0.0967886 0.0530524
-0.734518 -0.16496 0.0482405
-0.549657 -0.144762 0.0304735
-0.246368 -0.0875299 0.00132441
-0.0557303 -0.131295 -0.0169984
-0.0509157 -0.305513 -0.0174609
-0.171268 -0.600927 -0.00589341
-0.234814 -0.806286 0.000214196
-0.178971 -0.877825 -0.00515362
-0.0971306 -0.8854 -0.0130181
-0.262652 0.338337 -0.148301
-0.496709 0.233133 -0.251713
-0.652749 0.111095 -0.320654
-0.775889 0 -0.37506
-0.765549 -0.0967886 -0.370492
-0.716668 -0.16496 -0.348895
-0.53619 -0.144762 -0.269155
-0.240091 -0.0875299 -0.138333
-0.0539721 -0.131295 -0.056102
-0.0492721 -0.305513 -0.0540252
-0.166772 -0.600927 -0.105939
-0.228812 -0.806286 -0.133349
-0.174291 -0.877825 -0.109261
-0.0943927 -0.8854 -0.0739595
-0.222887 0.338337 -0.280322
-0.42383 0.233133 -0.493681
-0.557793 0.111095 -0.635918
-0.66351 0 -0.748166
-0.654633 -0.0967886 -0.738741
-0.612669 -0.16496 -0.694184
-0.457724 -0.144762 -0.529668
-0.203519 -0.0875299 -0.259759
-0.0437324 -0.131295 -0.0901003
-0.0396975 -0.305513 -0.0858162
-0.140572 -0.600927 -0.192923
-0.193834 -0.806286 -0.249477
-0.147028 -0.877825 -0.199779
-0.0784332 -0.8854 -0.126946
-0.114676 0.338337 -0.332426
-0.225506 0.233133 -0.589172
-0.299392 0.111095 -0.760337
-0.357699 0 -0.895414
-0.352803 -0.0967886 -0.884071
-0.329658 -0.16496 -0.830453
-0.2442 -0.144762 -0.63248
-0.103994 -0.0875299 -0.307679
-0.0158656 -0.131295 -0.103519
-0.0136396 -0.305513 -0.0983633
-0.0692771 -0.600927 -0.227252
-0.0986528 -0.806286 -0.295306
-0.0728375 -0.877825 -0.235502
-0.0350042 -0.8854 -0.147856
0.0184074 0.338337 -0.339672
0.0184074 0.233133 -0.602454
0.0184074 0.111095 -0.777642
0.0184074 0 -0.915893
0.0184074 -0.0967886 -0.904283
0.0184074 -0.16496 -0.849405
0.0184074 -0.144762 -0.646779
0.0184074 -0.0875299 -0.314343
0.0184074 -0.131295 -0.105385
0.0184074 -0.305513 -0.100108
0.0184074 -0.600927 -0.232027
0.0184074 -0.806286 -0.301679
0.0184074 -0.877825 -0.24047
0.0184074 -0.8854 -0.150764
0.128226 0.338337 -0.295865
0.219678 0.233133 -0.522163
0.280648 0.111095 -0.67303
0.328761 0 -0.792087
0.324722 -0.0967886 -0.78209
0.305622 -0.16496 -0.734831
0.235105 -0.144762 -0.560335
0.119411 -0.0875299 -0.274052
0.0466887 -0.131295 -0.0941032
0.0448519 -0.305513 -0.0895592
0.0907615 -0.600927 -0.203163
0.115003 -0.806286 -0.263146
0.0937007 -0.877825 -0.210434
0.0624815 -0.8854 -0.133183
0.247039 0.338337 -0.245139
0.437438 0.233133 -0.429196
0.56437 0.111095 -0.5519
0.66454 0 -0.648734
0.656129 -0.0967886 -0.640603
0.616367 -0.16496 -0.602166
0.469553 -0.144762 -0.460242
0.228688 -0.0875299 -0.227399
0.0772853 -0.131295 -0.0810402
0.0734624 -0.305513 -0.077344
0.169045 -0.600927 -0.169742
0.219512 -0.806286 -0.218528
0.175162 -0.877825 -0.175656
0.110165 -0.8854 -0.112824
0.333673 0.338337 -0.162777
0.596218 0.233133 -0.278246
0.771249 0.111095 -0.355224
0.909376 0 -0.415972
0.897777 -0.0967886 -0.410871
0.842948 -0.16496 -0.386758
0.640503 -0.144762 -0.297722
0.308368 -0.0875299 -0.151648
0.0995963 -0.131295 -0.0598303
0.0943245 -0.305513 -0.0575109
0.226125 -0.600927 -0.115477
0.295714 -0.806286 -0.146083
0.234559 -0.877825 -0.119187
0.144936 -0.8854 -0.0797698
448
16 1 0
2 1 16
3 2 17
4 3 18
5 4 19
6 5 20
7 6 21
8 7 22
9 8 23
10 9 24
11 10 25
12 11 26
13 12 27
14 13 28
29 15 14
30 16 0
17 16 30
18 17 31
19 18 32
20 19 33
21 20 34
22 21 35
23 22 36
24 23 37
25 24 38
26 25 39
27 26 40
28 27 41
29 28 42
43 15 29
44 30 0
31 30 44
32 31 45
33 32 46
34 33 47
35 34 48
36 35 49
37 36 50
38 37 51
39 38 52
40 39 53
41 40 54
42 41 55
43 42 56
57 15 43
58 44 0
45 44 58
46 45 59
47 46 60
48 47 61
49 48 62
50 49 63
51 50 64
52 51 65
53 52 66
54 53 67
55 54 68
56 55 69
57 56 70
71 15 57
72 58 0
59 58 72
60 59 73
61 60 74
62 61 75
63 62 76
64 63 77
65 64 78
66 65 79
67 66 80
68 67 81
69 68 82
70 69 83
71 70 84
85 15 71
86 72 0
73 72 86
74 73 87
75 74 88
76 75 89
77 76 90
78 77 91
79 78 92
80 79 93
81 80 94
82 81 95
83 82 96
84 83 97
85 84 98
99 15 85
100 86 0
87 86 100
88 87 101
89 88 102
90 89 103
91 90 104
92 91 105
93 92 106
94 93 107
95 94 108
96 95 109
97 96 110
98 97 111
99 98 112
113 15 99
114 100 0
101 100 114
102 101 115
103 102 116
104 103 117
105 104 118
106 105 119
107 106 120
108 107 121
109 108 122
110 109 123
111 110 124
112 111 125
113 112 126
127 15 113
128 114 0
115 114 128
116 115 129
117 116 130
118 117 131
119 118 132
120 119 133
121 120 134
122 121 135
123 122 136
124 123 137
125 124 138
126 125 139
127 126 140
141 15 127
142 128 0
129 128 142
130 129 143
131 130 144
132 131 145
133 132 146
134 133 147
135 134 148
136 135 149
137 136 150
138 137 151
139 138 152
140 139 153
141 140 154
155 15 141
156 142 0
143 142 156
144 143 157
145 144 158
146 145 159
147 146 160
148 147 161
149 148 162
150 149 163
151 150 164
152 151 165
153 152 166
154 153 167
155 154 168
169 15 155
170 156 0
157 156 170
158 157 171
159 158 172
160 159 173
161 160 174
162 161 175
163 162 176
164 163 177
165 164 178
166 165 179
167 166 180
168 167 181
169 168 182
183 15 169
184 170 0
171 170 184
172 171 185
173 172 186
174 173 187
175 174 188
176 175 189
177 176 190
178 177 191
179 178 192
180 179 193
181 180 194
182 181 195
183 182 196
197 15 183
198 184 0
185 184 198
186 185 199
187 186 200
188 187 201
189 188 202
190 189 203
191 190 204
192 191 205
193 192 206
194 193 207
195 194 208
196 195 209
197 196 210
211 15 197
212 198 0
199 198 212
200 199 213
201 200 214
202 201 215
203 202 216
204 203 217
205 204 218
206 205 219
207 206 220
208 207 221
209 208 222
210 209 223
211 210 224
225 15 211
1 212 0
213 212 1
214 213 2
215 214 3
216 215 4
217 216 5
218 217 6
219 218 7
220 219 8
221 220 9
222 221 10
223 222 11
224 223 12
225 224 13
14 15 225
16 17 2
17 18 3
18 19 4
19 20 5
20 21 6
21 22 7
22 23 8
23 24 9
24 25 10
25 26 11
26 27 12
27 28 13
28 29 14
30 31 17
31 32 18
32 33 19
33 34 20
34 35 21
35 36 22
36 37 23
37 38 24
38 39 25
39 40 26
40 41 27
41 42 28
42 43 29
44 45 31
45 46 32
46 47 33
47 48 34
48 49 35
49 50 36
50 51 37
51 52 38
52 53 39
53 54 40
54 55 41
55 56 42
56 57 43
58 59 45
59 60 46
60 61 47
61 62 48
62 63 49
63 64 50
64 65 51
65 66 52
66 67 53
67 68 54
68 69 55
69 70 56
70 71 57
72 73 59
73 74 60
74 75 61
75 76 62
76 77 63
77 78 64
78 79 65
79 80 66
80 81 67
81 82 68
82 83 69
83 84 70
84 85 71
86 87 73
87 88 74
88 89 75
89 90 76
90 91 77
91 92 78
92 93 79
93 94 80
94 95 81
95 96 82
96 97 83
97 98 84
98 99 85
100 101 87
101 102 88
102 103 89
103 104 90
104 105 91
105 106 92
106 107 93
107 108 94
108 109 95
109 110 96
110 111 97
111 112 98
112 113 99
114 115 101
115 116 102
116 117 103
117 118 104
118 119 105
119 120 106
120 121 107
121 122 108
122 123 109
123 124 110
124 125 111
125 126 112
126 127 113
128 129 115
129 130 116
130 131 117
131 132 118
132 133 119
133 134 120
134 135 121
135 136 122
136 137 123
137 138 124
138 139 125
139 140 126
140 141 127
142 143 129
143 144 130
144 145 131
145 146 132
146 147 133
147 148 134
148 149 135
149 150 136
150 151 137
151 152 138
152 153 139
153 154 140
154 155 141
156 157 143
157 158 144
158 159 145
159 160 146
160 161 147
161 162 148
162 163 149
163 164 150
164 165 151
165 166 152
166 167 153
167 168 154
168 169 155
170 171 157
171 172 158
172 173 159
173 174 160
174 175 161
175 176 162
176 177 163
177 178 164
178 179 165
179 180 166
180 181 167
181 182 168
182 183 169
184 185 171
185 186 172
186 187 173
187 188 174
188 189 175
189 190 176
190 191 177
191 192 178
192 193 179
193 194 180
194 195 181
195 196 182
196 197 183
198 199 185
199 200 186
200 201 187
201 202 188
202 203 189
203 204 190
204 205 191
205 206 192
206 207 193
207 208 194
208 209 195
209 210 196
210 211 197
212 213 199
213 214 200
214 215 201
215 216 202
216 217 203
217 218 204
218 219 205
219 220 206
220 221 207
221 222 208
222 223 209
223 224 210
224 225 211
1 2 213
2 3 214
3 4 215
4 5 216
5 6 217
6 7 218
7 8 219
8 9 220
9 10 221
10 11 222
11 12 223
12 13 224
13 14 225
