3 2
754
0.285714285714286 0.74230748895809 -0.5
0.5 0.866025403784439 -0.5
0.5 0.618589574131742 -0.5
0.5 0.371153744479045 -0.5
0.285716281539792 0.494871601985357 -0.5
0.5 0.123717914826348 -0.5
0.285715484124068 0.247432566874052 -0.5
0.5 -0.123717914826348 -0.5
0.285710097330748 -3.9377986663217e-006 -0.5
0.5 -0.371153744479045 -0.5
0.285712233114167 -0.247436500725361 -0.5
0.5 -0.618589574131742 -0.5
0.285716289436472 -0.494870980931175 -0.5
0.5 -0.866025403784439 -0.5
0.285714285714286 -0.74230748895809 -0.5
0.0714285714285715 -0.618589574131742 -0.5
-0.142857142857143 -0.494871659305393 -0.5
0.0714278479509391 -0.371156170881429 -0.5
-0.357142857142857 -0.371153744479045 -0.5
-0.142860638529853 -0.247436396632228 -0.5
-0.571428571428571 -0.247435829652697 -0.5
-0.357142713990694 -0.123717831900571 -0.5
-0.785714285714286 -0.123717914826348 -0.5
-0.571429011085295 -2.4049516348975e-006 -0.5
-1 1.22460635382238e-016 -0.5
-0.785714285714286 0.123717914826348 -0.5
-0.571428571428571 0.247435829652697 -0.5
-0.357142857142857 0.371153744479045 -0.5
-0.357142169789527 0.12371754891521 -0.5
-0.142857142857143 0.494871659305394 -0.5
-0.142858208718704 0.247438168356823 -0.5
0.0714285714285713 0.618589574131742 -0.5
0.0714274302332803 0.371153459954826 -0.5
0.0714286494837401 0.123719231797024 -0.5
0.0714280518253733 -0.12371833910954 -0.5
-0.142858753357269 3.51311519936494e-007 -0.5
0.891006524188368 -0.453990499739547 4.5
0.987688340595138 -0.156434465040231 4.5
0.64200310444482 -0.101745065218859 4.5
0.987688340595138 0.156434465040231 4.5
0.891006524188368 0.453990499739547 4.5
0.624977433972635 0.319771487783851 4.5
0.707106781186547 0.707106781186547 4.5
0.453990499739547 0.891006524188368 4.5
0.292629860006838 0.578774782175934 4.5
0.156434465040231 0.987688340595138 4.5
-0.156434465040231 0.987688340595138 4.5
-0.110073204678106 0.692678927159337 4.5
-0.453990499739547 0.891006524188368 4.5
-0.707106781186547 0.707106781186547 4.5
-0.460048494142796 0.454062128662298 4.5
-0.891006524188368 0.453990499739547 4.5
-0.987688340595138 0.156434465040231 4.5
-0.697066381006877 0.108174824120947 4.5
-0.987688340595138 -0.156434465040231 4.5
-0.891006524188368 -0.453990499739546 4.5
-0.580022071346157 -0.299017835300788 4.5
-0.707106781186548 -0.707106781186547 4.5
-0.453990499739547 -0.891006524188368 4.5
-0.3198339079093 -0.627439303295796 4.5
-0.156434465040231 -0.987688340595138 4.5
0.156434465040231 -0.987688340595138 4.5
0.105902062045189 -0.640039002968762 4.5
0.453990499739547 -0.891006524188368 4.5
0.707106781186547 -0.707106781186548 4.5
0.503455272200662 -0.49467441574264 4.5
0.294497121166366 0.149831676339221 4.5
-0.0541824020274694 0.327188762373455 4.5
-0.33456167234839 0.0492424898136865 4.5
-0.158771602618555 -0.304125476134494 4.5
0.232943694388654 -0.241656000765695 4.5
-0.00706440965099418 -0.00941747898437556 4.5
1.07242070340001 -0.244773027351946 0.4
1.1 0 0.4
1.1 0 0.6
1.07242070340001 0.244773027351947 0.4
1.07242070340001 0.244773027351946 0.6
0.991065754692661 0.477272113029315 0.4
0.991065754692661 0.477272113029314 0.6
0.860014630714832 0.685838782044608 0.4
0.860014630714833 0.685838782044607 0.6
0.685838782044607 0.860014630714833 0.4
0.685838782044607 0.860014630714833 0.6
0.477272113029314 0.991065754692661 0.4
0.477272113029314 0.991065754692661 0.6
0.244773027351946 1.07242070340001 0.4
0.244773027351946 1.07242070340001 0.6
-2.02060048380692e-016 1.1 0.4
6.73533494602308e-017 1.1 0.6
-0.244773027351946 1.07242070340001 0.4
-0.244773027351946 1.07242070340001 0.6
-0.477272113029314 0.991065754692661 0.4
-0.477272113029314 0.991065754692661 0.6
-0.685838782044607 0.860014630714833 0.4
-0.685838782044607 0.860014630714833 0.6
-0.860014630714833 0.685838782044606 0.4
-0.860014630714833 0.685838782044607 0.6
-0.991065754692661 0.477272113029314 0.4
-0.991065754692661 0.477272113029314 0.6
-1.07242070340001 0.244773027351946 0.4
-1.07242070340001 0.244773027351946 0.6
-1.1 -1.34706698920462e-016 0.4
-1.1 1.34706698920462e-016 0.6
-1.07242070340001 -0.244773027351946 0.4
-1.07242070340001 -0.244773027351946 0.6
-0.991065754692661 -0.477272113029314 0.4
-0.991065754692661 -0.477272113029314 0.6
-0.860014630714833 -0.685838782044607 0.4
-0.860014630714833 -0.685838782044606 0.6
-0.685838782044607 -0.860014630714833 0.4
-0.685838782044607 -0.860014630714833 0.6
-0.477272113029314 -0.991065754692661 0.4
-0.477272113029314 -0.991065754692661 0.6
-0.244773027351946 -1.07242070340001 0.4
-0.244773027351946 -1.07242070340001 0.6
6.73533494602308e-017 -1.1 0.4
-2.02060048380692e-016 -1.1 0.6
0.244773027351946 -1.07242070340001 0.4
0.244773027351946 -1.07242070340001 0.6
0.477272113029314 -0.991065754692661 0.4
0.477272113029314 -0.991065754692661 0.6
0.685838782044607 -0.860014630714833 0.4
0.685838782044607 -0.860014630714833 0.6
0.860014630714833 -0.685838782044607 0.4
0.860014630714832 -0.685838782044608 0.6
0.991065754692661 -0.477272113029314 0.4
0.991065754692661 -0.477272113029315 0.6
1.07242070340001 -0.244773027351947 0.6
1.07242070340001 -0.244773027351946 1.4
1.1 0 1.4
1.1 0 1.6
1.07242070340001 0.244773027351947 1.4
1.07242070340001 0.244773027351946 1.6
0.991065754692661 0.477272113029315 1.4
0.991065754692661 0.477272113029314 1.6
0.860014630714832 0.685838782044608 1.4
0.860014630714833 0.685838782044607 1.6
0.685838782044607 0.860014630714833 1.4
0.685838782044607 0.860014630714833 1.6
0.477272113029314 0.991065754692661 1.4
0.477272113029314 0.991065754692661 1.6
0.244773027351946 1.07242070340001 1.4
0.244773027351946 1.07242070340001 1.6
-2.02060048380692e-016 1.1 1.4
6.73533494602308e-017 1.1 1.6
-0.244773027351946 1.07242070340001 1.4
-0.244773027351946 1.07242070340001 1.6
-0.477272113029314 0.991065754692661 1.4
-0.477272113029314 0.991065754692661 1.6
-0.685838782044607 0.860014630714833 1.4
-0.685838782044607 0.860014630714833 1.6
-0.860014630714833 0.685838782044606 1.4
-0.860014630714833 0.685838782044607 1.6
-0.991065754692661 0.477272113029314 1.4
-0.991065754692661 0.477272113029314 1.6
-1.07242070340001 0.244773027351946 1.4
-1.07242070340001 0.244773027351946 1.6
-1.1 -1.34706698920462e-016 1.4
-1.1 1.34706698920462e-016 1.6
-1.07242070340001 -0.244773027351946 1.4
-1.07242070340001 -0.244773027351946 1.6
-0.991065754692661 -0.477272113029314 1.4
-0.991065754692661 -0.477272113029314 1.6
-0.860014630714833 -0.685838782044607 1.4
-0.860014630714833 -0.685838782044606 1.6
-0.685838782044607 -0.860014630714833 1.4
-0.685838782044607 -0.860014630714833 1.6
-0.477272113029314 -0.991065754692661 1.4
-0.477272113029314 -0.991065754692661 1.6
-0.244773027351946 -1.07242070340001 1.4
-0.244773027351946 -1.07242070340001 1.6
6.73533494602308e-017 -1.1 1.4
-2.02060048380692e-016 -1.1 1.6
0.244773027351946 -1.07242070340001 1.4
0.244773027351946 -1.07242070340001 1.6
0.477272113029314 -0.991065754692661 1.4
0.477272113029314 -0.991065754692661 1.6
0.685838782044607 -0.860014630714833 1.4
0.685838782044607 -0.860014630714833 1.6
0.860014630714833 -0.685838782044607 1.4
0.860014630714832 -0.685838782044608 1.6
0.991065754692661 -0.477272113029314 1.4
0.991065754692661 -0.477272113029315 1.6
1.07242070340001 -0.244773027351947 1.6
1.07242070340001 -0.244773027351946 2.4
1.1 0 2.4
1.1 0 2.6
1.07242070340001 0.244773027351947 2.4
1.07242070340001 0.244773027351946 2.6
0.991065754692661 0.477272113029315 2.4
0.991065754692661 0.477272113029314 2.6
0.860014630714832 0.685838782044608 2.4
0.860014630714833 0.685838782044607 2.6
0.685838782044607 0.860014630714833 2.4
0.685838782044607 0.860014630714833 2.6
0.477272113029314 0.991065754692661 2.4
0.477272113029314 0.991065754692661 2.6
0.244773027351946 1.07242070340001 2.4
0.244773027351946 1.07242070340001 2.6
-2.02060048380692e-016 1.1 2.4
6.73533494602308e-017 1.1 2.6
-0.244773027351946 1.07242070340001 2.4
-0.244773027351946 1.07242070340001 2.6
-0.477272113029314 0.991065754692661 2.4
-0.477272113029314 0.991065754692661 2.6
-0.685838782044607 0.860014630714833 2.4
-0.685838782044607 0.860014630714833 2.6
-0.860014630714833 0.685838782044606 2.4
-0.860014630714833 0.685838782044607 2.6
-0.991065754692661 0.477272113029314 2.4
-0.991065754692661 0.477272113029314 2.6
-1.07242070340001 0.244773027351946 2.4
-1.07242070340001 0.244773027351946 2.6
-1.1 -1.34706698920462e-016 2.4
-1.1 1.34706698920462e-016 2.6
-1.07242070340001 -0.244773027351946 2.4
-1.07242070340001 -0.244773027351946 2.6
-0.991065754692661 -0.477272113029314 2.4
-0.991065754692661 -0.477272113029314 2.6
-0.860014630714833 -0.685838782044607 2.4
-0.860014630714833 -0.685838782044606 2.6
-0.685838782044607 -0.860014630714833 2.4
-0.685838782044607 -0.860014630714833 2.6
-0.477272113029314 -0.991065754692661 2.4
-0.477272113029314 -0.991065754692661 2.6
-0.244773027351946 -1.07242070340001 2.4
-0.244773027351946 -1.07242070340001 2.6
6.73533494602308e-017 -1.1 2.4
-2.02060048380692e-016 -1.1 2.6
0.244773027351946 -1.07242070340001 2.4
0.244773027351946 -1.07242070340001 2.6
0.477272113029314 -0.991065754692661 2.4
0.477272113029314 -0.991065754692661 2.6
0.685838782044607 -0.860014630714833 2.4
0.685838782044607 -0.860014630714833 2.6
0.860014630714833 -0.685838782044607 2.4
0.860014630714832 -0.685838782044608 2.6
0.991065754692661 -0.477272113029314 2.4
0.991065754692661 -0.477272113029315 2.6
1.07242070340001 -0.244773027351947 2.6
1.07242070340001 -0.244773027351946 3.4
1.1 0 3.4
1.1 0 3.6
1.07242070340001 0.244773027351947 3.4
1.07242070340001 0.244773027351946 3.6
0.991065754692661 0.477272113029315 3.4
0.991065754692661 0.477272113029314 3.6
0.860014630714832 0.685838782044608 3.4
0.860014630714833 0.685838782044607 3.6
0.685838782044607 0.860014630714833 3.4
0.685838782044607 0.860014630714833 3.6
0.477272113029314 0.991065754692661 3.4
0.477272113029314 0.991065754692661 3.6
0.244773027351946 1.07242070340001 3.4
0.244773027351946 1.07242070340001 3.6
-2.02060048380692e-016 1.1 3.4
6.73533494602308e-017 1.1 3.6
-0.244773027351946 1.07242070340001 3.4
-0.244773027351946 1.07242070340001 3.6
-0.477272113029314 0.991065754692661 3.4
-0.477272113029314 0.991065754692661 3.6
-0.685838782044607 0.860014630714833 3.4
-0.685838782044607 0.860014630714833 3.6
-0.860014630714833 0.685838782044606 3.4
-0.860014630714833 0.685838782044607 3.6
-0.991065754692661 0.477272113029314 3.4
-0.991065754692661 0.477272113029314 3.6
-1.07242070340001 0.244773027351946 3.4
-1.07242070340001 0.244773027351946 3.6
-1.1 -1.34706698920462e-016 3.4
-1.1 1.34706698920462e-016 3.6
-1.07242070340001 -0.244773027351946 3.4
-1.07242070340001 -0.244773027351946 3.6
-0.991065754692661 -0.477272113029314 3.4
-0.991065754692661 -0.477272113029314 3.6
-0.860014630714833 -0.685838782044607 3.4
-0.860014630714833 -0.685838782044606 3.6
-0.685838782044607 -0.860014630714833 3.4
-0.685838782044607 -0.860014630714833 3.6
-0.477272113029314 -0.991065754692661 3.4
-0.477272113029314 -0.991065754692661 3.6
-0.244773027351946 -1.07242070340001 3.4
-0.244773027351946 -1.07242070340001 3.6
6.73533494602308e-017 -1.1 3.4
-2.02060048380692e-016 -1.1 3.6
0.244773027351946 -1.07242070340001 3.4
0.244773027351946 -1.07242070340001 3.6
0.477272113029314 -0.991065754692661 3.4
0.477272113029314 -0.991065754692661 3.6
0.685838782044607 -0.860014630714833 3.4
0.685838782044607 -0.860014630714833 3.6
0.860014630714833 -0.685838782044607 3.4
0.860014630714832 -0.685838782044608 3.6
0.991065754692661 -0.477272113029314 3.4
0.991065754692661 -0.477272113029315 3.6
1.07242070340001 -0.244773027351947 3.6
0.951056516295153 0 3.4
0.951056516295153 -0.309016994374947 3.4
0.769420884293813 -0.559016994374947 3.4
0.587785252292473 -0.809016994374947 3.4
0.293892626146236 -0.904508497187474 3.4
-0.293892626146237 -0.904508497187474 3.4
-0.587785252292473 -0.809016994374947 3.4
-0.769420884293813 -0.559016994374947 3.4
-0.951056516295153 -0.309016994374948 3.4
-0.951056516295153 -1.11022302462516e-016 3.4
-0.951056516295153 0.309016994374947 3.4
-0.769420884293813 0.559016994374948 3.4
-0.587785252292473 0.809016994374947 3.4
-0.293892626146236 0.904508497187474 3.4
0.293892626146237 0.904508497187474 3.4
0.587785252292473 0.809016994374947 3.4
0.769420884293813 0.559016994374947 3.4
0.951056516295153 0.309016994374947 3.4
-1.83690953073357e-016 -1 3.4
6.12303176911189e-017 1 3.4
0.987688340595138 -0.156434465040231 3.6
0.987688340595138 0.156434465040231 3.6
0.891006524188368 0.453990499739547 3.6
0.707106781186547 0.707106781186547 3.6
0.453990499739547 0.891006524188368 3.6
0.156434465040231 0.987688340595138 3.6
-0.156434465040231 0.987688340595138 3.6
-0.453990499739547 0.891006524188368 3.6
-0.707106781186547 0.707106781186547 3.6
-0.891006524188368 0.453990499739547 3.6
-0.987688340595138 0.156434465040231 3.6
-0.987688340595138 -0.156434465040231 3.6
-0.891006524188368 -0.453990499739546 3.6
-0.707106781186548 -0.707106781186547 3.6
-0.453990499739547 -0.891006524188368 3.6
-0.156434465040231 -0.987688340595138 3.6
0.156434465040231 -0.987688340595138 3.6
0.453990499739547 -0.891006524188368 3.6
0.707106781186547 -0.707106781186548 3.6
0.891006524188368 -0.453990499739547 3.6
0.951056516295153 -0.309016994374947 3.13333333333333
0.587785252292473 -0.809016994374947 3.13333333333333
0.587785252292473 -0.809016994374947 2.86666666666667
0.732147359775382 -0.610319599634355 3
0.587785252292473 -0.809016994374947 2.6
0.769420884293813 -0.559016994374947 2.6
0.951056516295153 -0.309016994374947 2.6
0.951056516295153 -0.309016994374947 2.86666666666667
-1.83690953073357e-016 -1 3.13333333333333
-1.83690953073357e-016 -1 2.86666666666667
0.233582796594913 -0.924104348685148 3
-1.83690953073357e-016 -1 2.6
0.293892626146236 -0.904508497187474 2.6
-0.587785252292473 -0.809016994374947 3.13333333333333
-0.587785252292473 -0.809016994374947 2.86666666666667
-0.35420245569756 -0.884912645689799 3
-0.587785252292473 -0.809016994374947 2.6
-0.293892626146237 -0.904508497187474 2.6
-0.951056516295153 -0.309016994374948 3.13333333333333
-0.951056516295153 -0.309016994374948 2.86666666666667
-0.806694408812244 -0.50771438911554 3
-0.951056516295153 -0.309016994374948 2.6
-0.769420884293813 -0.559016994374947 2.6
-0.951056516295153 0.309016994374947 3.13333333333333
-0.951056516295153 0.309016994374947 2.86666666666667
-0.951056516295153 0.0634135075234656 3
-0.951056516295153 0.309016994374947 2.6
-0.951056516295153 -1.11022302462516e-016 2.6
-0.891006524188368 0.453990499739547 3.825
-0.987688340595138 0.156434465040231 3.825
-0.987688340595138 0.156434465040231 4.05
-0.891006524188368 0.453990499739547 4.05
-0.987688340595138 0.156434465040231 4.275
-0.891006524188368 0.453990499739547 4.275
-0.987688340595138 -0.156434465040231 3.825
-0.987688340595138 -0.156434465040231 4.05
-0.987688340595138 -0.156434465040231 4.275
-0.891006524188368 -0.453990499739546 3.825
-0.891006524188368 -0.453990499739546 4.05
-0.891006524188368 -0.453990499739546 4.275
-0.707106781186548 -0.707106781186547 3.825
-0.707106781186548 -0.707106781186547 4.05
-0.707106781186548 -0.707106781186547 4.275
-0.453990499739547 -0.891006524188368 3.825
-0.453990499739547 -0.891006524188368 4.05
-0.453990499739547 -0.891006524188368 4.275
-0.156434465040231 -0.987688340595138 3.825
-0.156434465040231 -0.987688340595138 4.05
-0.156434465040231 -0.987688340595138 4.275
0.156434465040231 -0.987688340595138 3.825
0.156434465040231 -0.987688340595138 4.05
0.156434465040231 -0.987688340595138 4.275
0.453990499739547 -0.891006524188368 3.825
0.453990499739547 -0.891006524188368 4.05
0.453990499739547 -0.891006524188368 4.275
0.707106781186547 -0.707106781186548 3.825
0.707106781186547 -0.707106781186548 4.05
0.707106781186547 -0.707106781186548 4.275
0.891006524188368 -0.453990499739547 3.825
0.891006524188368 -0.453990499739547 4.05
0.891006524188368 -0.453990499739547 4.275
0.866025403784439 0 2.4
0.866025403784439 -0.25 2.4
0.649519052838329 -0.625 2.4
0.433012701892219 -0.75 2.4
0.216506350946109 -0.875 2.4
-0.21650635094611 -0.875 2.4
-0.433012701892219 -0.75 2.4
-0.649519052838329 -0.625 2.4
-0.866025403784439 -0.25 2.4
-0.866025403784439 -8.32667268468867e-017 2.4
-0.866025403784439 0.25 2.4
-0.649519052838329 0.625 2.4
-0.433012701892219 0.75 2.4
-0.21650635094611 0.875 2.4
0.21650635094611 0.875 2.4
0.433012701892219 0.75 2.4
0.649519052838329 0.625 2.4
0.866025403784439 0.25 2.4
-0.866025403784439 0.5 2.4
-0.866025403784439 -0.5 2.4
0.866025403784439 -0.5 2.4
0.866025403784439 0.5 2.4
-1.83690953073357e-016 -1 2.4
6.12303176911189e-017 1 2.4
0.951056516295153 0 2.6
0.951056516295153 0.309016994374947 2.6
0.769420884293813 0.559016994374947 2.6
0.587785252292473 0.809016994374947 2.6
0.293892626146237 0.904508497187474 2.6
-0.293892626146236 0.904508497187474 2.6
-0.587785252292473 0.809016994374947 2.6
-0.769420884293813 0.559016994374947 2.6
6.12303176911189e-017 1 2.6
0.866025403784439 -0.5 2.13333333333333
0.532041813236131 -0.692825515907983 2.14514001688303
0.285634020109435 -0.835089121600103 2.18923474628322
-1.83690953073357e-016 -1 2.13333333333333
-1.83690953073357e-016 -1 1.6
0.21650635094611 -0.875 1.6
-1.83690953073357e-016 -1 1.86666666666667
0.433012701892219 -0.75 1.6
0.295235884351605 -0.829545482695164 1.91625273351232
0.649519052838329 -0.625 1.6
0.608649506908665 -0.648596043344149 1.88442366801319
0.866025403784439 -0.5 1.6
0.866025403784439 -0.5 1.86666666666667
-0.333983590548307 -0.807174484092017 2.14514001688303
-0.580391383675004 -0.664910878399897 2.18923474628322
-0.866025403784439 -0.5 2.13333333333333
-0.866025403784439 -0.5 1.6
-0.649519052838329 -0.625 1.6
-0.866025403784439 -0.5 1.86666666666667
-0.433012701892219 -0.75 1.6
-0.570789519432834 -0.670454517304836 1.91625273351232
-0.21650635094611 -0.875 1.6
-0.257375896875774 -0.851403956655851 1.88442366801319
-0.866025403784439 -0.114348968184034 2.14514001688303
-0.866025403784439 0.170178243200206 2.18923474628322
-0.866025403784439 0.5 2.13333333333333
-0.866025403784439 0.5 1.6
-0.866025403784439 0.25 1.6
-0.866025403784439 0.5 1.86666666666667
-0.866025403784439 -8.32667268468867e-017 1.6
-0.866025403784439 0.159090965390328 1.91625273351232
-0.866025403784439 -0.25 1.6
-0.866025403784439 -0.202807913311701 1.88442366801319
-0.587785252292473 0.809016994374947 3.13333333333333
-0.587785252292473 0.809016994374947 2.86666666666667
-0.732147359775382 0.610319599634355 3
0.471404520791032 0.707106781186547 1.4
0.235702260395516 0.707106781186547 1.4
0 0.707106781186547 1.4
0.0885110071214694 0.897057350457462 1.4
-0.235702260395516 0.707106781186547 1.4
-0.0893343635025726 0.896180519407175 1.4
-0.471404520791032 0.707106781186547 1.4
-0.707106781186547 0.471404520791032 1.4
-0.707106781186548 0.235702260395516 1.4
-0.707106781186548 -5.55111512312578e-017 1.4
-0.897057350457462 0.0885110071214694 1.4
-0.707106781186548 -0.235702260395516 1.4
-0.896180519407175 -0.0893343635025728 1.4
-0.707106781186548 -0.471404520791032 1.4
-0.471404520791032 -0.707106781186547 1.4
-0.235702260395516 -0.707106781186547 1.4
-1.66533453693773e-016 -0.707106781186547 1.4
-0.0885110071214695 -0.897057350457462 1.4
0.235702260395516 -0.707106781186547 1.4
0.0893343635025725 -0.896180519407175 1.4
0.471404520791032 -0.707106781186547 1.4
0.707106781186547 -0.471404520791032 1.4
0.707106781186547 -0.235702260395516 1.4
0.707106781186547 0 1.4
0.897057350457462 -0.0885110071214694 1.4
0.707106781186547 0.235702260395516 1.4
0.896180519407175 0.0893343635025728 1.4
0.707106781186547 0.471404520791032 1.4
0.707106781186547 -0.707106781186547 1.4
-0.707106781186548 -0.707106781186547 1.4
-0.707106781186547 0.707106781186547 1.4
0.707106781186547 0.707106781186547 1.4
0.866025403784439 0 1.6
0.866025403784439 0.25 1.6
0.649519052838329 0.625 1.6
0.433012701892219 0.75 1.6
0.21650635094611 0.875 1.6
-0.21650635094611 0.875 1.6
-0.433012701892219 0.75 1.6
-0.649519052838329 0.625 1.6
0.866025403784439 -0.25 1.6
0.866025403784439 0.5 1.6
6.12303176911189e-017 1 1.6
0.707106781186547 -0.707106781186547 1.13333333333333
0.392135469824256 -0.707106781186547 1.18955646125054
0.126513090175974 -0.707106781186547 1.19769858895606
-0.127762421344016 -0.707106781186547 1.19699857807217
-0.391222456231865 -0.707106781186547 1.1900532791034
-0.707106781186548 -0.707106781186547 1.13333333333333
-0.707106781186548 -0.707106781186547 0.6
-0.471404520791032 -0.707106781186547 0.6
-0.707106781186548 -0.707106781186547 0.866666666666667
-0.235702260395516 -0.707106781186547 0.6
-0.390186079615487 -0.707106781186547 0.810596087183256
-1.66533453693773e-016 -0.707106781186547 0.6
-0.125340040298426 -0.707106781186547 0.803149905576527
0.235702260395516 -0.707106781186547 0.6
0.12579819703437 -0.707106781186547 0.801990989052139
0.471404520791032 -0.707106781186547 0.6
0.389088913850089 -0.707106781186547 0.810137850782634
0.707106781186547 -0.707106781186547 0.6
0.707106781186547 -0.707106781186547 0.866666666666667
0.251893529956083 -0.707106781186547 0.999487015982244
-0.00178914844761719 -0.707106781186547 0.999778058643563
-0.252444531020651 -0.707106781186547 1.00038930124171
-0.497514655919476 -0.707106781186547 0.999710717724523
0.497562962475899 -0.707106781186547 0.999652304442235
-0.707106781186548 -0.392135469824256 1.18955646125054
-0.707106781186548 -0.126513090175974 1.19769858895606
-0.707106781186548 0.127762421344016 1.19699857807217
-0.707106781186547 0.391222456231864 1.1900532791034
-0.707106781186547 0.707106781186547 1.13333333333333
-0.707106781186547 0.707106781186547 0.6
-0.707106781186547 0.471404520791032 0.6
-0.707106781186547 0.707106781186547 0.866666666666667
-0.707106781186548 0.235702260395516 0.6
-0.707106781186547 0.390186079615486 0.810596087183256
-0.707106781186548 -5.55111512312578e-017 0.6
-0.707106781186548 0.125340040298426 0.803149905576526
-0.707106781186548 -0.235702260395516 0.6
-0.707106781186548 -0.12579819703437 0.801990989052139
-0.707106781186548 -0.471404520791032 0.6
-0.707106781186548 -0.389088913850089 0.810137850782634
-0.707106781186548 -0.251893529956083 0.999487015982244
-0.707106781186548 0.00178914844761704 0.999778058643563
-0.707106781186548 0.25244453102065 1.00038930124171
-0.707106781186547 0.497514655919476 0.999710717724523
-0.707106781186548 -0.4975629624759 0.999652304442235
-0.580853620335076 0.664644005939775 2.18792226644665
-0.335538066743467 0.806277006842293 2.14431726887391
6.12303176911189e-017 1 2.13333333333333
6.12303176911189e-017 1 1.86666666666667
-0.259817701089874 0.849994180335531 1.88347420824946
-0.570868048512122 0.67040917851977 1.91552183742357
0.914195935490534 0.0907751494550978 0.4
0.91488816542281 -0.0911968090556064 0.4
0.771984488150817 -0.259573320281959 0.4
0.723017197635272 -0.485265144918371 0.4
0.5 -0.618589574131742 0.4
0.5 -0.866025403784439 0.4
0.285714285714286 -0.74230748895809 0.4
0.10648039099495 -0.871010164944452 0.4
-0.085064707035512 -0.824186262262662 0.4
-0.271360778851488 -0.803982810302363 0.4
-0.417399245090948 -0.679632768157832 0.4
-0.59869515886064 -0.597383972970378 0.4
-0.694003788009895 -0.412557647630227 0.4
-0.785714285714286 -0.123717914826348 0.4
-0.785714285714286 0.123717914826348 0.4
-0.704577815570203 0.42214280516597 0.4
-0.598399118893247 0.597527379607627 0.4
-0.414684441564308 0.675915833139312 0.4
-0.271236221321292 0.804635857593681 0.4
-0.084673737107651 0.825398421679532 0.4
0.106506658928524 0.87379180358661 0.4
0.285714285714286 0.74230748895809 0.4
0.5 0.866025403784439 0.4
0.5 0.618589574131742 0.4
0.72430003449042 0.485689219518814 0.4
0.770787514057169 0.259181880463947 0.4
0.720332855770486 -0.000255999989183546 0.4
0.5 -0.371153744479045 0.4
0.0714285714285715 -0.618589574131742 0.4
-0.142857142857143 -0.494871659305393 0.4
-0.357142857142857 -0.371153744479045 0.4
-0.357142857142857 0.371153744479045 0.4
-0.142857142857143 0.494871659305394 0.4
0.0714285714285713 0.618589574131742 0.4
0.5 0.371153744479045 0.4
-0.571428571428571 -0.247435829652697 0.4
0.5 -0.123717914826348 0.4
0.5 0.123717914826348 0.4
-0.571428571428571 0.247435829652697 0.4
-1 1.22460635382238e-016 0.4
0.0885110071214693 -0.897057350457462 0.6
-0.0893343635025728 -0.896180519407175 0.6
-0.897057350457462 -0.0885110071214694 0.6
-0.896180519407175 0.0893343635025727 0.6
-0.471404520791032 0.707106781186547 0.6
-0.235702260395516 0.707106781186547 0.6
0 0.707106781186547 0.6
-0.0885110071214695 0.897057350457462 0.6
0.235702260395516 0.707106781186547 0.6
0.0893343635025726 0.896180519407175 0.6
0.471404520791032 0.707106781186547 0.6
0.707106781186547 0.471404520791032 0.6
0.707106781186547 0.235702260395516 0.6
0.707106781186547 0 0.6
0.897057350457462 0.0885110071214694 0.6
0.707106781186547 -0.235702260395516 0.6
0.896180519407175 -0.0893343635025728 0.6
0.707106781186547 -0.471404520791032 0.6
0.707106781186547 0.707106781186547 0.6
0.5 0.866025403784439 0.175
0.5 -0.866025403784439 0.175
0.5 -0.866025403784439 -0.05
0.5 -0.626429913216707 0.0893305020926671
0.5 -0.866025403784439 -0.275
0.5 -0.627778065768293 -0.191217506609725
0.5 0.866025403784439 -0.275
0.5 0.866025403784439 -0.05
0.5 0.626929826108122 -0.189973249653684
0.5 0.627183400006691 0.0896708867500067
0.5 -0.404332176232832 -0.049878019787234
0.5 0.402473878859621 -0.0495267684805278
0.5 -0.389764091548109 -0.321247761659453
0.5 -0.388433520966139 0.223452291488388
0.5 0.387571213537866 0.221733694976135
0.5 0.38718089119387 -0.3217413170764
0.5 -0.188849357008292 -0.192002717304896
0.5 -0.187854585483143 0.0903687284803192
0.5 0.185763293574071 0.0918213978159358
0.5 0.186256234324994 -0.191652910250925
0.5 -0.000159619454810547 0.193230878223031
0.5 -0.000447921997087445 -0.291649334874853
0.5 -0.000304865565297536 -0.0501081266689937
-0.392135469824256 0.707106781186547 1.18955646125054
-0.126513090175974 0.707106781186547 1.19769858895606
0.127762421344016 0.707106781186547 1.19699857807217
0.391222456231865 0.707106781186547 1.1900532791034
0.707106781186547 0.707106781186547 1.13333333333333
0.707106781186547 0.707106781186547 0.866666666666667
0.390186079615486 0.707106781186547 0.810596087183256
0.125340040298426 0.707106781186547 0.803149905576527
-0.12579819703437 0.707106781186547 0.801990989052138
-0.389088913850089 0.707106781186547 0.810137850782634
-0.251893529956083 0.707106781186547 0.999487015982244
0.00178914844761705 0.707106781186547 0.999778058643563
0.252444531020651 0.707106781186547 1.00038930124171
0.497514655919476 0.707106781186547 0.999710717724523
-0.497562962475899 0.707106781186547 0.999652304442235
0.987688340595138 -0.156434465040231 3.825
0.987688340595138 -0.156434465040231 4.05
0.987688340595138 -0.156434465040231 4.275
-0.707106781186547 0.707106781186547 3.825
-0.707106781186547 0.707106781186547 4.05
-0.707106781186547 0.707106781186547 4.275
-0.453990499739547 0.891006524188368 3.825
-0.453990499739547 0.891006524188368 4.05
-0.453990499739547 0.891006524188368 4.275
-0.156434465040231 0.987688340595138 3.825
-0.156434465040231 0.987688340595138 4.05
-0.156434465040231 0.987688340595138 4.275
0.156434465040231 0.987688340595138 3.825
0.156434465040231 0.987688340595138 4.05
0.156434465040231 0.987688340595138 4.275
0.453990499739547 0.891006524188368 3.825
0.453990499739547 0.891006524188368 4.05
0.453990499739547 0.891006524188368 4.275
0.707106781186547 0.707106781186547 3.825
0.707106781186547 0.707106781186547 4.05
0.707106781186547 0.707106781186547 4.275
0.891006524188368 0.453990499739547 3.825
0.891006524188368 0.453990499739547 4.05
0.891006524188368 0.453990499739547 4.275
0.987688340595138 0.156434465040231 3.825
0.987688340595138 0.156434465040231 4.05
0.987688340595138 0.156434465040231 4.275
6.12303176911189e-017 1 3.13333333333333
6.12303176911189e-017 1 2.86666666666667
-0.233582796594913 0.924104348685148 3
0.587785252292473 0.809016994374947 3.13333333333333
0.587785252292473 0.809016994374947 2.86666666666667
0.35420245569756 0.884912645689799 3
0.951056516295153 0.309016994374947 3.13333333333333
0.951056516295153 0.309016994374947 2.86666666666667
0.806694408812244 0.50771438911554 3
0.951056516295153 -0.0634135075234656 3
0.285171783449363 0.835355994060225 2.18792226644665
0.530487337040972 0.693722993157707 2.14431726887391
0.866025403784439 0.5 2.13333333333333
0.866025403784439 0.5 1.86666666666667
0.606207702694564 0.650005819664469 1.88347420824946
0.295157355272317 0.82959082148023 1.91552183742357
0.866025403784439 0.170711988120449 2.18792226644665
0.866025403784439 -0.112554013684586 2.14431726887391
0.866025403784439 -0.199988360671062 1.88347420824946
0.866025403784439 0.15918164296046 1.91552183742357
0.707106781186547 0.392135469824256 1.18955646125054
0.707106781186547 0.126513090175974 1.19769858895606
0.707106781186547 -0.127762421344016 1.19699857807217
0.707106781186547 -0.391222456231865 1.1900532791034
0.707106781186547 -0.390186079615486 0.810596087183256
0.707106781186547 -0.125340040298426 0.803149905576527
0.707106781186547 0.12579819703437 0.801990989052138
0.707106781186547 0.389088913850089 0.810137850782634
0.707106781186547 0.251893529956083 0.999487015982244
0.707106781186547 -0.00178914844761705 0.999778058643563
0.707106781186547 -0.252444531020651 1.00038930124171
0.707106781186547 -0.497514655919476 0.999710717724523
0.707106781186547 0.497562962475899 0.999652304442235
-1 1.22460635382238e-016 0.175
-1 1.22460635382238e-016 -0.05
-0.792504218536149 -0.119797745283866 0.0893305020926671
-1 1.22460635382238e-016 -0.275
-0.793671752894 -0.119123669008072 -0.191217506609725
0.292937155799794 -0.74647761494628 -0.189973249653684
0.293156757237692 -0.746604401895565 0.0896708867500068
-0.600161936185079 -0.230846613775803 -0.049878019787234
0.0985526034520924 -0.63424964132203 -0.0495267684805278
-0.587545604763626 -0.238130656118165 -0.321247761659453
-0.586393296838112 -0.23879594140915 0.223452291488388
0.0856465166993549 -0.626798308661152 0.221733694976135
0.08530848763379 -0.626603147489154 -0.3217413170764
-0.413548340657538 -0.338588023388073 -0.192002717304896
-0.412686843245797 -0.339085409150648 0.0903687284803192
-0.0891242686741878 -0.525894348679255 0.0918213978159359
-0.0886973694613279 -0.526140819054716 -0.191652910250925
-0.250138234502804 -0.432932892164814 0.193230878223031
-0.250387911828392 -0.432788740893675 -0.291649334874853
-0.250264021324287 -0.43286026910957 -0.0501081266689937
0.292504218536149 0.746227658500573 0.0893305020926672
0.293671752894 0.746901734776366 -0.191217506609725
-0.792937155799795 0.119547788838158 -0.189973249653684
-0.793156757237692 0.119421001888874 0.0896708867500067
0.100161936185079 0.635178790008635 -0.049878019787234
-0.598552603452092 0.231775762462409 -0.0495267684805278
0.0875456047636259 0.627894747666274 -0.321247761659453
0.0863932968381116 0.627229462375289 0.223452291488388
-0.585646516699355 0.239227095123287 0.221733694976135
-0.58530848763379 0.239422256295284 -0.3217413170764
-0.0864516593424624 0.527437380396365 -0.192002717304896
-0.0873131567542031 0.526939994633791 0.0903687284803192
-0.410875731325812 0.340131055105184 0.0918213978159358
-0.411302630538672 0.339884584729722 -0.191652910250925
-0.249861765497196 0.433092511619625 0.193230878223031
-0.249612088171608 0.433236662890763 -0.291649334874853
-0.249735978675713 0.433165134674868 -0.0501081266689937
1504
0 1 2
2 3 4
3 5 6
5 7 8
7 9 10
9 11 12
11 13 14
14 15 12
15 16 17
16 18 19
18 20 21
20 22 23
22 24 25
25 26 23
26 27 28
27 29 30
29 31 32
31 0 4
0 2 4
4 3 6
6 5 8
8 7 10
10 9 12
12 11 14
12 15 17
17 16 19
19 18 21
21 20 23
23 22 25
23 26 28
28 27 30
30 29 32
32 31 4
4 6 32
6 8 33
8 10 34
10 12 17
17 19 34
19 21 35
21 23 28
28 30 35
30 32 33
32 6 33
33 8 34
34 10 17
34 19 35
35 21 28
35 30 33
35 33 34
36 37 38
37 39 38
39 40 41
40 42 41
42 43 44
43 45 44
45 46 47
46 48 47
48 49 50
49 51 50
51 52 53
52 54 53
54 55 56
55 57 56
57 58 59
58 60 59
60 61 62
61 63 62
63 64 65
38 39 41
41 42 44
44 45 47
47 48 50
50 51 53
53 54 56
56 57 59
59 60 62
62 63 65
38 41 66
41 44 66
44 47 67
47 50 67
50 53 68
53 56 68
56 59 69
59 62 69
62 65 70
65 38 70
38 66 70
66 44 67
67 50 68
68 56 69
69 62 70
70 66 71
66 67 71
67 68 71
68 69 71
69 70 71
38 65 36
65 64 36
72 73 74
73 75 76
75 77 78
77 79 80
79 81 82
81 83 84
83 85 86
85 87 88
87 89 90
89 91 92
91 93 94
93 95 96
95 97 98
97 99 100
99 101 102
101 103 104
103 105 106
105 107 108
107 109 110
109 111 112
111 113 114
113 115 116
115 117 118
117 119 120
119 121 122
121 123 124
123 125 126
125 72 127
76 74 73
74 127 72
127 126 125
126 124 123
124 122 121
122 120 119
120 118 117
118 116 115
116 114 113
114 112 111
112 110 109
110 108 107
108 106 105
106 104 103
104 102 101
102 100 99
100 98 97
98 96 95
96 94 93
94 92 91
92 90 89
90 88 87
88 86 85
86 84 83
84 82 81
82 80 79
80 78 77
78 76 75
128 129 130
129 131 132
131 133 134
133 135 136
135 137 138
137 139 140
139 141 142
141 143 144
143 145 146
145 147 148
147 149 150
149 151 152
151 153 154
153 155 156
155 157 158
157 159 160
159 161 162
161 163 164
163 165 166
165 167 168
167 169 170
169 171 172
171 173 174
173 175 176
175 177 178
177 179 180
179 181 182
181 128 183
132 130 129
130 183 128
183 182 181
182 180 179
180 178 177
178 176 175
176 174 173
174 172 171
172 170 169
170 168 167
168 166 165
166 164 163
164 162 161
162 160 159
160 158 157
158 156 155
156 154 153
154 152 151
152 150 149
150 148 147
148 146 145
146 144 143
144 142 141
142 140 139
140 138 137
138 136 135
136 134 133
134 132 131
184 185 186
185 187 188
187 189 190
189 191 192
191 193 194
193 195 196
195 197 198
197 199 200
199 201 202
201 203 204
203 205 206
205 207 208
207 209 210
209 211 212
211 213 214
213 215 216
215 217 218
217 219 220
219 221 222
221 223 224
223 225 226
225 227 228
227 229 230
229 231 232
231 233 234
233 235 236
235 237 238
237 184 239
188 186 185
186 239 184
239 238 237
238 236 235
236 234 233
234 232 231
232 230 229
230 228 227
228 226 225
226 224 223
224 222 221
222 220 219
220 218 217
218 216 215
216 214 213
214 212 211
212 210 209
210 208 207
208 206 205
206 204 203
204 202 201
202 200 199
200 198 197
198 196 195
196 194 193
194 192 191
192 190 189
190 188 187
240 241 242
241 243 244
243 245 246
245 247 248
247 249 250
249 251 252
251 253 254
253 255 256
255 257 258
257 259 260
259 261 262
261 263 264
263 265 266
265 267 268
267 269 270
269 271 272
271 273 274
273 275 276
275 277 278
277 279 280
279 281 282
281 283 284
283 285 286
285 287 288
287 289 290
289 291 292
291 293 294
293 240 295
244 242 241
242 295 240
295 294 293
294 292 291
292 290 289
290 288 287
288 286 285
286 284 283
284 282 281
282 280 279
280 278 277
278 276 275
276 274 273
274 272 271
272 270 269
270 268 267
268 266 265
266 264 263
264 262 261
262 260 259
260 258 257
258 256 255
256 254 253
254 252 251
252 250 249
250 248 247
248 246 245
246 244 243
243 241 296
241 240 296
240 293 297
293 291 298
289 287 299
287 285 300
281 279 301
279 277 302
275 273 303
273 271 304
271 269 305
269 267 305
267 265 306
265 263 307
261 259 308
259 257 309
253 251 310
251 249 311
247 245 312
245 243 313
297 293 298
240 297 296
299 287 300
301 279 302
303 273 304
304 271 305
306 265 307
267 306 305
308 259 309
310 251 311
312 245 313
313 243 296
289 299 291
299 298 291
283 314 285
314 300 285
301 314 281
314 283 281
303 302 275
302 277 275
261 308 263
308 307 263
255 315 257
315 309 257
310 315 253
315 255 253
312 311 247
311 249 247
295 242 316
242 244 317
244 246 318
246 248 318
248 250 319
250 252 320
252 254 320
254 256 321
256 258 322
258 260 323
260 262 323
262 264 324
264 266 325
266 268 325
268 270 326
270 272 327
272 274 328
274 276 328
276 278 329
278 280 330
280 282 330
282 284 331
284 286 332
286 288 333
288 290 333
290 292 334
292 294 335
294 295 335
295 316 335
316 242 317
317 244 318
318 248 319
319 250 320
321 256 322
254 321 320
322 258 323
323 262 324
324 264 325
326 270 327
268 326 325
327 272 328
328 276 329
329 278 330
331 284 332
282 331 330
332 286 333
333 290 334
334 292 335
336 297 298
299 337 298
337 338 339
338 340 341
342 343 341
343 336 339
339 338 341
339 341 343
337 339 298
339 336 298
337 299 300
314 344 300
344 345 346
345 347 348
340 338 348
338 337 346
346 345 348
346 348 338
344 346 300
346 337 300
344 314 301
302 349 301
349 350 351
350 352 353
347 345 353
345 344 351
351 350 353
351 353 345
349 351 301
351 344 301
349 302 303
304 354 303
354 355 356
355 357 358
352 350 358
350 349 356
356 355 358
356 358 350
354 356 303
356 349 303
354 304 305
306 359 305
359 360 361
360 362 363
357 355 363
355 354 361
361 360 363
361 363 355
359 361 305
361 354 305
364 325 326
326 365 364
365 366 367
366 368 369
368 52 369
52 51 369
369 367 366
367 364 365
365 326 327
327 370 365
370 371 366
371 372 368
372 54 368
54 52 368
368 366 371
366 365 370
370 327 328
328 373 370
373 374 371
374 375 372
375 55 372
55 54 372
372 371 374
371 370 373
373 328 329
329 376 373
376 377 374
377 378 375
378 57 375
57 55 375
375 374 377
374 373 376
376 329 330
330 379 376
379 380 377
380 381 378
381 58 378
58 57 378
378 377 380
377 376 379
379 330 331
331 382 379
382 383 380
383 384 381
384 60 381
60 58 381
381 380 383
380 379 382
382 331 332
332 385 382
385 386 383
386 387 384
387 61 384
61 60 384
384 383 386
383 382 385
385 332 333
333 388 385
388 389 386
389 390 387
390 63 387
63 61 387
387 386 389
386 385 388
388 333 334
334 391 388
391 392 389
392 393 390
393 64 390
64 63 390
390 389 392
389 388 391
391 334 335
335 394 391
394 395 392
395 396 393
396 36 393
36 64 393
393 392 395
392 391 394
187 185 397
185 184 397
184 237 398
235 233 399
233 231 400
231 229 401
225 223 402
223 221 403
221 219 404
217 215 405
215 213 406
213 211 406
211 209 407
207 205 408
205 203 409
203 201 410
197 195 411
195 193 412
193 191 413
189 187 414
184 398 397
399 233 400
400 231 401
223 403 402
221 404 403
405 215 406
211 407 406
408 205 409
409 203 410
195 412 411
193 413 412
414 187 397
415 407 209
405 416 217
417 398 237
414 418 189
399 417 235
417 237 235
227 419 229
419 401 229
402 419 225
419 227 225
217 416 219
416 404 219
408 415 207
415 209 207
199 420 201
420 410 201
411 420 197
420 199 197
189 418 191
418 413 191
239 186 421
186 188 421
188 190 422
190 192 423
194 196 424
196 198 425
202 204 426
204 206 427
208 210 428
210 212 362
212 214 363
214 216 363
216 218 357
218 220 358
222 224 352
224 226 353
230 232 348
232 234 340
236 238 341
238 239 342
422 190 423
188 422 421
424 196 425
426 204 427
428 210 362
362 212 363
357 218 358
216 357 363
352 224 353
348 232 340
341 238 342
342 239 421
194 424 192
424 423 192
200 429 198
429 425 198
426 429 202
429 200 202
428 427 208
427 206 208
222 352 220
352 358 220
228 347 226
347 353 226
348 347 230
347 228 230
341 340 236
340 234 236
417 399 430
399 400 431
400 401 432
401 419 433
434 435 436
435 437 438
437 439 440
439 441 442
431 400 432
431 432 438
399 431 430
432 401 433
438 437 440
438 440 431
435 438 436
440 439 442
433 436 438
433 438 432
442 430 440
430 431 440
419 402 433
402 403 443
403 404 444
404 416 445
446 447 448
447 449 450
449 451 452
451 434 436
443 403 444
443 444 450
402 443 433
444 404 445
450 449 452
450 452 443
447 450 448
452 451 436
445 448 450
445 450 444
436 433 452
433 443 452
416 405 445
405 406 453
406 407 454
407 415 455
456 457 458
457 459 460
459 461 462
461 446 448
453 406 454
453 454 460
405 453 445
454 407 455
460 459 462
460 462 453
457 460 458
462 461 448
455 458 460
455 460 454
448 445 462
445 453 462
359 306 307
308 463 307
463 464 465
464 427 428
362 360 428
360 359 465
465 464 428
465 428 360
463 465 307
465 359 307
466 467 139
467 468 469
468 470 471
470 472 147
473 474 153
474 475 476
475 477 478
477 479 161
480 481 167
481 482 483
482 484 485
484 486 175
487 488 181
488 489 490
489 491 492
491 493 133
469 468 471
469 471 143
143 471 145
469 143 141
145 471 470
145 470 147
469 141 467
141 139 467
476 475 478
476 478 157
157 478 159
476 157 155
159 478 477
159 477 161
476 155 474
155 153 474
483 482 485
483 485 171
171 485 173
483 171 169
173 485 484
173 484 175
483 169 481
169 167 481
490 489 492
490 492 129
129 492 131
490 129 128
131 492 491
131 491 133
490 128 488
128 181 488
494 179 177
495 165 163
496 151 149
497 137 135
497 135 493
135 133 493
139 137 466
137 497 466
496 149 472
149 147 472
153 151 473
151 496 473
495 163 479
163 161 479
167 165 480
165 495 480
494 177 486
177 175 486
181 179 487
179 494 487
183 130 498
130 132 498
132 134 499
136 138 500
138 140 501
140 142 502
146 148 503
148 150 504
150 152 505
154 156 457
156 158 459
158 160 459
160 162 461
164 166 447
166 168 449
168 170 451
174 176 435
176 178 437
178 180 439
182 183 506
132 499 498
500 138 501
501 140 502
148 504 503
150 505 504
457 156 459
160 461 459
447 166 449
449 168 451
176 437 435
178 439 437
506 183 498
506 441 182
446 461 162
457 456 154
507 499 134
500 507 136
507 134 136
144 508 142
508 502 142
503 508 146
508 144 146
154 456 152
456 505 152
447 446 164
446 162 164
172 434 170
434 451 170
435 434 174
434 172 174
182 441 180
441 439 180
494 486 509
486 484 510
484 482 511
482 481 512
481 480 513
480 495 514
515 516 517
516 518 519
518 520 521
520 522 523
522 524 525
524 526 527
510 484 511
510 511 528
486 510 509
511 482 512
511 512 529
512 481 513
512 513 530
513 480 514
519 518 521
519 521 530
530 521 529
519 530 531
529 521 523
530 529 512
531 530 513
519 531 517
523 521 520
529 523 528
531 513 514
531 514 517
528 523 525
529 528 511
525 523 522
528 525 532
532 525 527
528 532 510
510 532 509
532 527 509
516 519 517
525 524 527
495 479 514
479 477 533
477 475 534
475 474 535
474 473 536
473 496 537
538 539 540
539 541 542
541 543 544
543 545 546
545 547 548
547 515 517
533 477 534
533 534 549
479 533 514
534 475 535
534 535 550
535 474 536
535 536 551
536 473 537
542 541 544
542 544 551
551 544 550
542 551 552
550 544 546
551 550 535
552 551 536
542 552 540
546 544 543
550 546 549
552 536 537
552 537 540
549 546 548
550 549 534
548 546 545
549 548 553
553 548 517
549 553 533
533 553 514
553 517 514
539 542 540
548 547 517
415 408 455
408 409 554
409 410 555
410 420 556
508 503 557
503 504 558
504 505 559
505 456 458
554 409 555
554 555 559
408 554 455
555 410 556
558 504 559
558 559 555
503 558 557
559 505 458
556 557 558
556 558 555
458 455 559
455 554 559
75 73 560
73 72 561
72 125 562
125 123 563
123 121 564
121 119 565
119 117 566
117 115 567
115 113 568
113 111 569
111 109 570
109 107 571
107 105 572
105 103 573
99 97 574
97 95 575
95 93 576
93 91 577
91 89 578
89 87 579
87 85 580
85 83 581
83 81 582
81 79 583
79 77 584
77 75 585
565 119 566
121 565 564
582 81 583
83 582 581
560 73 561
560 561 586
586 561 562
560 586 585
562 561 72
560 585 75
562 125 563
562 563 587
563 123 564
563 564 587
567 115 568
567 568 588
117 567 566
567 588 566
568 113 569
568 569 589
569 111 570
569 570 589
570 109 571
570 571 590
571 107 572
571 572 590
572 105 573
575 95 576
575 576 591
97 575 574
576 93 577
576 577 591
577 91 578
577 578 592
578 89 579
578 579 592
579 87 580
579 580 593
580 85 581
580 581 593
584 77 585
584 585 594
79 584 583
584 594 583
573 595 572
595 590 572
590 589 570
589 588 568
587 596 562
596 597 586
586 597 585
597 594 585
596 586 562
593 592 579
592 591 577
591 598 575
598 574 575
101 599 103
599 573 103
574 599 99
599 101 99
524 522 120
522 520 600
520 518 601
518 516 112
547 545 106
545 543 602
543 541 603
541 539 98
604 605 92
605 606 607
606 608 609
608 610 84
611 612 78
612 613 614
613 615 616
615 617 126
600 520 601
600 601 116
116 601 114
600 116 118
114 601 518
114 518 112
600 118 522
118 120 522
602 543 603
602 603 102
102 603 100
602 102 104
100 603 541
100 541 98
602 104 545
104 106 545
607 606 609
607 609 88
88 609 86
607 88 90
86 609 608
86 608 84
607 90 605
90 92 605
614 613 616
614 616 74
74 616 127
614 74 76
127 616 615
127 615 126
614 76 612
76 78 612
618 80 82
538 94 96
515 108 110
526 122 124
526 124 617
124 126 617
120 122 524
122 526 524
515 110 516
110 112 516
106 108 547
108 515 547
538 96 539
96 98 539
92 94 604
94 538 604
618 82 610
82 84 610
78 80 611
80 618 611
619 582 583
565 620 564
620 621 622
621 623 624
623 13 11
1 625 2
625 626 627
626 619 628
622 621 624
622 624 629
620 622 564
624 623 11
627 626 628
627 628 630
625 627 2
628 619 583
629 624 631
622 629 632
630 628 633
627 630 634
631 624 11
629 631 635
632 629 636
622 632 564
633 628 583
630 633 637
634 630 638
627 634 2
635 631 7
629 635 636
632 636 596
637 633 597
630 637 638
634 638 5
583 594 633
594 597 633
597 596 639
639 596 636
597 639 637
596 587 632
587 564 632
11 9 631
9 7 631
7 5 640
640 5 638
7 640 635
5 3 634
3 2 634
636 635 641
641 635 640
636 641 639
638 637 641
637 639 641
640 638 641
496 472 537
472 470 642
470 468 643
468 467 644
467 466 645
466 497 646
618 610 647
610 608 648
608 606 649
606 605 650
605 604 651
604 538 540
642 470 643
642 643 652
472 642 537
643 468 644
643 644 653
644 467 645
644 645 654
645 466 646
648 608 649
648 649 654
654 649 653
648 654 655
653 649 650
654 653 644
655 654 645
648 655 647
650 649 606
653 650 652
655 645 646
655 646 647
652 650 651
653 652 643
651 650 605
652 651 656
656 651 540
652 656 642
642 656 537
656 540 537
610 648 647
651 604 540
394 335 316
316 657 394
657 658 395
658 659 396
659 37 396
37 36 396
396 395 658
395 394 657
660 324 325
325 364 660
364 367 661
367 369 662
369 51 662
51 49 662
662 661 367
661 660 364
663 323 324
324 660 663
660 661 664
661 662 665
662 49 665
49 48 665
665 664 661
664 663 660
666 322 323
323 663 666
663 664 667
664 665 668
665 48 668
48 46 668
668 667 664
667 666 663
669 321 322
322 666 669
666 667 670
667 668 671
668 46 671
46 45 671
671 670 667
670 669 666
672 320 321
321 669 672
669 670 673
670 671 674
671 45 674
45 43 674
674 673 670
673 672 669
675 319 320
320 672 675
672 673 676
673 674 677
674 43 677
43 42 677
677 676 673
676 675 672
678 318 319
319 675 678
675 676 679
676 677 680
677 42 680
42 40 680
680 679 676
679 678 675
681 317 318
318 678 681
678 679 682
679 680 683
680 40 683
40 39 683
683 682 679
682 681 678
657 316 317
317 681 657
681 682 658
682 683 659
683 39 659
39 37 659
659 658 682
658 657 681
463 308 309
315 684 309
684 685 686
685 429 426
427 464 426
464 463 686
686 685 426
686 426 464
684 686 309
686 463 309
684 315 310
311 687 310
687 688 689
688 424 425
429 685 425
685 684 689
689 688 425
689 425 685
687 689 310
689 684 310
687 311 312
313 690 312
690 691 692
691 422 423
424 688 423
688 687 692
692 691 423
692 423 688
690 692 312
692 687 312
690 313 296
297 336 296
336 343 693
343 342 421
422 691 421
691 690 693
693 343 421
693 421 691
336 693 296
693 690 296
420 411 556
411 412 694
412 413 695
413 418 696
507 500 697
500 501 698
501 502 699
502 508 557
694 412 695
694 695 699
411 694 556
695 413 696
698 501 699
698 699 695
500 698 697
699 502 557
696 697 698
696 698 695
557 556 699
556 694 699
418 414 696
414 397 700
397 398 701
398 417 430
441 506 442
506 498 702
498 499 703
499 507 697
700 397 701
700 701 703
414 700 696
701 398 430
702 498 703
702 703 701
506 702 442
703 499 697
430 442 702
430 702 701
697 696 703
696 700 703
497 493 646
493 491 704
491 489 705
489 488 706
488 487 707
487 494 509
526 617 527
617 615 708
615 613 709
613 612 710
612 611 711
611 618 647
704 491 705
704 705 712
493 704 646
705 489 706
705 706 713
706 488 707
706 707 714
707 487 509
708 615 709
708 709 714
714 709 713
708 714 715
713 709 710
714 713 706
715 714 707
708 715 527
710 709 613
713 710 712
715 707 509
715 509 527
712 710 711
713 712 705
711 710 612
712 711 716
716 711 647
712 716 704
704 716 646
716 647 646
617 708 527
711 611 647
620 565 566
599 717 573
717 718 719
718 720 721
720 24 22
13 623 14
623 621 722
621 620 723
719 718 721
719 721 724
717 719 573
721 720 22
722 621 723
722 723 725
623 722 14
723 620 566
724 721 726
719 724 727
725 723 728
722 725 729
726 721 22
724 726 730
727 724 731
719 727 573
728 723 566
725 728 732
729 725 733
722 729 14
730 726 18
724 730 731
727 731 590
732 728 589
725 732 733
729 733 16
566 588 728
588 589 728
589 590 734
734 590 731
589 734 732
590 595 727
595 573 727
22 20 726
20 18 726
18 16 735
735 16 733
18 735 730
16 15 729
15 14 729
731 730 736
736 730 735
731 736 734
733 732 736
732 734 736
735 733 736
717 599 574
582 619 581
619 626 737
626 625 738
625 1 0
24 720 25
720 718 739
718 717 740
737 626 738
737 738 741
619 737 581
738 625 0
739 718 740
739 740 742
720 739 25
740 717 574
741 738 743
737 741 744
742 740 745
739 742 746
743 738 0
741 743 747
744 741 748
737 744 581
745 740 574
742 745 749
746 742 750
739 746 25
747 743 29
741 747 748
744 748 592
749 745 591
742 749 750
746 750 27
574 598 745
598 591 745
591 592 751
751 592 748
591 751 749
592 593 744
593 581 744
0 31 743
31 29 743
29 27 752
752 27 750
29 752 747
27 26 746
26 25 746
748 747 753
753 747 752
748 753 751
750 749 753
749 751 753
752 750 753
