3 2
915
-0.3096 -0.018667 0.018667
-0.2904 -0.012267 0.018667
-0.276 -0.002667 0.018667
-0.2712 0.005333 0.018667
-0.2696 0.016533 0.018667
-0.2712 0.027733 0.018667
-0.2808 0.034133 0.018667
-0.2936 0.037333 0.018667
-0.3096 0.035733 0.018667
-0.332 0.024533 0.018667
-0.3464 0.016533 0.018667
-0.3688 0.006933 0.018667
-0.388 -0.001067 0.018667
-0.4152 -0.010667 0.018667
-0.4472 -0.017067 0.018667
-0.30032 -0.018667 0.018667
-0.27984 -0.012174 0.020776
-0.26448 -0.002435 0.023941
-0.25936 0.00568 0.026578
-0.257653 0.017042 0.030269
-0.25936 0.028404 0.033961
-0.2696 0.034897 0.03607
-0.283253 0.038143 0.037125
-0.30032 0.03652 0.036598
-0.324213 0.025158 0.032906
-0.339573 0.017042 0.030269
-0.363467 0.007304 0.027105
-0.383947 -0.000812 0.024468
-0.41296 -0.010551 0.021304
-0.447093 -0.017043 0.019194
-0.29104 -0.018667 0.018667
-0.26928 -0.012799 0.02293
-0.25296 -0.003996 0.029325
-0.24752 0.003339 0.034654
-0.245707 0.013608 0.042115
-0.24752 0.023877 0.049576
-0.2584 0.029745 0.05384
-0.272907 0.032679 0.055971
-0.29104 0.031212 0.054906
-0.316427 0.020943 0.047445
-0.332747 0.013608 0.042115
-0.358133 0.004806 0.03572
-0.379893 -0.002529 0.030391
-0.41072 -0.011332 0.023996
-0.446987 -0.0172 0.019732
-0.28176 -0.018667 0.018667
-0.25872 -0.014152 0.02488
-0.24144 -0.007381 0.0342
-0.23568 -0.001738 0.041966
-0.23376 0.006161 0.052839
-0.23568 0.014061 0.063713
-0.2472 0.018575 0.069926
-0.26256 0.020832 0.073033
-0.28176 0.019704 0.071479
-0.30864 0.011804 0.060606
-0.32592 0.006161 0.052839
-0.3528 -0.00061 0.04352
-0.37584 -0.006253 0.035753
-0.40848 -0.013024 0.026433
-0.44688 -0.017538 0.02022
-0.27248 -0.018667 0.018667
-0.24816 -0.016162 0.026377
-0.22992 -0.012404 0.037941
-0.22384 -0.009273 0.047579
-0.221813 -0.004889 0.061071
-0.22384 -0.000505 0.074563
-0.236 0.002 0.082273
-0.252213 0.003253 0.086128
-0.27248 0.002627 0.084201
-0.300853 -0.001757 0.070708
-0.319093 -0.004889 0.061071
-0.347467 -0.008646 0.049506
-0.371787 -0.011778 0.039869
-0.40624 -0.015535 0.028304
-0.446773 -0.01804 0.020594
-0.2632 -0.018667 0.018667
-0.2376 -0.018667 0.0272
-0.2184 -0.018667 0.04
-0.212 -0.018667 0.050667
-0.209867 -0.018667 0.0656
-0.212 -0.018667 0.080533
-0.2248 -0.018667 0.089067
-0.241867 -0.018667 0.093333
-0.2632 -0.018667 0.0912
-0.293067 -0.018667 0.076267
-0.312267 -0.018667 0.0656
-0.342133 -0.018667 0.0528
-0.367733 -0.018667 0.042133
-0.404 -0.018667 0.029333
-0.446667 -0.018667 0.0208
-0.25392 -0.018667 0.018667
-0.22704 -0.021435 0.027188
-0.20688 -0.025589 0.03997
-0.20016 -0.02905 0.050622
-0.19792 -0.033895 0.065535
-0.20016 -0.03874 0.080447
-0.2136 -0.041509 0.088969
-0.23152 -0.042894 0.09323
-0.25392 -0.042201 0.091099
-0.28528 -0.037356 0.076187
-0.30544 -0.033895 0.065535
-0.3368 -0.029742 0.052752
-0.36368 -0.026281 0.042101
-0.40176 -0.022128 0.029319
-0.44656 -0.019359 0.020797
-0.24464 -0.018667 0.018667
-0.21648 -0.024184 0.026261
-0.19536 -0.03246 0.037652
-0.18832 -0.039357 0.047144
-0.185973 -0.049012 0.060433
-0.18832 -0.058667 0.073723
-0.2024 -0.064185 0.081317
-0.221173 -0.066943 0.085114
-0.24464 -0.065564 0.083215
-0.277493 -0.055909 0.069926
-0.298613 -0.049012 0.060433
-0.331467 -0.040736 0.049043
-0.359627 -0.033839 0.03955
-0.39952 -0.025563 0.028159
-0.446453 -0.020046 0.020565
-0.23536 -0.018667 0.018667
-0.20592 -0.026606 0.024435
-0.18384 -0.038514 0.033087
-0.17648 -0.048439 0.040297
-0.174027 -0.062332 0.050391
-0.17648 -0.076225 0.060486
-0.1912 -0.084165 0.066254
-0.210827 -0.088134 0.069138
-0.23536 -0.086149 0.067696
-0.269707 -0.072256 0.057602
-0.291787 -0.062332 0.050391
-0.326133 -0.050423 0.041739
-0.355573 -0.040499 0.034529
-0.39728 -0.028591 0.025877
-0.446347 -0.020652 0.020109
-0.22608 -0.018667 0.018667
-0.19536 -0.028406 0.021831
-0.17232 -0.043014 0.026578
-0.16464 -0.055187 0.030533
-0.16208 -0.07223 0.03607
-0.16464 -0.089273 0.041608
-0.18 -0.099012 0.044772
-0.20048 -0.103881 0.046355
-0.22608 -0.101447 0.045564
-0.26192 -0.084404 0.040026
-0.28496 -0.07223 0.03607
-0.3208 -0.057622 0.031324
-0.35152 -0.045448 0.027369
-0.39504 -0.03084 0.022622
-0.44624 -0.021101 0.019458
-0.2168 -0.018667 0.018667
-0.1848 -0.029333 0.018667
-0.1608 -0.045333 0.018667
-0.1528 -0.058667 0.018667
-0.150133 -0.077333 0.018667
-0.1528 -0.096 0.018667
-0.1688 -0.106667 0.018667
-0.190133 -0.112 0.018667
-0.2168 -0.109333 0.018667
-0.254133 -0.090667 0.018667
-0.278133 -0.077333 0.018667
-0.315467 -0.061333 0.018667
-0.347467 -0.048 0.018667
-0.3928 -0.032 0.018667
-0.446133 -0.021333 0.018667
-0.20752 -0.018667 0.018667
-0.17424 -0.029217 0.015239
-0.14928 -0.045043 0.010097
-0.14096 -0.058231 0.005812
-0.138187 -0.076694 -0.000187
-0.14096 -0.095157 -0.006187
-0.1576 -0.105707 -0.009615
-0.179787 -0.110983 -0.011329
-0.20752 -0.108345 -0.010472
-0.246347 -0.089882 -0.004473
-0.271307 -0.076694 -0.000187
-0.310133 -0.060868 0.004955
-0.343413 -0.04768 0.00924
-0.39056 -0.031855 0.014382
-0.446027 -0.021304 0.01781
-0.19824 -0.018667 0.018667
-0.16368 -0.027987 0.011895
-0.13776 -0.041966 0.001738
-0.12912 -0.053616 -0.006726
-0.12624 -0.069926 -0.018575
-0.12912 -0.086236 -0.030425
-0.1464 -0.095556 -0.037196
-0.16944 -0.100216 -0.040582
-0.19824 -0.097886 -0.038889
-0.23856 -0.081576 -0.027039
-0.26448 -0.069926 -0.018575
-0.3048 -0.055946 -0.008418
-0.33936 -0.044296 4.6e-005
-0.38832 -0.030316 0.010203
-0.44592 -0.020997 0.016974
-0.18896 -0.018667 0.018667
-0.15312 -0.025689 0.009002
-0.12624 -0.036222 -0.005496
-0.11728 -0.044999 -0.017577
-0.114293 -0.057288 -0.034491
-0.11728 -0.069577 -0.051405
-0.1352 -0.076599 -0.06107
-0.159093 -0.08011 -0.065903
-0.18896 -0.078354 -0.063486
-0.230773 -0.066066 -0.046572
-0.257653 -0.057288 -0.034491
-0.299467 -0.046755 -0.019994
-0.335307 -0.037977 -0.007912
-0.38608 -0.027444 0.006585
-0.445813 -0.020422 0.01625
-0.17968 -0.018667 0.018667
-0.14256 -0.02249 0.006899
-0.11472 -0.028226 -0.010753
-0.10544 -0.033005 -0.025462
-0.102347 -0.039696 -0.046056
-0.10544 -0.046388 -0.066649
-0.124 -0.050211 -0.078417
-0.148747 -0.052123 -0.084301
-0.17968 -0.051167 -0.081359
-0.222987 -0.044476 -0.060766
-0.250827 -0.039696 -0.046056
-0.294133 -0.033961 -0.028404
-0.331253 -0.029182 -0.013695
-0.38384 -0.023446 0.003957
-0.445707 -0.019623 0.015725
-0.1704 -0.018667 0.018667
-0.132 -0.018667 0.005867
-0.1032 -0.018667 -0.013333
-0.0936 -0.018667 -0.029333
-0.0904 -0.018667 -0.051733
-0.0936 -0.018667 -0.074133
-0.1128 -0.018667 -0.086933
-0.1384 -0.018667 -0.093333
-0.1704 -0.018667 -0.090133
-0.2152 -0.018667 -0.067733
-0.244 -0.018667 -0.051733
-0.2888 -0.018667 -0.032533
-0.3272 -0.018667 -0.016533
-0.3816 -0.018667 0.002667
-0.4456 -0.018667 0.015467
-0.16112 -0.018667 0.018667
-0.12144 -0.014579 0.006087
-0.09168 -0.008449 -0.012782
-0.08176 -0.003339 -0.028506
-0.078453 0.003813 -0.050519
-0.08176 0.010966 -0.072533
-0.1016 0.015053 -0.085113
-0.128053 0.017097 -0.091402
-0.16112 0.016075 -0.088257
-0.207413 0.008922 -0.066244
-0.237173 0.003813 -0.050519
-0.283467 -0.002318 -0.031651
-0.323147 -0.007427 -0.015926
-0.37936 -0.013558 0.002943
-0.445493 -0.017645 0.015522
-0.15184 -0.018667 0.018667
-0.11088 -0.010641 0.007621
-0.08016 0.001396 -0.008948
-0.06992 0.011428 -0.022755
-0.066507 0.025472 -0.042085
-0.06992 0.039516 -0.061415
-0.0904 0.047541 -0.072461
-0.117707 0.051554 -0.077984
-0.15184 0.049548 -0.075222
-0.199627 0.035504 -0.055892
-0.230347 0.025472 -0.042085
-0.278133 0.013434 -0.025517
-0.319093 0.003403 -0.011709
-0.37712 -0.008635 0.004859
-0.445387 -0.01666 0.015905
-0.14256 -0.018667 0.018667
-0.10032 -0.007276 0.010391
-0.06864 0.009811 -0.002023
-0.05808 0.024049 -0.012368
-0.05456 0.043984 -0.026851
-0.05808 0.063918 -0.041334
-0.0792 0.075309 -0.04961
-0.10736 0.081004 -0.053748
-0.14256 0.078157 -0.051679
-0.19184 0.058222 -0.037196
-0.22352 0.043984 -0.026851
-0.2728 0.026897 -0.014437
-0.31504 0.012659 -0.004092
-0.37488 -0.004428 0.008322
-0.44528 -0.015819 0.016598
-0.13328 -0.018667 0.018667
-0.08976 -0.00487 0.014184
-0.05712 0.015825 0.00746
-0.04624 0.033071 0.001856
-0.042613 0.057215 -0.005989
-0.04624 0.081359 -0.013834
-0.068 0.095156 -0.018316
-0.097013 0.102054 -0.020558
-0.13328 0.098605 -0.019437
-0.184053 0.074461 -0.011592
-0.216693 0.057215 -0.005989
-0.267467 0.03652 0.000735
-0.310987 0.019274 0.006339
-0.37264 -0.001421 0.013063
-0.445173 -0.015217 0.017546
-0.124 -0.018667 0.018667
-0.0792 -0.003733 0.018667
-0.0456 0.018667 0.018667
-0.0344 0.037333 0.018667
-0.030667 0.063467 0.018667
-0.0344 0.0896 0.018667
-0.0568 0.104533 0.018667
-0.086667 0.112 0.018667
-0.124 0.108267 0.018667
-0.176267 0.082133 0.018667
-0.209867 0.063467 0.018667
-0.262133 0.041067 0.018667
-0.306933 0.0224 0.018667
-0.3704 0 0.018667
-0.445067 -0.014933 0.018667
-0.11472 -0.018667 0.018667
-0.06864 -0.004058 0.023413
-0.03408 0.017854 0.030533
-0.02256 0.036114 0.036466
-0.01872 0.061679 0.044772
-0.02256 0.087243 0.053079
-0.0456 0.101851 0.057825
-0.07632 0.109155 0.060199
-0.11472 0.105503 0.059012
-0.16848 0.079939 0.050706
-0.20304 0.061679 0.044772
-0.2568 0.039766 0.037653
-0.30288 0.021506 0.031719
-0.36816 -0.000406 0.0246
-0.44496 -0.015015 0.019853
-0.10544 -0.018667 0.018667
-0.05808 -0.005895 0.027946
-0.02256 0.013263 0.041865
-0.01072 0.029227 0.053464
-0.006773 0.051578 0.069702
-0.01072 0.073928 0.085941
-0.0344 0.0867 0.09522
-0.065973 0.093086 0.099859
-0.10544 0.089893 0.09754
-0.160693 0.067542 0.081301
-0.196213 0.051578 0.069702
-0.251467 0.03242 0.055783
-0.298827 0.016455 0.044184
-0.36592 -0.002702 0.030266
-0.444853 -0.015474 0.020986
-0.09616 -0.018667 0.018667
-0.04752 -0.009137 0.031783
-0.01104 0.005158 0.051459
0.00112 0.017071 0.067855
0.005173 0.033748 0.090809
0.00112 0.050425 0.113764
-0.0232 0.059956 0.126881
-0.055627 0.06472 0.133439
-0.09616 0.062338 0.13016
-0.152907 0.045661 0.107205
-0.189387 0.033748 0.090809
-0.246133 0.019453 0.071134
-0.294773 0.007541 0.054738
-0.36368 -0.006754 0.035063
-0.444747 -0.016284 0.021946
-0.08688 -0.018667 0.018667
-0.03696 -0.013525 0.034492
0.00048 -0.005812 0.058231
0.01296 0.000616 0.078013
0.01712 0.009615 0.105707
0.01296 0.018613 0.133402
-0.012 0.023755 0.149228
-0.04528 0.026326 0.15714
-0.08688 0.025041 0.153184
-0.14512 0.016042 0.125489
-0.18256 0.009615 0.105707
-0.2408 0.001902 0.081969
-0.29072 -0.004526 0.062187
-0.36144 -0.012239 0.038449
-0.44464 -0.017381 0.022623
-0.0776 -0.018667 0.018667
-0.0264 -0.018667 0.035733
0.012 -0.018667 0.061333
0.0248 -0.018667 0.082667
0.029067 -0.018667 0.112533
0.0248 -0.018667 0.1424
-0.0008 -0.018667 0.159467
-0.034933 -0.018667 0.168
-0.0776 -0.018667 0.163733
-0.137333 -0.018667 0.133867
-0.175733 -0.018667 0.112533
-0.235467 -0.018667 0.086933
-0.286667 -0.018667 0.0656
-0.3592 -0.018667 0.04
-0.444533 -0.018667 0.022933
-0.06832 -0.018667 0.018667
-0.01584 -0.024072 0.035304
0.02352 -0.032181 0.060259
0.03664 -0.038938 0.081056
0.041013 -0.048398 0.110171
0.03664 -0.057858 0.139286
0.0104 -0.063264 0.155923
-0.024587 -0.065967 0.164242
-0.06832 -0.064615 0.160082
-0.129547 -0.055155 0.130967
-0.168907 -0.048398 0.110171
-0.230133 -0.04029 0.085215
-0.282613 -0.033532 0.064419
-0.35696 -0.025424 0.039463
-0.444427 -0.020018 0.022826
-0.05904 -0.018667 0.018667
-0.00528 -0.0292 0.033164
0.03504 -0.044999 0.054911
0.04848 -0.058166 0.073033
0.05296 -0.076599 0.098403
0.04848 -0.095032 0.123774
0.0216 -0.105565 0.138272
-0.01424 -0.110831 0.145521
-0.05904 -0.108198 0.141896
-0.12176 -0.089765 0.116525
-0.16208 -0.076599 0.098403
-0.2248 -0.060799 0.076657
-0.27856 -0.047633 0.058535
-0.35472 -0.031833 0.036789
-0.44432 -0.0213 0.022291
-0.04976 -0.018667 0.018667
0.00528 -0.033509 0.029451
0.04656 -0.055774 0.045626
0.06032 -0.074327 0.059106
0.064907 -0.100302 0.077978
0.06032 -0.126277 0.09685
0.0328 -0.141119 0.107634
-0.003893 -0.148541 0.113026
-0.04976 -0.14483 0.11033
-0.113973 -0.118855 0.091458
-0.155253 -0.100302 0.077978
-0.219467 -0.078038 0.061802
-0.274507 -0.059484 0.048322
-0.35248 -0.03722 0.032146
-0.444213 -0.022377 0.021363
-0.04048 -0.018667 0.018667
0.01584 -0.036521 0.024468
0.05808 -0.063303 0.03317
0.07216 -0.085621 0.040422
0.076853 -0.116866 0.050574
0.07216 -0.148112 0.060726
0.044 -0.165966 0.066527
0.006453 -0.174894 0.069428
-0.04048 -0.17043 0.067978
-0.106187 -0.139185 0.057825
-0.148427 -0.116866 0.050574
-0.214133 -0.090085 0.041872
-0.270453 -0.067767 0.03462
-0.35024 -0.040985 0.025918
-0.444107 -0.02313 0.020117
-0.0312 -0.018667 0.018667
0.0264 -0.037867 0.018667
0.0696 -0.066667 0.018667
0.084 -0.090667 0.018667
0.0888 -0.124267 0.018667
0.084 -0.157867 0.018667
0.0552 -0.177067 0.018667
0.0168 -0.186667 0.018667
-0.0312 -0.181867 0.018667
-0.0984 -0.148267 0.018667
-0.1416 -0.124267 0.018667
-0.2088 -0.095467 0.018667
-0.2664 -0.071467 0.018667
-0.348 -0.042667 0.018667
-0.444 -0.023467 0.018667
-0.02192 -0.018667 0.018667
0.03696 -0.037333 0.012602
0.08112 -0.065332 0.003504
0.09584 -0.088664 -0.004077
0.100747 -0.12133 -0.014691
0.09584 -0.153996 -0.025304
0.0664 -0.172662 -0.031369
0.027147 -0.181995 -0.034402
-0.02192 -0.177328 -0.032886
-0.090613 -0.144663 -0.022272
-0.134773 -0.12133 -0.014691
-0.203467 -0.093331 -0.005593
-0.262347 -0.069998 0.001988
-0.34576 -0.041999 0.011086
-0.443893 -0.023333 0.01715
-0.01264 -0.018667 0.018667
0.04752 -0.03489 0.00688
0.09264 -0.059225 -0.010801
0.10768 -0.079505 -0.025535
0.112693 -0.107896 -0.046162
0.10768 -0.136287 -0.06679
0.0776 -0.15251 -0.078576
0.037493 -0.160622 -0.08447
-0.01264 -0.156566 -0.081523
-0.082827 -0.128175 -0.060896
-0.127947 -0.107896 -0.046162
-0.198133 -0.083561 -0.028482
-0.258293 -0.063281 -0.013748
-0.34352 -0.038946 0.003933
-0.443787 -0.022722 0.01572
-0.00336 -0.018667 0.018667
0.05808 -0.030705 0.002098
0.10416 -0.048761 -0.022755
0.11952 -0.063809 -0.043466
0.12464 -0.084875 -0.072461
0.11952 -0.105941 -0.101456
0.0888 -0.117979 -0.118025
0.04784 -0.123998 -0.126309
-0.00336 -0.120988 -0.122167
-0.07504 -0.099922 -0.093172
-0.12112 -0.084875 -0.072461
-0.1928 -0.066818 -0.047608
-0.25424 -0.051771 -0.026897
-0.34128 -0.033714 -0.002044
-0.44368 -0.021676 0.014524
0.00592 -0.018667 0.018667
0.06864 -0.025127 -0.001217
0.11568 -0.034818 -0.031042
0.13136 -0.042894 -0.055896
0.136587 -0.054199 -0.090692
0.13136 -0.065505 -0.125488
0.1 -0.071966 -0.145372
0.058187 -0.075196 -0.155313
0.00592 -0.073581 -0.150342
-0.067253 -0.062275 -0.115546
-0.114293 -0.054199 -0.090692
-0.187467 -0.044509 -0.060867
-0.250187 -0.036433 -0.036013
-0.33904 -0.026742 -0.006188
-0.443573 -0.020282 0.013696
0.0152 -0.018667 0.018667
0.0792 -0.018667 -0.002667
0.1272 -0.018667 -0.034667
0.1432 -0.018667 -0.061333
0.148533 -0.018667 -0.098667
0.1432 -0.018667 -0.136
0.1112 -0.018667 -0.157333
0.068533 -0.018667 -0.168
0.0152 -0.018667 -0.162667
-0.059467 -0.018667 -0.125333
-0.107467 -0.018667 -0.098667
-0.182133 -0.018667 -0.066667
-0.246133 -0.018667 -0.04
-0.3368 -0.018667 -0.008
-0.443467 -0.018667 0.013333
0.02448 -0.018667 0.018667
0.08976 -0.011943 -0.002028
0.13872 -0.001856 -0.033071
0.15504 0.006549 -0.05894
0.16048 0.018316 -0.095156
0.15504 0.030084 -0.131372
0.1224 0.036808 -0.152067
0.07888 0.04017 -0.162414
0.02448 0.038489 -0.157241
-0.05168 0.026722 -0.121025
-0.10064 0.018316 -0.095156
-0.1768 0.00823 -0.064113
-0.24208 -0.000175 -0.038245
-0.33456 -0.010261 -0.007202
-0.44336 -0.016986 0.013493
0.03376 -0.018667 0.018667
0.10032 -0.005626 0.000717
0.15024 0.013936 -0.026207
0.16688 0.030237 -0.048643
0.172427 0.053059 -0.080055
0.16688 0.07588 -0.111466
0.1336 0.088922 -0.129416
0.089227 0.095442 -0.13839
0.03376 0.092182 -0.133903
-0.043893 0.06936 -0.102492
-0.093813 0.053059 -0.080055
-0.171467 0.033497 -0.053131
-0.238027 0.017196 -0.030694
-0.33232 -0.002365 -0.00377
-0.443253 -0.015406 0.014179
0.04304 -0.018667 0.018667
0.11088 -0.000372 0.005375
0.16176 0.02707 -0.014563
0.17872 0.049938 -0.031178
0.184373 0.081954 -0.054438
0.17872 0.113969 -0.077699
0.1448 0.132264 -0.09099
0.099573 0.141411 -0.097636
0.04304 0.136837 -0.094314
-0.036107 0.104822 -0.071053
-0.086987 0.081954 -0.054438
-0.166133 0.054512 -0.0345
-0.233973 0.031643 -0.017886
-0.33008 0.004202 0.002052
-0.443147 -0.014093 0.015344
0.05232 -0.018667 0.018667
0.12144 0.003246 0.011547
0.17328 0.036114 0.000867
0.19056 0.063505 -0.008032
0.19632 0.101851 -0.020492
0.19056 0.140198 -0.032952
0.156 0.16211 -0.040071
0.10992 0.173066 -0.043631
0.05232 0.167588 -0.041851
-0.02832 0.129242 -0.029392
-0.08016 0.101851 -0.020492
-0.1608 0.068983 -0.009812
-0.22992 0.041592 -0.000913
-0.32784 0.008724 0.009767
-0.44304 -0.013189 0.016887
0.0616 -0.018667 0.018667
0.132 0.0048 0.018667
0.1848 0.04 0.018667
0.2024 0.069333 0.018667
0.208267 0.1104 0.018667
0.2024 0.151467 0.018667
0.1672 0.174933 0.018667
0.120267 0.186667 0.018667
0.0616 0.1808 0.018667
-0.020533 0.139733 0.018667
-0.073333 0.1104 0.018667
-0.155467 0.0752 0.018667
-0.225867 0.045867 0.018667
-0.3256 0.010667 0.018667
-0.442933 -0.0128 0.018667
0.07088 -0.018667 0.018667
0.14256 0.004057 0.02605
0.19632 0.038143 0.037125
0.21424 0.066548 0.046355
0.220213 0.106315 0.059276
0.21424 0.146082 0.072197
0.1784 0.168806 0.07958
0.130613 0.180168 0.083272
0.07088 0.174487 0.081426
-0.012747 0.13472 0.068505
-0.066507 0.106315 0.059276
-0.150133 0.072229 0.0482
-0.221813 0.043824 0.038971
-0.32336 0.009738 0.027896
-0.442827 -0.012986 0.020513
0.08016 -0.018667 0.018667
0.15312 0.001009 0.032962
0.20784 0.030522 0.054404
0.22608 0.055116 0.072273
0.23216 0.089547 0.097289
0.22608 0.123979 0.122305
0.1896 0.143655 0.1366
0.14096 0.153492 0.143747
0.08016 0.148573 0.140174
-0.00496 0.114142 0.115157
-0.05968 0.089547 0.097289
-0.1448 0.060034 0.075846
-0.21776 0.03544 0.057978
-0.32112 0.005927 0.036535
-0.44272 -0.013748 0.02224
0.08944 -0.018667 0.018667
0.16368 -0.004121 0.038687
0.21936 0.017698 0.068718
0.23792 0.03588 0.093743
0.244107 0.061335 0.128779
0.23792 0.08679 0.163815
0.2008 0.101336 0.183836
0.151307 0.108608 0.193846
0.08944 0.104972 0.188841
0.002827 0.079517 0.153805
-0.052853 0.061335 0.128779
-0.139467 0.039516 0.098749
-0.213707 0.021334 0.073723
-0.31888 -0.000485 0.043692
-0.442613 -0.01503 0.023672
0.09872 -0.018667 0.018667
0.17424 -0.010888 0.042608
0.23088 0.000781 0.07852
0.24976 0.010505 0.108446
0.256053 0.024118 0.150344
0.24976 0.037731 0.192241
0.212 0.04551 0.216182
0.161653 0.049399 0.228153
0.09872 0.047455 0.222167
0.010613 0.033841 0.18027
-0.046027 0.024118 0.150344
-0.134133 0.012449 0.114432
-0.209653 0.002726 0.084505
-0.31664 -0.008943 0.048593
-0.442507 -0.016722 0.024652
0.108 -0.018667 0.018667
0.1848 -0.018667 0.044267
0.2424 -0.018667 0.082667
0.2616 -0.018667 0.114667
0.268 -0.018667 0.159467
0.2616 -0.018667 0.204267
0.2232 -0.018667 0.229867
0.172 -0.018667 0.242667
0.108 -0.018667 0.236267
0.0184 -0.018667 0.191467
-0.0392 -0.018667 0.159467
-0.1288 -0.018667 0.121067
-0.2056 -0.018667 0.089067
-0.3144 -0.018667 0.050667
-0.4424 -0.018667 0.025067
0.11728 -0.018667 0.018667
0.19536 -0.026709 0.043419
0.25392 -0.038773 0.080549
0.27344 -0.048827 0.11149
0.279947 -0.062901 0.154807
0.27344 -0.076976 0.198125
0.2344 -0.085019 0.222878
0.182347 -0.08904 0.235254
0.11728 -0.08703 0.229066
0.026187 -0.072955 0.185748
-0.032373 -0.062901 0.154807
-0.123467 -0.050837 0.117678
-0.201547 -0.040784 0.086737
-0.31216 -0.02872 0.049608
-0.442293 -0.020677 0.024855
0.12656 -0.018667 0.018667
0.20592 -0.034215 0.040068
0.26544 -0.057539 0.07217
0.28528 -0.076975 0.098921
0.291893 -0.104185 0.136373
0.28528 -0.131396 0.173825
0.2456 -0.146945 0.195227
0.192693 -0.154719 0.205927
0.12656 -0.150832 0.200577
0.033973 -0.123622 0.163125
-0.025547 -0.104185 0.136373
-0.118133 -0.080862 0.104271
-0.197493 -0.061426 0.07752
-0.30992 -0.038103 0.045418
-0.442187 -0.022554 0.024017
0.13584 -0.018667 0.018667
0.21648 -0.040413 0.034466
0.27696 -0.073033 0.058166
0.29712 -0.100216 0.077915
0.30384 -0.138272 0.105565
0.29712 -0.176328 0.133214
0.2568 -0.198074 0.149014
0.20304 -0.208947 0.156914
0.13584 -0.203511 0.152964
0.04176 -0.165455 0.125314
-0.01872 -0.138272 0.105565
-0.1128 -0.105652 0.081865
-0.19344 -0.078469 0.062116
-0.30768 -0.04585 0.038416
-0.44208 -0.024103 0.022617
0.14512 -0.018667 0.018667
0.22704 -0.044637 0.027105
0.28848 -0.083592 0.039762
0.30896 -0.116055 0.05031
0.315787 -0.161503 0.065077
0.30896 -0.206951 0.079844
0.268 -0.232921 0.088282
0.213387 -0.245906 0.092501
0.14512 -0.239413 0.090392
0.049547 -0.193965 0.075625
-0.011893 -0.161503 0.065077
-0.107467 -0.122547 0.05242
-0.189387 -0.090085 0.041872
-0.30544 -0.051129 0.029214
-0.441973 -0.025159 0.020776
0.1544 -0.018667 0.018667
0.2376 -0.0464 0.018667
0.3 -0.088 0.018667
0.3208 -0.122667 0.018667
0.327733 -0.1712 0.018667
0.3208 -0.219733 0.018667
0.2792 -0.247467 0.018667
0.223733 -0.261333 0.018667
0.1544 -0.2544 0.018667
0.057333 -0.205867 0.018667
-0.005067 -0.1712 0.018667
-0.102133 -0.1296 0.018667
-0.185333 -0.094933 0.018667
-0.3032 -0.053333 0.018667
-0.441867 -0.0256 0.018667
0.16368 -0.018667 0.018667
0.24816 -0.045448 0.009965
0.31152 -0.085621 -0.003088
0.33264 -0.119098 -0.013965
0.33968 -0.165966 -0.029194
0.33264 -0.212834 -0.044422
0.2904 -0.239616 -0.053124
0.23408 -0.253007 -0.057475
0.16368 -0.246312 -0.0553
0.06512 -0.199444 -0.040071
0.00176 -0.165966 -0.029194
-0.0968 -0.125794 -0.016141
-0.18128 -0.092317 -0.005264
-0.30096 -0.052144 0.007789
-0.44176 -0.025362 0.016491
0.17296 -0.018667 0.018667
0.25872 -0.041794 0.001864
0.32304 -0.076484 -0.02334
0.34448 -0.105393 -0.044344
0.351627 -0.145866 -0.073749
0.34448 -0.186338 -0.103154
0.3016 -0.209465 -0.119957
0.244427 -0.221029 -0.128358
0.17296 -0.215247 -0.124157
0.072907 -0.174775 -0.094752
0.008587 -0.145866 -0.073749
-0.091467 -0.111175 -0.048545
-0.177227 -0.082266 -0.027541
-0.29872 -0.047575 -0.002337
-0.441653 -0.024448 0.014466
0.18224 -0.018667 0.018667
0.26928 -0.03572 -0.004806
0.33456 -0.061301 -0.040014
0.35632 -0.082618 -0.069354
0.363573 -0.112462 -0.110431
0.35632 -0.142305 -0.151507
0.3128 -0.159359 -0.17498
0.254773 -0.167886 -0.186716
0.18224 -0.163622 -0.180848
0.080693 -0.133779 -0.139771
0.015413 -0.112462 -0.110431
-0.086133 -0.086881 -0.075222
-0.173173 -0.065564 -0.045882
-0.29648 -0.039984 -0.010674
-0.441547 -0.02293 0.012799
0.19152 -0.018667 0.018667
0.27984 -0.027764 -0.009332
0.34608 -0.04141 -0.051331
0.36816 -0.052782 -0.08633
0.37552 -0.068703 -0.135328
0.36816 -0.084623 -0.184327
0.324 -0.093721 -0.212326
0.26512 -0.098269 -0.226325
0.19152 -0.095995 -0.219326
0.08848 -0.080074 -0.170327
0.02224 -0.068703 -0.135328
-0.0808 -0.055057 -0.09333
-0.16912 -0.043685 -0.058331
-0.29424 -0.030039 -0.016332
-0.44144 -0.020941 0.011667
0.2008 -0.018667 0.018667
0.2904 -0.018667 -0.0112
0.3576 -0.018667 -0.056
0.38 -0.018667 -0.093333
0.387467 -0.018667 -0.1456
0.38 -0.018667 -0.197867
0.3352 -0.018667 -0.227733
0.275467 -0.018667 -0.242667
0.2008 -0.018667 -0.2352
0.096267 -0.018667 -0.182933
0.029067 -0.018667 -0.1456
-0.075467 -0.018667 -0.1008
-0.165067 -0.018667 -0.063467
-0.292 -0.018667 -0.018667
-0.441333 -0.018667 0.0112
0.21008 -0.018667 0.018667
0.30096 -0.009306 -0.010144
0.36912 0.004736 -0.05336
0.39184 0.016438 -0.089373
0.399413 0.03282 -0.139792
0.39184 0.049202 -0.190211
0.3464 0.058563 -0.219021
0.285813 0.063243 -0.233427
0.21008 0.060903 -0.226224
0.104053 0.044521 -0.175805
0.035893 0.03282 -0.139792
-0.070133 0.018778 -0.096576
-0.161013 0.007077 -0.060563
-0.28976 -0.006965 -0.017347
-0.441227 -0.016326 0.011464
0.21936 -0.018667 0.018667
0.31152 -0.00061 -0.006186
0.38064 0.026475 -0.043466
0.40368 0.049046 -0.074532
0.41136 0.080646 -0.118025
0.40368 0.112245 -0.161518
0.3576 0.130302 -0.186371
0.29616 0.13933 -0.198797
0.21936 0.134816 -0.192584
0.11184 0.103216 -0.149091
0.04272 0.080646 -0.118025
-0.0648 0.05356 -0.080745
-0.15696 0.030989 -0.049679
-0.28752 0.003904 -0.0124
-0.44112 -0.014152 0.012453
0.22864 -0.018667 0.018667
0.32208 0.006532 0.000359
0.39216 0.044329 -0.027102
0.41552 0.075827 -0.049987
0.423307 0.119923 -0.082025
0.41552 0.16402 -0.114063
0.3688 0.189218 -0.132371
0.306507 0.201817 -0.141524
0.22864 0.195518 -0.136948
0.119627 0.151421 -0.104909
0.049547 0.119923 -0.082025
-0.059467 0.082126 -0.054563
-0.152907 0.050628 -0.031679
-0.28528 0.012831 -0.004218
-0.441013 -0.012367 0.01409
0.23792 -0.018667 0.018667
0.33264 0.011361 0.00891
0.40368 0.056403 -0.005725
0.42736 0.093938 -0.017921
0.435253 0.146487 -0.034995
0.42736 0.199037 -0.052069
0.38 0.229065 -0.061826
0.316853 0.244079 -0.066704
0.23792 0.236572 -0.064265
0.127413 0.184023 -0.047191
0.056373 0.146487 -0.034995
-0.054133 0.101445 -0.02036
-0.148853 0.06391 -0.008164
-0.28304 0.018868 0.006471
-0.440907 -0.01116 0.016228
0.2472 -0.018667 0.018667
0.3432 0.013333 0.018667
0.4152 0.061333 0.018667
0.4392 0.101333 0.018667
0.4472 0.157333 0.018667
0.4392 0.213333 0.018667
0.3912 0.245333 0.018667
0.3272 0.261333 0.018667
0.2472 0.253333 0.018667
0.1352 0.197333 0.018667
0.0632 0.157333 0.018667
-0.0488 0.109333 0.018667
-0.1448 0.069333 0.018667
-0.2808 0.021333 0.018667
-0.4408 -0.010667 0.018667
1680
0 16 1
15 16 0
1 17 2
16 17 1
2 18 3
17 18 2
3 19 4
18 19 3
4 20 5
19 20 4
5 21 6
20 21 5
6 22 7
21 22 6
7 23 8
22 23 7
8 24 9
23 24 8
9 25 10
24 25 9
10 26 11
25 26 10
11 27 12
26 27 11
12 28 13
27 28 12
13 29 14
28 29 13
15 31 16
30 31 15
16 32 17
31 32 16
17 33 18
32 33 17
18 34 19
33 34 18
19 35 20
34 35 19
20 36 21
35 36 20
21 37 22
36 37 21
22 38 23
37 38 22
23 39 24
38 39 23
24 40 25
39 40 24
25 41 26
40 41 25
26 42 27
41 42 26
27 43 28
42 43 27
28 44 29
43 44 28
30 46 31
45 46 30
31 47 32
46 47 31
32 48 33
47 48 32
33 49 34
48 49 33
34 50 35
49 50 34
35 51 36
50 51 35
36 52 37
51 52 36
37 53 38
52 53 37
38 54 39
53 54 38
39 55 40
54 55 39
40 56 41
55 56 40
41 57 42
56 57 41
42 58 43
57 58 42
43 59 44
58 59 43
45 61 46
60 61 45
46 62 47
61 62 46
47 63 48
62 63 47
48 64 49
63 64 48
49 65 50
64 65 49
50 66 51
65 66 50
51 67 52
66 67 51
52 68 53
67 68 52
53 69 54
68 69 53
54 70 55
69 70 54
55 71 56
70 71 55
56 72 57
71 72 56
57 73 58
72 73 57
58 74 59
73 74 58
60 76 61
75 76 60
61 77 62
76 77 61
62 78 63
77 78 62
63 79 64
78 79 63
64 80 65
79 80 64
65 81 66
80 81 65
66 82 67
81 82 66
67 83 68
82 83 67
68 84 69
83 84 68
69 85 70
84 85 69
70 86 71
85 86 70
71 87 72
86 87 71
72 88 73
87 88 72
73 89 74
88 89 73
75 91 76
90 91 75
76 92 77
91 92 76
77 93 78
92 93 77
78 94 79
93 94 78
79 95 80
94 95 79
80 96 81
95 96 80
81 97 82
96 97 81
82 98 83
97 98 82
83 99 84
98 99 83
84 100 85
99 100 84
85 101 86
100 101 85
86 102 87
101 102 86
87 103 88
102 103 87
88 104 89
103 104 88
90 106 91
105 106 90
91 107 92
106 107 91
92 108 93
107 108 92
93 109 94
108 109 93
94 110 95
109 110 94
95 111 96
110 111 95
96 112 97
111 112 96
97 113 98
112 113 97
98 114 99
113 114 98
99 115 100
114 115 99
100 116 101
115 116 100
101 117 102
116 117 101
102 118 103
117 118 102
103 119 104
118 119 103
105 121 106
120 121 105
106 122 107
121 122 106
107 123 108
122 123 107
108 124 109
123 124 108
109 125 110
124 125 109
110 126 111
125 126 110
111 127 112
126 127 111
112 128 113
127 128 112
113 129 114
128 129 113
114 130 115
129 130 114
115 131 116
130 131 115
116 132 117
131 132 116
117 133 118
132 133 117
118 134 119
133 134 118
120 136 121
135 136 120
121 137 122
136 137 121
122 138 123
137 138 122
123 139 124
138 139 123
124 140 125
139 140 124
125 141 126
140 141 125
126 142 127
141 142 126
127 143 128
142 143 127
128 144 129
143 144 128
129 145 130
144 145 129
130 146 131
145 146 130
131 147 132
146 147 131
132 148 133
147 148 132
133 149 134
148 149 133
135 151 136
150 151 135
136 152 137
151 152 136
137 153 138
152 153 137
138 154 139
153 154 138
139 155 140
154 155 139
140 156 141
155 156 140
141 157 142
156 157 141
142 158 143
157 158 142
143 159 144
158 159 143
144 160 145
159 160 144
145 161 146
160 161 145
146 162 147
161 162 146
147 163 148
162 163 147
148 164 149
163 164 148
150 166 151
165 166 150
151 167 152
166 167 151
152 168 153
167 168 152
153 169 154
168 169 153
154 170 155
169 170 154
155 171 156
170 171 155
156 172 157
171 172 156
157 173 158
172 173 157
158 174 159
173 174 158
159 175 160
174 175 159
160 176 161
175 176 160
161 177 162
176 177 161
162 178 163
177 178 162
163 179 164
178 179 163
165 181 166
180 181 165
166 182 167
181 182 166
167 183 168
182 183 167
168 184 169
183 184 168
169 185 170
184 185 169
170 186 171
185 186 170
171 187 172
186 187 171
172 188 173
187 188 172
173 189 174
188 189 173
174 190 175
189 190 174
175 191 176
190 191 175
176 192 177
191 192 176
177 193 178
192 193 177
178 194 179
193 194 178
180 196 181
195 196 180
181 197 182
196 197 181
182 198 183
197 198 182
183 199 184
198 199 183
184 200 185
199 200 184
185 201 186
200 201 185
186 202 187
201 202 186
187 203 188
202 203 187
188 204 189
203 204 188
189 205 190
204 205 189
190 206 191
205 206 190
191 207 192
206 207 191
192 208 193
207 208 192
193 209 194
208 209 193
195 211 196
210 211 195
196 212 197
211 212 196
197 213 198
212 213 197
198 214 199
213 214 198
199 215 200
214 215 199
200 216 201
215 216 200
201 217 202
216 217 201
202 218 203
217 218 202
203 219 204
218 219 203
204 220 205
219 220 204
205 221 206
220 221 205
206 222 207
221 222 206
207 223 208
222 223 207
208 224 209
223 224 208
210 226 211
225 226 210
211 227 212
226 227 211
212 228 213
227 228 212
213 229 214
228 229 213
214 230 215
229 230 214
215 231 216
230 231 215
216 232 217
231 232 216
217 233 218
232 233 217
218 234 219
233 234 218
219 235 220
234 235 219
220 236 221
235 236 220
221 237 222
236 237 221
222 238 223
237 238 222
223 239 224
238 239 223
225 241 226
240 241 225
226 242 227
241 242 226
227 243 228
242 243 227
228 244 229
243 244 228
229 245 230
244 245 229
230 246 231
245 246 230
231 247 232
246 247 231
232 248 233
247 248 232
233 249 234
248 249 233
234 250 235
249 250 234
235 251 236
250 251 235
236 252 237
251 252 236
237 253 238
252 253 237
238 254 239
253 254 238
240 256 241
255 256 240
241 257 242
256 257 241
242 258 243
257 258 242
243 259 244
258 259 243
244 260 245
259 260 244
245 261 246
260 261 245
246 262 247
261 262 246
247 263 248
262 263 247
248 264 249
263 264 248
249 265 250
264 265 249
250 266 251
265 266 250
251 267 252
266 267 251
252 268 253
267 268 252
253 269 254
268 269 253
255 271 256
270 271 255
256 272 257
271 272 256
257 273 258
272 273 257
258 274 259
273 274 258
259 275 260
274 275 259
260 276 261
275 276 260
261 277 262
276 277 261
262 278 263
277 278 262
263 279 264
278 279 263
264 280 265
279 280 264
265 281 266
280 281 265
266 282 267
281 282 266
267 283 268
282 283 267
268 284 269
283 284 268
270 286 271
285 286 270
271 287 272
286 287 271
272 288 273
287 288 272
273 289 274
288 289 273
274 290 275
289 290 274
275 291 276
290 291 275
276 292 277
291 292 276
277 293 278
292 293 277
278 294 279
293 294 278
279 295 280
294 295 279
280 296 281
295 296 280
281 297 282
296 297 281
282 298 283
297 298 282
283 299 284
298 299 283
285 301 286
300 301 285
286 302 287
301 302 286
287 303 288
302 303 287
288 304 289
303 304 288
289 305 290
304 305 289
290 306 291
305 306 290
291 307 292
306 307 291
292 308 293
307 308 292
293 309 294
308 309 293
294 310 295
309 310 294
295 311 296
310 311 295
296 312 297
311 312 296
297 313 298
312 313 297
298 314 299
313 314 298
300 316 301
315 316 300
301 317 302
316 317 301
302 318 303
317 318 302
303 319 304
318 319 303
304 320 305
319 320 304
305 321 306
320 321 305
306 322 307
321 322 306
307 323 308
322 323 307
308 324 309
323 324 308
309 325 310
324 325 309
310 326 311
325 326 310
311 327 312
326 327 311
312 328 313
327 328 312
313 329 314
328 329 313
315 331 316
330 331 315
316 332 317
331 332 316
317 333 318
332 333 317
318 334 319
333 334 318
319 335 320
334 335 319
320 336 321
335 336 320
321 337 322
336 337 321
322 338 323
337 338 322
323 339 324
338 339 323
324 340 325
339 340 324
325 341 326
340 341 325
326 342 327
341 342 326
327 343 328
342 343 327
328 344 329
343 344 328
330 346 331
345 346 330
331 347 332
346 347 331
332 348 333
347 348 332
333 349 334
348 349 333
334 350 335
349 350 334
335 351 336
350 351 335
336 352 337
351 352 336
337 353 338
352 353 337
338 354 339
353 354 338
339 355 340
354 355 339
340 356 341
355 356 340
341 357 342
356 357 341
342 358 343
357 358 342
343 359 344
358 359 343
345 361 346
360 361 345
346 362 347
361 362 346
347 363 348
362 363 347
348 364 349
363 364 348
349 365 350
364 365 349
350 366 351
365 366 350
351 367 352
366 367 351
352 368 353
367 368 352
353 369 354
368 369 353
354 370 355
369 370 354
355 371 356
370 371 355
356 372 357
371 372 356
357 373 358
372 373 357
358 374 359
373 374 358
360 376 361
375 376 360
361 377 362
376 377 361
362 378 363
377 378 362
363 379 364
378 379 363
364 380 365
379 380 364
365 381 366
380 381 365
366 382 367
381 382 366
367 383 368
382 383 367
368 384 369
383 384 368
369 385 370
384 385 369
370 386 371
385 386 370
371 387 372
386 387 371
372 388 373
387 388 372
373 389 374
388 389 373
375 391 376
390 391 375
376 392 377
391 392 376
377 393 378
392 393 377
378 394 379
393 394 378
379 395 380
394 395 379
380 396 381
395 396 380
381 397 382
396 397 381
382 398 383
397 398 382
383 399 384
398 399 383
384 400 385
399 400 384
385 401 386
400 401 385
386 402 387
401 402 386
387 403 388
402 403 387
388 404 389
403 404 388
390 406 391
405 406 390
391 407 392
406 407 391
392 408 393
407 408 392
393 409 394
408 409 393
394 410 395
409 410 394
395 411 396
410 411 395
396 412 397
411 412 396
397 413 398
412 413 397
398 414 399
413 414 398
399 415 400
414 415 399
400 416 401
415 416 400
401 417 402
416 417 401
402 418 403
417 418 402
403 419 404
418 419 403
405 421 406
420 421 405
406 422 407
421 422 406
407 423 408
422 423 407
408 424 409
423 424 408
409 425 410
424 425 409
410 426 411
425 426 410
411 427 412
426 427 411
412 428 413
427 428 412
413 429 414
428 429 413
414 430 415
429 430 414
415 431 416
430 431 415
416 432 417
431 432 416
417 433 418
432 433 417
418 434 419
433 434 418
420 436 421
435 436 420
421 437 422
436 437 421
422 438 423
437 438 422
423 439 424
438 439 423
424 440 425
439 440 424
425 441 426
440 441 425
426 442 427
441 442 426
427 443 428
442 443 427
428 444 429
443 444 428
429 445 430
444 445 429
430 446 431
445 446 430
431 447 432
446 447 431
432 448 433
447 448 432
433 449 434
448 449 433
435 451 436
450 451 435
436 452 437
451 452 436
437 453 438
452 453 437
438 454 439
453 454 438
439 455 440
454 455 439
440 456 441
455 456 440
441 457 442
456 457 441
442 458 443
457 458 442
443 459 444
458 459 443
444 460 445
459 460 444
445 461 446
460 461 445
446 462 447
461 462 446
447 463 448
462 463 447
448 464 449
463 464 448
450 466 451
465 466 450
451 467 452
466 467 451
452 468 453
467 468 452
453 469 454
468 469 453
454 470 455
469 470 454
455 471 456
470 471 455
456 472 457
471 472 456
457 473 458
472 473 457
458 474 459
473 474 458
459 475 460
474 475 459
460 476 461
475 476 460
461 477 462
476 477 461
462 478 463
477 478 462
463 479 464
478 479 463
465 481 466
480 481 465
466 482 467
481 482 466
467 483 468
482 483 467
468 484 469
483 484 468
469 485 470
484 485 469
470 486 471
485 486 470
471 487 472
486 487 471
472 488 473
487 488 472
473 489 474
488 489 473
474 490 475
489 490 474
475 491 476
490 491 475
476 492 477
491 492 476
477 493 478
492 493 477
478 494 479
493 494 478
480 496 481
495 496 480
481 497 482
496 497 481
482 498 483
497 498 482
483 499 484
498 499 483
484 500 485
499 500 484
485 501 486
500 501 485
486 502 487
501 502 486
487 503 488
502 503 487
488 504 489
503 504 488
489 505 490
504 505 489
490 506 491
505 506 490
491 507 492
506 507 491
492 508 493
507 508 492
493 509 494
508 509 493
495 511 496
510 511 495
496 512 497
511 512 496
497 513 498
512 513 497
498 514 499
513 514 498
499 515 500
514 515 499
500 516 501
515 516 500
501 517 502
516 517 501
502 518 503
517 518 502
503 519 504
518 519 503
504 520 505
519 520 504
505 521 506
520 521 505
506 522 507
521 522 506
507 523 508
522 523 507
508 524 509
523 524 508
510 526 511
525 526 510
511 527 512
526 527 511
512 528 513
527 528 512
513 529 514
528 529 513
514 530 515
529 530 514
515 531 516
530 531 515
516 532 517
531 532 516
517 533 518
532 533 517
518 534 519
533 534 518
519 535 520
534 535 519
520 536 521
535 536 520
521 537 522
536 537 521
522 538 523
537 538 522
523 539 524
538 539 523
525 541 526
540 541 525
526 542 527
541 542 526
527 543 528
542 543 527
528 544 529
543 544 528
529 545 530
544 545 529
530 546 531
545 546 530
531 547 532
546 547 531
532 548 533
547 548 532
533 549 534
548 549 533
534 550 535
549 550 534
535 551 536
550 551 535
536 552 537
551 552 536
537 553 538
552 553 537
538 554 539
553 554 538
540 556 541
555 556 540
541 557 542
556 557 541
542 558 543
557 558 542
543 559 544
558 559 543
544 560 545
559 560 544
545 561 546
560 561 545
546 562 547
561 562 546
547 563 548
562 563 547
548 564 549
563 564 548
549 565 550
564 565 549
550 566 551
565 566 550
551 567 552
566 567 551
552 568 553
567 568 552
553 569 554
568 569 553
555 571 556
570 571 555
556 572 557
571 572 556
557 573 558
572 573 557
558 574 559
573 574 558
559 575 560
574 575 559
560 576 561
575 576 560
561 577 562
576 577 561
562 578 563
577 578 562
563 579 564
578 579 563
564 580 565
579 580 564
565 581 566
580 581 565
566 582 567
581 582 566
567 583 568
582 583 567
568 584 569
583 584 568
570 586 571
585 586 570
571 587 572
586 587 571
572 588 573
587 588 572
573 589 574
588 589 573
574 590 575
589 590 574
575 591 576
590 591 575
576 592 577
591 592 576
577 593 578
592 593 577
578 594 579
593 594 578
579 595 580
594 595 579
580 596 581
595 596 580
581 597 582
596 597 581
582 598 583
597 598 582
583 599 584
598 599 583
585 601 586
600 601 585
586 602 587
601 602 586
587 603 588
602 603 587
588 604 589
603 604 588
589 605 590
604 605 589
590 606 591
605 606 590
591 607 592
606 607 591
592 608 593
607 608 592
593 609 594
608 609 593
594 610 595
609 610 594
595 611 596
610 611 595
596 612 597
611 612 596
597 613 598
612 613 597
598 614 599
613 614 598
600 616 601
615 616 600
601 617 602
616 617 601
602 618 603
617 618 602
603 619 604
618 619 603
604 620 605
619 620 604
605 621 606
620 621 605
606 622 607
621 622 606
607 623 608
622 623 607
608 624 609
623 624 608
609 625 610
624 625 609
610 626 611
625 626 610
611 627 612
626 627 611
612 628 613
627 628 612
613 629 614
628 629 613
615 631 616
630 631 615
616 632 617
631 632 616
617 633 618
632 633 617
618 634 619
633 634 618
619 635 620
634 635 619
620 636 621
635 636 620
621 637 622
636 637 621
622 638 623
637 638 622
623 639 624
638 639 623
624 640 625
639 640 624
625 641 626
640 641 625
626 642 627
641 642 626
627 643 628
642 643 627
628 644 629
643 644 628
630 646 631
645 646 630
631 647 632
646 647 631
632 648 633
647 648 632
633 649 634
648 649 633
634 650 635
649 650 634
635 651 636
650 651 635
636 652 637
651 652 636
637 653 638
652 653 637
638 654 639
653 654 638
639 655 640
654 655 639
640 656 641
655 656 640
641 657 642
656 657 641
642 658 643
657 658 642
643 659 644
658 659 643
645 661 646
660 661 645
646 662 647
661 662 646
647 663 648
662 663 647
648 664 649
663 664 648
649 665 650
664 665 649
650 666 651
665 666 650
651 667 652
666 667 651
652 668 653
667 668 652
653 669 654
668 669 653
654 670 655
669 670 654
655 671 656
670 671 655
656 672 657
671 672 656
657 673 658
672 673 657
658 674 659
673 674 658
660 676 661
675 676 660
661 677 662
676 677 661
662 678 663
677 678 662
663 679 664
678 679 663
664 680 665
679 680 664
665 681 666
680 681 665
666 682 667
681 682 666
667 683 668
682 683 667
668 684 669
683 684 668
669 685 670
684 685 669
670 686 671
685 686 670
671 687 672
686 687 671
672 688 673
687 688 672
673 689 674
688 689 673
675 691 676
690 691 675
676 692 677
691 692 676
677 693 678
692 693 677
678 694 679
693 694 678
679 695 680
694 695 679
680 696 681
695 696 680
681 697 682
696 697 681
682 698 683
697 698 682
683 699 684
698 699 683
684 700 685
699 700 684
685 701 686
700 701 685
686 702 687
701 702 686
687 703 688
702 703 687
688 704 689
703 704 688
690 706 691
705 706 690
691 707 692
706 707 691
692 708 693
707 708 692
693 709 694
708 709 693
694 710 695
709 710 694
695 711 696
710 711 695
696 712 697
711 712 696
697 713 698
712 713 697
698 714 699
713 714 698
699 715 700
714 715 699
700 716 701
715 716 700
701 717 702
716 717 701
702 718 703
717 718 702
703 719 704
718 719 703
705 721 706
720 721 705
706 722 707
721 722 706
707 723 708
722 723 707
708 724 709
723 724 708
709 725 710
724 725 709
710 726 711
725 726 710
711 727 712
726 727 711
712 728 713
727 728 712
713 729 714
728 729 713
714 730 715
729 730 714
715 731 716
730 731 715
716 732 717
731 732 716
717 733 718
732 733 717
718 734 719
733 734 718
720 736 721
735 736 720
721 737 722
736 737 721
722 738 723
737 738 722
723 739 724
738 739 723
724 740 725
739 740 724
725 741 726
740 741 725
726 742 727
741 742 726
727 743 728
742 743 727
728 744 729
743 744 728
729 745 730
744 745 729
730 746 731
745 746 730
731 747 732
746 747 731
732 748 733
747 748 732
733 749 734
748 749 733
735 751 736
750 751 735
736 752 737
751 752 736
737 753 738
752 753 737
738 754 739
753 754 738
739 755 740
754 755 739
740 756 741
755 756 740
741 757 742
756 757 741
742 758 743
757 758 742
743 759 744
758 759 743
744 760 745
759 760 744
745 761 746
760 761 745
746 762 747
761 762 746
747 763 748
762 763 747
748 764 749
763 764 748
750 766 751
765 766 750
751 767 752
766 767 751
752 768 753
767 768 752
753 769 754
768 769 753
754 770 755
769 770 754
755 771 756
770 771 755
756 772 757
771 772 756
757 773 758
772 773 757
758 774 759
773 774 758
759 775 760
774 775 759
760 776 761
775 776 760
761 777 762
776 777 761
762 778 763
777 778 762
763 779 764
778 779 763
765 781 766
780 781 765
766 782 767
781 782 766
767 783 768
782 783 767
768 784 769
783 784 768
769 785 770
784 785 769
770 786 771
785 786 770
771 787 772
786 787 771
772 788 773
787 788 772
773 789 774
788 789 773
774 790 775
789 790 774
775 791 776
790 791 775
776 792 777
791 792 776
777 793 778
792 793 777
778 794 779
793 794 778
780 796 781
795 796 780
781 797 782
796 797 781
782 798 783
797 798 782
783 799 784
798 799 783
784 800 785
799 800 784
785 801 786
800 801 785
786 802 787
801 802 786
787 803 788
802 803 787
788 804 789
803 804 788
789 805 790
804 805 789
790 806 791
805 806 790
791 807 792
806 807 791
792 808 793
807 808 792
793 809 794
808 809 793
795 811 796
810 811 795
796 812 797
811 812 796
797 813 798
812 813 797
798 814 799
813 814 798
799 815 800
814 815 799
800 816 801
815 816 800
801 817 802
816 817 801
802 818 803
817 818 802
803 819 804
818 819 803
804 820 805
819 820 804
805 821 806
820 821 805
806 822 807
821 822 806
807 823 808
822 823 807
808 824 809
823 824 808
810 826 811
825 826 810
811 827 812
826 827 811
812 828 813
827 828 812
813 829 814
828 829 813
814 830 815
829 830 814
815 831 816
830 831 815
816 832 817
831 832 816
817 833 818
832 833 817
818 834 819
833 834 818
819 835 820
834 835 819
820 836 821
835 836 820
821 837 822
836 837 821
822 838 823
837 838 822
823 839 824
838 839 823
825 841 826
840 841 825
826 842 827
841 842 826
827 843 828
842 843 827
828 844 829
843 844 828
829 845 830
844 845 829
830 846 831
845 846 830
831 847 832
846 847 831
832 848 833
847 848 832
833 849 834
848 849 833
834 850 835
849 850 834
835 851 836
850 851 835
836 852 837
851 852 836
837 853 838
852 853 837
838 854 839
853 854 838
840 856 841
855 856 840
841 857 842
856 857 841
842 858 843
857 858 842
843 859 844
858 859 843
844 860 845
859 860 844
845 861 846
860 861 845
846 862 847
861 862 846
847 863 848
862 863 847
848 864 849
863 864 848
849 865 850
864 865 849
850 866 851
865 866 850
851 867 852
866 867 851
852 868 853
867 868 852
853 869 854
868 869 853
855 871 856
870 871 855
856 872 857
871 872 856
857 873 858
872 873 857
858 874 859
873 874 858
859 875 860
874 875 859
860 876 861
875 876 860
861 877 862
876 877 861
862 878 863
877 878 862
863 879 864
878 879 863
864 880 865
879 880 864
865 881 866
880 881 865
866 882 867
881 882 866
867 883 868
882 883 867
868 884 869
883 884 868
870 886 871
885 886 870
871 887 872
886 887 871
872 888 873
887 888 872
873 889 874
888 889 873
874 890 875
889 890 874
875 891 876
890 891 875
876 892 877
891 892 876
877 893 878
892 893 877
878 894 879
893 894 878
879 895 880
894 895 879
880 896 881
895 896 880
881 897 882
896 897 881
882 898 883
897 898 882
883 899 884
898 899 883
885 901 886
900 901 885
886 902 887
901 902 886
887 903 888
902 903 887
888 904 889
903 904 888
889 905 890
904 905 889
890 906 891
905 906 890
891 907 892
906 907 891
892 908 893
907 908 892
893 909 894
908 909 893
894 910 895
909 910 894
895 911 896
910 911 895
896 912 897
911 912 896
897 913 898
912 913 897
898 914 899
913 914 898
