3 2
252
0.281811 0.204747 0.937369
0.513822 0.211637 0.831382
0.360059 0.423275 0.831382
0.712379 0.204747 0.671263
0.582588 0.423275 0.693852
0.414864 0.614242 0.671263
0.0609297 0.187522 0.980369
0.128986 0.396979 0.908719
-0.107642 0.331288 0.937369
0.193479 0.595468 0.779733
-0.0424992 0.554074 0.831382
-0.291294 0.473235 0.831382
0.243719 0.750089 0.614791
0.0254109 0.740783 0.671263
-0.222529 0.684873 0.693852
-0.455979 0.58437 0.671263
-0.159516 0.115895 0.980369
-0.33769 0.245346 0.908719
-0.348337 5.44616e-016 0.937369
-0.506536 0.36802 0.779733
-0.540088 0.130799 0.831382
-0.540088 -0.130799 0.831382
-0.638064 0.463581 0.614791
-0.696674 0.253082 0.671263
-0.720118 1.12589e-015 0.693852
-0.696674 -0.253082 0.671263
-0.159516 -0.115895 0.980369
-0.33769 -0.245346 0.908719
-0.107642 -0.331288 0.937369
-0.506536 -0.36802 0.779733
-0.291294 -0.473235 0.831382
-0.0424992 -0.554074 0.831382
-0.638064 -0.463581 0.614791
-0.455979 -0.58437 0.671263
-0.222529 -0.684873 0.693852
0.0254109 -0.740783 0.671263
0 0 1
0.0609297 -0.187522 0.980369
0.197173 6.16548e-016 0.980369
0.128986 -0.396979 0.908719
0.281811 -0.204747 0.937369
0.417408 1.30521e-015 0.908719
0.193479 -0.595468 0.779733
0.360059 -0.423275 0.831382
0.513822 -0.211637 0.831382
0.626112 1.95782e-015 0.779733
0.243719 -0.750089 0.614791
0.414864 -0.614242 0.671263
0.582588 -0.423275 0.693852
0.712379 -0.204747 0.671263
0.78869 2.46619e-015 0.614791
0.804316 0.58437 -0.107642
0.720118 0.684873 0.111264
0.873881 0.473235 0.111264
0.589032 0.740783 0.322926
0.762617 0.554074 0.333793
0.886548 0.331288 0.322926
0.440891 0.750089 0.492931
0.610888 0.595468 0.52176
0.755099 0.396979 0.52176
0.84962 0.187522 0.492931
-0.307222 0.945531 -0.107642
-0.428824 0.89651 0.111264
-0.180029 0.977348 0.111264
-0.522506 0.789117 0.322926
-0.291294 0.89651 0.333793
-0.0411156 0.945531 0.322926
-0.577134 0.651103 0.492931
-0.377549 0.764998 0.52176
-0.144211 0.840815 0.52176
0.0842027 0.865984 0.492931
-0.99419 7.48603e-017 -0.107642
-0.985146 -0.130799 0.111264
-0.985146 0.130799 0.111264
-0.911958 -0.253082 0.322926
-0.942646 3.96492e-016 0.333793
-0.911958 0.253082 0.322926
-0.79758 -0.347685 0.492931
-0.844226 -0.122673 0.52176
-0.844226 0.122673 0.52176
-0.79758 0.347685 0.492931
-0.307222 -0.945531 -0.107642
-0.180029 -0.977348 0.111264
-0.428824 -0.89651 0.111264
-0.0411156 -0.945531 0.322926
-0.291294 -0.89651 0.333793
-0.522506 -0.789117 0.322926
0.0842027 -0.865984 0.492931
-0.144211 -0.840815 0.52176
-0.377549 -0.764998 0.52176
-0.577134 -0.651103 0.492931
0.804316 -0.58437 -0.107642
0.873881 -0.473235 0.111264
0.720118 -0.684873 0.111264
0.886548 -0.331288 0.322926
0.762617 -0.554074 0.333793
0.589032 -0.740783 0.322926
0.84962 -0.187522 0.492931
0.755099 -0.396979 0.52176
0.610888 -0.595468 0.52176
0.440891 -0.750089 0.492931
0.276393 0.850651 0.447214
0.182789 0.937611 0.295759
0.403235 0.865984 0.295759
0.0644931 0.992447 0.104352
0.307222 0.945531 0.107642
0.53117 0.840815 0.104352
-0.0644931 0.992447 -0.104352
0.180029 0.977348 -0.111264
0.428824 0.89651 -0.111264
0.635522 0.764998 -0.104352
-0.182789 0.937611 -0.295759
0.0411156 0.945531 -0.322926
0.291294 0.89651 -0.333793
0.522506 0.789117 -0.322926
0.698993 0.651103 -0.295759
-0.723607 0.525731 0.447214
-0.835236 0.463581 0.295759
-0.698993 0.651103 0.295759
-0.923944 0.36802 0.104352
-0.804316 0.58437 0.107642
-0.635522 0.764998 0.104352
-0.963803 0.245346 -0.104352
-0.873881 0.473235 -0.111264
-0.720118 0.684873 -0.111264
-0.53117 0.840815 -0.104352
-0.948206 0.115895 -0.295759
-0.886548 0.331288 -0.322926
-0.762617 0.554074 -0.333793
-0.589032 0.740783 -0.322926
-0.403235 0.865984 -0.295759
-0.723607 -0.525731 0.447214
-0.698993 -0.651103 0.295759
-0.835236 -0.463581 0.295759
-0.635522 -0.764998 0.104352
-0.804316 -0.58437 0.107642
-0.923944 -0.36802 0.104352
-0.53117 -0.840815 -0.104352
-0.720118 -0.684873 -0.111264
-0.873881 -0.473235 -0.111264
-0.963803 -0.245346 -0.104352
-0.403235 -0.865984 -0.295759
-0.589032 -0.740783 -0.322926
-0.762617 -0.554074 -0.333793
-0.886548 -0.331288 -0.322926
-0.948206 -0.115895 -0.295759
0.276393 -0.850651 0.447214
0.403235 -0.865984 0.295759
0.182789 -0.937611 0.295759
0.53117 -0.840815 0.104352
0.307222 -0.945531 0.107642
0.0644931 -0.992447 0.104352
0.635522 -0.764998 -0.104352
0.428824 -0.89651 -0.111264
0.180029 -0.977348 -0.111264
-0.0644931 -0.992447 -0.104352
0.698993 -0.651103 -0.295759
0.522506 -0.789117 -0.322926
0.291294 -0.89651 -0.333793
0.0411156 -0.945531 -0.322926
-0.182789 -0.937611 -0.295759
0.894427 1.0222e-015 0.447214
0.948206 0.115895 0.295759
0.948206 -0.115895 0.295759
0.963803 0.245346 0.104352
0.99419 1.13622e-015 0.107642
0.963803 -0.245346 0.104352
0.923944 0.36802 -0.104352
0.985146 0.130799 -0.111264
0.985146 -0.130799 -0.111264
0.923944 -0.36802 -0.104352
0.835236 0.463581 -0.295759
0.911958 0.253082 -0.322926
0.942646 1.41958e-016 -0.333793
0.911958 -0.253082 -0.322926
0.835236 -0.463581 -0.295759
0.107642 0.331288 -0.937369
0.291294 0.473235 -0.831382
0.0424992 0.554074 -0.831382
0.455979 0.58437 -0.671263
0.222529 0.684873 -0.693852
-0.0254109 0.740783 -0.671263
0.577134 0.651103 -0.492931
0.377549 0.764998 -0.52176
0.144211 0.840815 -0.52176
-0.0842027 0.865984 -0.492931
-0.0609297 0.187522 -0.980369
-0.128986 0.396979 -0.908719
-0.281811 0.204747 -0.937369
-0.193479 0.595468 -0.779733
-0.360059 0.423275 -0.831382
-0.513822 0.211637 -0.831382
-0.243719 0.750089 -0.614791
-0.414864 0.614242 -0.671263
-0.582588 0.423275 -0.693852
-0.712379 0.204747 -0.671263
-0.276393 0.850651 -0.447214
-0.440891 0.750089 -0.492931
-0.610888 0.595468 -0.52176
-0.755099 0.396979 -0.52176
-0.84962 0.187522 -0.492931
-0.197173 1.1267e-016 -0.980369
-0.417408 2.38519e-016 -0.908719
-0.281811 -0.204747 -0.937369
-0.626112 3.57779e-016 -0.779733
-0.513822 -0.211637 -0.831382
-0.360059 -0.423275 -0.831382
-0.78869 4.5068e-016 -0.614791
-0.712379 -0.204747 -0.671263
-0.582588 -0.423275 -0.693852
-0.414864 -0.614242 -0.671263
-0.894427 5.11101e-016 -0.447214
-0.84962 -0.187522 -0.492931
-0.755099 -0.396979 -0.52176
-0.610888 -0.595468 -0.52176
-0.440891 -0.750089 -0.492931
-0.0609297 -0.187522 -0.980369
-0.128986 -0.396979 -0.908719
0.107642 -0.331288 -0.937369
-0.193479 -0.595468 -0.779733
0.0424992 -0.554074 -0.831382
0.291294 -0.473235 -0.831382
-0.243719 -0.750089 -0.614791
-0.0254109 -0.740783 -0.671263
0.222529 -0.684873 -0.693852
0.455979 -0.58437 -0.671263
-0.276393 -0.850651 -0.447214
-0.0842027 -0.865984 -0.492931
0.144211 -0.840815 -0.52176
0.377549 -0.764998 -0.52176
0.577134 -0.651103 -0.492931
4.62296e-016 3.35877e-016 -1
0.159516 -0.115895 -0.980369
0.159516 0.115895 -0.980369
0.33769 -0.245346 -0.908719
0.348337 7.43741e-016 -0.937369
0.33769 0.245346 -0.908719
0.506536 -0.36802 -0.779733
0.540088 -0.130799 -0.831382
0.540088 0.130799 -0.831382
0.506536 0.36802 -0.779733
0.638064 -0.463581 -0.614791
0.696674 -0.253082 -0.671263
0.720118 1.53754e-015 -0.693852
0.696674 0.253082 -0.671263
0.638064 0.463581 -0.614791
0.723607 -0.525731 -0.447214
0.79758 -0.347685 -0.492931
0.844226 -0.122673 -0.52176
0.844226 0.122673 -0.52176
0.79758 0.347685 -0.492931
0.723607 0.525731 -0.447214
500
36 38 6
38 41 0
38 0 6
6 0 7
41 45 1
41 1 0
0 1 2
0 2 7
7 2 9
45 50 3
45 3 1
1 3 4
1 4 2
2 4 5
2 5 9
9 5 12
50 161 60
50 60 3
3 60 59
3 59 4
4 59 58
4 58 5
5 58 57
5 57 12
12 57 101
36 6 16
6 7 8
6 8 16
16 8 17
7 9 10
7 10 8
8 10 11
8 11 17
17 11 19
9 12 13
9 13 10
10 13 14
10 14 11
11 14 15
11 15 19
19 15 22
12 101 70
12 70 13
13 70 69
13 69 14
14 69 68
14 68 15
15 68 67
15 67 22
22 67 116
36 16 26
16 17 18
16 18 26
26 18 27
17 19 20
17 20 18
18 20 21
18 21 27
27 21 29
19 22 23
19 23 20
20 23 24
20 24 21
21 24 25
21 25 29
29 25 32
22 116 80
22 80 23
23 80 79
23 79 24
24 79 78
24 78 25
25 78 77
25 77 32
32 77 131
36 26 37
26 27 28
26 28 37
37 28 39
27 29 30
27 30 28
28 30 31
28 31 39
39 31 42
29 32 33
29 33 30
30 33 34
30 34 31
31 34 35
31 35 42
42 35 46
32 131 90
32 90 33
33 90 89
33 89 34
34 89 88
34 88 35
35 88 87
35 87 46
46 87 146
36 37 38
37 39 40
37 40 38
38 40 41
39 42 43
39 43 40
40 43 44
40 44 41
41 44 45
42 46 47
42 47 43
43 47 48
43 48 44
44 48 49
44 49 45
45 49 50
46 146 100
46 100 47
47 100 99
47 99 48
48 99 98
48 98 49
49 98 97
49 97 50
50 97 161
251 115 171
115 110 51
115 51 171
171 51 167
110 106 52
110 52 51
51 52 53
51 53 167
167 53 164
106 103 54
106 54 52
52 54 55
52 55 53
53 55 56
53 56 164
164 56 162
103 101 57
103 57 54
54 57 58
54 58 55
55 58 59
55 59 56
56 59 60
56 60 162
162 60 161
196 130 111
130 125 61
130 61 111
111 61 107
125 121 62
125 62 61
61 62 63
61 63 107
107 63 104
121 118 64
121 64 62
62 64 65
62 65 63
63 65 66
63 66 104
104 66 102
118 116 67
118 67 64
64 67 68
64 68 65
65 68 69
65 69 66
66 69 70
66 70 102
102 70 101
211 145 126
145 140 71
145 71 126
126 71 122
140 136 72
140 72 71
71 72 73
71 73 122
122 73 119
136 133 74
136 74 72
72 74 75
72 75 73
73 75 76
73 76 119
119 76 117
133 131 77
133 77 74
74 77 78
74 78 75
75 78 79
75 79 76
76 79 80
76 80 117
117 80 116
226 160 141
160 155 81
160 81 141
141 81 137
155 151 82
155 82 81
81 82 83
81 83 137
137 83 134
151 148 84
151 84 82
82 84 85
82 85 83
83 85 86
83 86 134
134 86 132
148 146 87
148 87 84
84 87 88
84 88 85
85 88 89
85 89 86
86 89 90
86 90 132
132 90 131
246 175 156
175 170 91
175 91 156
156 91 152
170 166 92
170 92 91
91 92 93
91 93 152
152 93 149
166 163 94
166 94 92
92 94 95
92 95 93
93 95 96
93 96 149
149 96 147
163 161 97
163 97 94
94 97 98
94 98 95
95 98 99
95 99 96
96 99 100
96 100 147
147 100 146
102 101 103
104 102 105
105 102 103
105 103 106
107 104 108
108 104 105
108 105 109
109 105 106
109 106 110
111 107 112
112 107 108
112 108 113
113 108 109
113 109 114
114 109 110
114 110 115
196 111 185
185 111 112
185 112 184
184 112 113
184 113 183
183 113 114
183 114 182
182 114 115
182 115 251
117 116 118
119 117 120
120 117 118
120 118 121
122 119 123
123 119 120
123 120 124
124 120 121
124 121 125
126 122 127
127 122 123
127 123 128
128 123 124
128 124 129
129 124 125
129 125 130
211 126 200
200 126 127
200 127 199
199 127 128
199 128 198
198 128 129
198 129 197
197 129 130
197 130 196
132 131 133
134 132 135
135 132 133
135 133 136
137 134 138
138 134 135
138 135 139
139 135 136
139 136 140
141 137 142
142 137 138
142 138 143
143 138 139
143 139 144
144 139 140
144 140 145
226 141 215
215 141 142
215 142 214
214 142 143
214 143 213
213 143 144
213 144 212
212 144 145
212 145 211
147 146 148
149 147 150
150 147 148
150 148 151
152 149 153
153 149 150
153 150 154
154 150 151
154 151 155
156 152 157
157 152 153
157 153 158
158 153 154
158 154 159
159 154 155
159 155 160
246 156 230
230 156 157
230 157 229
229 157 158
229 158 228
228 158 159
228 159 227
227 159 160
227 160 226
162 161 163
164 162 165
165 162 163
165 163 166
167 164 168
168 164 165
168 165 169
169 165 166
169 166 170
171 167 172
172 167 168
172 168 173
173 168 169
173 169 174
174 169 170
174 170 175
251 171 250
250 171 172
250 172 249
249 172 173
249 173 248
248 173 174
248 174 247
247 174 175
247 175 246
233 231 186
236 233 176
176 233 186
176 186 187
240 236 177
177 236 176
177 176 178
178 176 187
178 187 189
245 240 179
179 240 177
179 177 180
180 177 178
180 178 181
181 178 189
181 189 192
251 245 182
182 245 179
182 179 183
183 179 180
183 180 184
184 180 181
184 181 185
185 181 192
185 192 196
186 231 201
187 186 188
188 186 201
188 201 202
189 187 190
190 187 188
190 188 191
191 188 202
191 202 204
192 189 193
193 189 190
193 190 194
194 190 191
194 191 195
195 191 204
195 204 207
196 192 197
197 192 193
197 193 198
198 193 194
198 194 199
199 194 195
199 195 200
200 195 207
200 207 211
201 231 216
202 201 203
203 201 216
203 216 217
204 202 205
205 202 203
205 203 206
206 203 217
206 217 219
207 204 208
208 204 205
208 205 209
209 205 206
209 206 210
210 206 219
210 219 222
211 207 212
212 207 208
212 208 213
213 208 209
213 209 214
214 209 210
214 210 215
215 210 222
215 222 226
216 231 232
217 216 218
218 216 232
218 232 234
219 217 220
220 217 218
220 218 221
221 218 234
221 234 237
222 219 223
223 219 220
223 220 224
224 220 221
224 221 225
225 221 237
225 237 241
226 222 227
227 222 223
227 223 228
228 223 224
228 224 229
229 224 225
229 225 230
230 225 241
230 241 246
232 231 233
234 232 235
235 232 233
235 233 236
237 234 238
238 234 235
238 235 239
239 235 236
239 236 240
241 237 242
242 237 238
242 238 243
243 238 239
243 239 244
244 239 240
244 240 245
246 241 247
247 241 242
247 242 248
248 242 243
248 243 249
249 243 244
249 244 250
250 244 245
250 245 251
