3 2
144
0.109662 0.409534 -0.0870161 
0.320512 0.320523 -0.0573745 
0.408235 0.133505 -0.0875634 
0.105234 0.403462 -0.164448 
0.30092 0.30092 -0.163209 
0.403466 0.105236 -0.164443 
0.114409 0.360751 -0.200864 
0.266969 0.266961 -0.219155 
0.361629 0.0965409 -0.199999 
0.133505 -0.408235 -0.0875634 
0.106505 -0.402729 -0.164346 
0.102679 -0.361514 -0.198768 
0.320831 -0.32082 -0.0566778 
0.30092 -0.30092 -0.163209 
0.266882 -0.266891 -0.219538 
0.41138 -0.117761 -0.0829241 
0.40273 -0.106522 -0.164346 
0.360751 -0.114409 -0.200864 
-0.408235 -0.133505 -0.0875634 
-0.402729 -0.106505 -0.164346 
-0.361514 -0.102679 -0.198768 
-0.32082 -0.320831 -0.0566778 
-0.30092 -0.30092 -0.163209 
-0.266891 -0.266882 -0.219538 
-0.117761 -0.41138 -0.0829241 
-0.106522 -0.40273 -0.164346 
-0.114409 -0.360751 -0.200864 
-0.133505 0.408235 -0.0875634 
-0.10652 0.402725 -0.164351 
-0.102679 0.361514 -0.198768 
-0.320831 0.32082 -0.0566778 
-0.30092 0.30092 -0.163209 
-0.266882 0.266891 -0.219538 
-0.41138 0.117761 -0.0829241 
-0.40273 0.106522 -0.164346 
-0.360751 0.114409 -0.200864 
0.0730245 0.23329 -0.0875634 
0.0656189 0.254736 -0.164346 
0.11938 0.284178 -0.209077 
0.172513 0.17251 -0.0566778 
0.188709 0.188709 -0.163209 
0.226447 0.226441 -0.219538 
0.236435 0.0653083 -0.0829241 
0.25474 0.0656203 -0.164351 
0.287169 0.0734318 -0.200864 
0.0611313 -0.234589 -0.0870161 
0.172526 -0.172529 -0.0573745 
0.23329 -0.0730245 -0.0875634 
0.064799 -0.255152 -0.164448 
0.188709 -0.188709 -0.163209 
0.255152 -0.0648054 -0.164448 
0.0734318 -0.287169 -0.200864 
0.226072 -0.226078 -0.219155 
0.284178 -0.11938 -0.209077 
-0.234589 -0.0611313 -0.0870161 
-0.172529 -0.172526 -0.0573745 
-0.0730245 -0.23329 -0.0875634 
-0.255152 -0.064799 -0.164448 
-0.188709 -0.188709 -0.163209 
-0.0648054 -0.255152 -0.164448 
-0.287169 -0.0734318 -0.200864 
-0.226078 -0.226072 -0.219155 
-0.11938 -0.284178 -0.209077 
-0.0611313 0.234589 -0.0870161 
-0.172526 0.172529 -0.0573745 
-0.23329 0.0730245 -0.0875634 
-0.0648031 0.255147 -0.164443 
-0.188709 0.188709 -0.163209 
-0.255152 0.0648054 -0.164448 
-0.0734318 0.287169 -0.200864 
-0.226072 0.226078 -0.219155 
-0.284178 0.11938 -0.209077 
0.108421 0.408235 0.0751041 
0.106505 0.402729 0.164346 
0.102679 0.361514 0.198768 
0.320818 0.320832 0.0566858 
0.30092 0.30092 0.163209 
0.266882 0.266891 0.219538 
0.395916 0.170092 0.0569312 
0.402725 0.106503 0.164351 
0.360751 0.114409 0.200864 
0.170092 -0.395916 0.0569312 
0.320524 -0.320511 0.0573821 
0.408235 -0.108421 0.0751041 
0.105234 -0.403462 0.164448 
0.30092 -0.30092 0.163209 
0.403461 -0.105252 0.164448 
0.114409 -0.360751 0.200864 
0.266969 -0.266961 0.219155 
0.361629 -0.0965409 0.199999 
-0.395916 -0.170092 0.0569312 
-0.320511 -0.320524 0.0573821 
-0.108421 -0.408235 0.0751041 
-0.403462 -0.105234 0.164448 
-0.30092 -0.30092 0.163209 
-0.105252 -0.403461 0.164448 
-0.360751 -0.114409 0.200864 
-0.266961 -0.266969 0.219155 
-0.0965409 -0.361629 0.199999 
-0.170092 0.395916 0.0569312 
-0.320524 0.320511 0.0573821 
-0.408235 0.108421 0.0751041 
-0.105254 0.403467 0.164443 
-0.30092 0.30092 0.163209 
-0.403461 0.105252 0.164448 
-0.114409 0.360751 0.200864 
-0.266969 0.266961 0.219155 
-0.361629 0.0965409 0.199999 
0.0909562 0.220971 0.0569312 
0.17253 0.172526 0.0573821 
0.23329 0.0607306 0.0751041 
0.064799 0.255152 0.164448 
0.188709 0.188709 0.163209 
0.255148 0.0647976 0.164443 
0.0734318 0.287169 0.200864 
0.226072 0.226078 0.219155 
0.284178 0.11938 0.209077 
0.0607306 -0.23329 0.0751041 
0.0656189 -0.254736 0.164346 
0.11938 -0.284178 0.209077 
0.172509 -0.172513 0.0566858 
0.188709 -0.188709 0.163209 
0.226447 -0.226441 0.219538 
0.220971 -0.0909562 0.0569312 
0.254735 -0.0656241 0.164346 
0.287169 -0.0734318 0.200864 
-0.23329 -0.0607306 0.0751041 
-0.254736 -0.0656189 0.164346 
-0.284178 -0.11938 0.209077 
-0.172513 -0.172509 0.0566858 
-0.188709 -0.188709 0.163209 
-0.226441 -0.226447 0.219538 
-0.0909562 -0.220971 0.0569312 
-0.0656241 -0.254735 0.164346 
-0.0734318 -0.287169 0.200864 
-0.0607306 0.23329 0.0751041 
-0.0656263 0.25474 0.164351 
-0.11938 0.284178 0.209077 
-0.172509 0.172513 0.0566858 
-0.188709 0.188709 0.163209 
-0.226447 0.226441 0.219538 
-0.220971 0.0909562 0.0569312 
-0.254735 0.0656241 0.164346 
-0.287169 0.0734318 0.200864 
288
1 4 5
1 5 2
4 7 8
4 8 5
3 6 7
3 7 4
0 3 4
0 4 1
10 13 14
10 14 11
13 16 17
13 17 14
12 15 16
12 16 13
9 12 13
9 13 10
19 22 23
19 23 20
22 25 26
22 26 23
21 24 25
21 25 22
18 21 22
18 22 19
28 31 32
28 32 29
31 34 35
31 35 32
30 33 34
30 34 31
27 30 31
27 31 28
37 40 41
37 41 38
40 43 44
40 44 41
39 42 43
39 43 40
36 39 40
36 40 37
46 49 50
46 50 47
49 52 53
49 53 50
48 51 52
48 52 49
45 48 49
45 49 46
55 58 59
55 59 56
58 61 62
58 62 59
57 60 61
57 61 58
54 57 58
54 58 55
64 67 68
64 68 65
67 70 71
67 71 68
66 69 70
66 70 67
63 66 67
63 67 64
73 76 77
73 77 74
76 79 80
76 80 77
75 78 79
75 79 76
72 75 76
72 76 73
82 85 86
82 86 83
85 88 89
85 89 86
84 87 88
84 88 85
81 84 85
81 85 82
91 94 95
91 95 92
94 97 98
94 98 95
93 96 97
93 97 94
90 93 94
90 94 91
100 103 104
100 104 101
103 106 107
103 107 104
102 105 106
102 106 103
99 102 103
99 103 100
109 112 113
109 113 110
112 115 116
112 116 113
111 114 115
111 115 112
108 111 112
108 112 109
118 121 122
118 122 119
121 124 125
121 125 122
120 123 124
120 124 121
117 120 121
117 121 118
127 130 131
127 131 128
130 133 134
130 134 131
129 132 133
129 133 130
126 129 130
126 130 127
136 139 140
136 140 137
139 142 143
139 143 140
138 141 142
138 142 139
135 138 139
135 139 136
2 5 15
5 16 15
5 8 16
8 17 16
11 14 51
14 52 51
14 17 52
17 53 52
44 43 53
43 50 53
43 42 50
42 47 50
8 7 44
7 41 44
7 6 41
6 38 41
9 10 24
10 25 24
10 11 25
11 26 25
20 23 60
23 61 60
23 26 61
26 62 61
51 48 62
48 59 62
48 45 59
45 56 59
18 19 33
19 34 33
19 20 34
20 35 34
29 32 69
32 70 69
32 35 70
35 71 70
60 57 71
57 68 71
57 54 68
54 65 68
6 3 29
3 28 29
3 0 28
0 27 28
36 37 63
37 66 63
37 38 66
38 69 66
80 79 89
79 86 89
79 78 86
78 83 86
74 77 114
77 115 114
77 80 115
80 116 115
110 113 123
113 124 123
113 116 124
116 125 124
89 88 125
88 122 125
88 87 122
87 119 122
87 84 98
84 95 98
84 81 95
81 92 95
117 118 132
118 133 132
118 119 133
119 134 133
98 97 134
97 131 134
97 96 131
96 128 131
96 93 107
93 104 107
93 90 104
90 101 104
126 127 141
127 142 141
127 128 142
128 143 142
107 106 143
106 140 143
106 105 140
105 137 140
72 73 99
73 102 99
73 74 102
74 105 102
114 111 137
111 136 137
111 108 136
108 135 136
0 1 72
1 75 72
1 2 75
2 78 75
15 12 83
12 82 83
12 9 82
9 81 82
24 21 92
21 91 92
21 18 91
18 90 91
33 30 101
30 100 101
30 27 100
27 99 100
45 46 117
46 120 117
46 47 120
47 123 120
42 39 110
39 109 110
39 36 109
36 108 109
54 55 126
55 129 126
55 56 129
56 132 129
63 64 135
64 138 135
64 65 138
65 141 138
44 53 17
17 8 44
51 62 26
26 11 51
60 71 35
35 20 60
69 38 6
6 29 69
125 116 80
80 89 125
134 119 87
87 98 134
143 128 96
96 107 143
114 137 105
105 74 114
83 78 2
2 15 83
92 81 9
9 24 92
101 90 18
18 33 101
72 99 27
27 0 72
110 123 47
47 42 110
117 132 56
56 45 117
126 141 65
65 54 126
135 108 36
36 63 135
