0.923823 0.0409672089586
0.916908 0.0627132910974
0.926174 0.0607787599729
1.32302 0.523010231368
1.32807 0.522465742661
0.918122 0.0630294814654
0.516338 0.47811691561
0.509655 0.478703265135
0.923336 0.0665427237248
0.58251 0.397233037425
0.517116 0.479795298531
1.33336 0.523267954304
0.923975 0.0679932757607
0.927819 0.065825290528
0.923155 0.0465408771192
0.925206 0.0634320178489
0.114261 0.980291203184
1.32256 0.522960136253
1.32657 0.523581155203
1.30598 0.522549185395
0.912609 0.0956783055209
0.118183 0.977835382398
1.33263 0.524513271453
0.914012 0.0620102755865
0.113438 0.97953083649
0.115534 0.978977032207
1.72836 1.02310091734
1.32866 0.524875130988
0.915348 0.0607700565799
0.916372 0.0583179952396
0.927344 0.0627159560668
0.522732 0.479229269393
0.925648 0.0681625476555
0.113413 0.977835223781
0.926929 0.0520295659405
1.33693 0.522932108136
1.34731 0.523451986565
0.529637 0.479974111036
0.908385 0.070391851369
0.115155 0.977949832164
0.918322 0.0419816865953
1.73065 1.02257739029
0.523474 0.478965326933
0.923927 0.045603983679
0.928437 0.066929408615
0.924335 0.0538118879515
0.508662 0.480643448274
0.511474 0.480446714282
1.30476 0.522549341923
0.523921 0.478505817986
0.525551 0.478604561295
0.915551 0.126459556898
0.511432 0.479000072831
1.73523 1.02383483993
0.524415 0.477980820706
0.933329 0.0679731626787
1.33721 0.524062923578
1.73641 1.02262645772
0.515067 0.478474257233
0.519235 0.483003982055
0.929899 0.0589465073917
0.516601 0.477923356561
0.926863 0.0741137947668
1.33137 0.524627879301
0.521192 0.478314127913
0.11422 0.979164244074
0.911386 0.0634088724703
0.510405 0.488102371818
1.3094 0.523337267371
1.3268 0.523322511106
1.33571 0.524107458197
0.511017 0.486135997286
0.527445 0.47793669131
1.32588 0.523585132279
0.523757 0.477866402044
1.34205 0.524185024522
0.912864 0.0623533397754
0.933614 0.0800025698524
0.925239 0.0954666056979
1.31608 0.52258331704
0.924757 0.0539751792658
0.512562 0.47928876517
0.516453 0.478569149809
0.523857 0.478201558322
0.519475 0.478016000213
1.73496 1.02284165212
0.114223 0.979942462681
0.914564 0.0647760693206
1.32132 0.524096119113
0.920762 0.0511703947287
0.114826 0.97779866503
0.933165 0.0622423477861
0.912142 0.0615198473373
1.74223 1.02249155437
0.11441 0.978169276198
0.930117 0.0580667443726
1.33804 0.522925440243
0.513244 0.478672530889
0.92804 0.0751938651241
0.933799 0.0575781806913
10.0451 0.123027224606
9.61075 0.0725936286456
8.37997 0.081053814535
8.81292 0.0368583287557
7.19528 0.228177594577
8.43135 0.0787450016263
9.64034 0.0759694171852
9.63831 0.0750951233345
9.26129 0.0306720245099
7.2151 0.227806429428
9.01074 0.0198565703743
8.02061 0.1287669541
10.4319 0.172453866648
9.24808 0.03707712978
10.0625 0.122617398537
7.24539 0.227963923554
7.62029 0.178854795118
7.20289 0.227942481324
9.6378 0.0732882669097
9.59973 0.0738201667994
10.4607 0.176049148488
11.6443 0.322528078701
8.82844 0.0331392502774
10.8761 0.222491613411
7.60782 0.177936828488
10.0461 0.123090253581
8.41515 0.0784251476116
9.65713 0.0747505687869
7.71083 0.166718242126
10.4475 0.174008505518
9.25257 0.02900691386
9.27573 0.02878722014
9.23282 0.0267277932754
6.82748 0.278235867282
7.21737 0.228637424582
9.22604 0.0256178235851
8.46039 0.0827890311025
8.81795 0.0362460403972
8.44216 0.0784375296975
10.0383 0.126273720718
9.13568 0.023619773199
8.84137 0.0332636629942
9.63003 0.0736390507746
9.67641 0.0743769629909
7.62863 0.178028180794
9.24696 0.0244989746909
10.0502 0.122795770093
10.0522 0.123360550625
10.0533 0.123008207129
9.2798 0.0306999681544
8.83889 0.0402444720973
10.0469 0.123698995206
10.4411 0.172737198298
9.63551 0.0734813196817
9.24552 0.0272467601771
11.6463 0.323182390102
9.62116 0.0735609077772
9.98768 0.12404884316
10.6932 0.20505154802
10.4223 0.172475485023
9.1799 0.0305955119208
7.5972 0.18005223908
9.59479 0.0733922261717
10.8361 0.222503049741
8.82429 0.0295507203073
9.61423 0.0730360641657
9.22311 0.0328270258042
10.4926 0.181744140007
9.24445 0.0323296268577
10.0167 0.124052863155
9.63292 0.0728038660633
10.4049 0.176173780087
7.19249 0.227663373302
7.19113 0.22801381584
9.60245 0.0726023385503
9.6432 0.0727488942219
7.60981 0.17794729631
10.3843 0.172748924923
7.58526 0.178866042184
10.0196 0.123178738324
8.39822 0.0821170167747
9.26249 0.0344359371421
10.8481 0.222703269753
5.59444 0.427782593174
9.62174 0.0735224444159
9.60523 0.0722791225714
8.0611 0.129441858496
9.22403 0.0300548102123
10.0406 0.123039003509
8.01341 0.130132411544
9.22854 0.0336132348732
8.02794 0.128368565426
11.8343 0.345566283847
9.23291 0.0277815822108
8.85616 0.0342566044679
8.80556 0.0323560235605
9.6187 0.0725961146517
8.3891 0.0810816908849
8.85592 0.037477833159
9.25488 0.0324103253944
93.6256 0.0390319595393
90.4787 0.00697645588699
82.0059 0.103695565931
86.3032 0.0509432675066
92.1385 0.0217832354947
87.9762 0.0328061368421
92.8002 0.031692483689
91.1074 0.00849738070633
88.378 0.027531759616
79.6241 0.134255826465
93.6122 0.0380356506817
94.4192 0.0475653342417
89.5736 0.0133373348879
88.552 0.0237583855676
93.9426 0.0414872572533
91.2105 0.0110532956885
90.1875 0.00708399201923
86.6462 0.0478180641553
80.1529 0.127822912982
93.4478 0.0371285412185
89.1697 0.0190605359748
96.0846 0.0679107793085
90.2672 0.00664452248115
90.2253 0.00642106333824
88.4373 0.026614312927
89.5471 0.0138675689273
87.8422 0.0327306495731
87.5466 0.0380991276823
88.3721 0.0278637414765
88.6544 0.0228157658072
88.4471 0.0259364679756
89.5738 0.0124065045508
90.0537 0.0088915186734
89.7706 0.0104381143629
94.9014 0.0550905702136
86.2411 0.053031738782
89.5107 0.013678786976
89.3697 0.0138847116039
92.0086 0.0200661590215
87.1214 0.042929688304
91.8786 0.0183976622959
93.1746 0.0340611686291
86.249 0.0507592315737
88.8869 0.0190691675829
91.1385 0.0106744131125
90.4901 0.00553942201227
89.7012 0.0113252664929
84.6107 0.072844872317
99.3086 0.10737784724
88.0484 0.0327637653876
87.8351 0.0333853825048
90.3044 0.00584322083276
87.611 0.0372397510828
94.6632 0.0520325358164
92.8416 0.0297627147108
89.6698 0.0133983054726
92.2716 0.0225661106277
89.1124 0.0188579461036
89.3306 0.0167852172567
89.8786 0.00839764067987
87.0743 0.0436381433374
83.8932 0.0816601777401
83.791 0.0831267432645
90.754 0.00662215286093
89.4405 0.0139542546484
88.0789 0.0306310940472
90.4416 0.00620724754249
86.8903 0.0464607753231
86.3361 0.0527733124157
88.3483 0.0262972341727
93.4917 0.0379652489791
93.6284 0.0399309081287
87.6647 0.0368265152209
89.1011 0.018048137814
81.7433 0.106772481829
89.4474 0.0141625200106
90.3695 0.00535964782826
90.15 0.0115282689153
91.4301 0.0117112293407
92.0602 0.0177763348161
89.5024 0.0145993847057
88.7384 0.0230460517943
91.307 0.00982415202783
88.2812 0.0280275272847
90.6082 0.00564311628698
90.0979 0.00684142121722
91.0032 0.00789486516646
85.0344 0.0688516483204
83.3614 0.0881086596745
92.348 0.0233555144273
89.1868 0.0172279416073
87.1055 0.043733179301
82.8992 0.0946237176333
84.6898 0.0717031075424
91.7627 0.0156068196387
95.0878 0.0569160463647
80.3245 0.125732355731
93.6668 0.0387383587359
88.2764 0.0279883971132
89.6729 0.0125608848649
