1.73881 1.02287534602
1.77147 1.0228210192
0.111623 0.980451481115
0.113012 0.988073139652
1.72601 1.02272787038
0.112002 0.979107930886
0.115785 0.977873842549
1.74655 1.0228832223
1.75181 1.02495794351
0.11679 0.979559168039
0.113203 0.979883208714
1.75241 1.02327455965
0.108531 0.992666588212
1.74594 1.023975886
1.77944 1.02318540797
1.70884 1.02312471368
0.114411 0.979032542976
1.75925 1.02453249367
1.75559 1.02239937104
1.73971 1.02349242075
1.74418 1.02267713418
0.11374 0.979282866352
1.73269 1.02510163327
0.112678 0.98358823434
0.113787 0.978622416954
0.114278 0.97792435509
1.73923 1.02281577994
0.112199 0.980267261962
0.116078 0.979290285543
0.112372 0.981739019092
1.71728 1.02383852452
0.11358 0.978746976609
0.114668 0.978288666194
1.77521 1.02642197443
0.11526 0.978451078212
1.73044 1.02370362101
1.76769 1.02886182335
0.115674 0.980284167291
0.117403 0.980658281366
0.362772 0.664914169474
0.110158 0.983262018714
0.113247 0.981563626364
0.113306 0.978721141009
1.74677 1.02549126223
1.7971 1.02360294666
1.72684 1.02550382474
0.112608 0.982077815645
1.75773 1.02302771546
1.78683 1.02433336611
0.110233 0.980003013492
0.112144 0.997219309893
1.73666 1.02264889143
0.114806 0.982881949582
1.75177 1.02337693729
1.76754 1.02440431807
0.119379 0.978546546168
0.110821 0.980278949223
1.74083 1.02276592355
0.114581 0.982723878351
1.77089 1.0258886099
1.77359 1.02369395117
0.116512 0.979666711046
0.11563 0.978661586366
1.76685 1.02233450687
0.116441 0.980257600539
0.114985 0.986065282833
0.115811 0.978796890689
0.112085 0.98428673669
1.78361 1.02313099487
1.76764 1.02603664987
1.71698 1.02357629642
0.112968 0.989578504844
0.11391 0.980026278922
1.78732 1.02826738155
1.73165 1.02262568193
1.74679 1.02251471859
0.111205 0.993593711144
1.72471 1.02371579492
1.75835 1.02288170211
1.69982 1.02255861624
1.72003 1.02246104331
0.115699 0.978418276702
1.75225 1.02659068827
0.116125 0.978268041235
0.120418 0.977902578494
0.114157 0.9795367789
0.111472 0.987010515525
0.114466 0.980593552752
1.76263 1.02459230029
1.79308 1.02443731623
1.72117 1.02324703349
0.116199 0.978586805083
0.109428 0.983255024007
1.75801 1.02325735175
1.71759 1.02273978673
0.114755 0.978467512722
0.110854 0.980438213432
0.111678 0.980900592081
0.112535 0.983950224117
0.111554 0.980821330993
9.33122 0.0431168843371
10.9147 0.225045604664
7.74455 0.180321862449
6.0707 0.378769425855
12.7674 0.423133675391
4.35924 0.577907135993
12.6122 0.422964135861
7.7268 0.178688690083
6.02952 0.379297101057
9.23845 0.0509412089512
7.64474 0.178694776488
9.36289 0.043548380781
12.6895 0.422575951767
7.70172 0.179693630011
7.73685 0.177972277298
9.33365 0.0424173764855
5.96879 0.383435845962
10.8947 0.223170620611
9.3621 0.047762937495
7.72744 0.17893844862
11.0235 0.224314439309
10.9597 0.2245145334
6.01718 0.378116740265
6.07189 0.377844676832
9.30934 0.0364464766132
10.9428 0.222717605554
7.69274 0.179437946093
7.73285 0.17965703684
9.38445 0.0392405715625
9.34957 0.0347256554722
7.69073 0.178341353656
6.01672 0.379552810633
14.2736 0.622398708157
12.6741 0.422930798955
7.70418 0.18048580717
9.31216 0.0366693880432
12.5058 0.422688005866
9.34685 0.0433849215831
9.30182 0.0413569017345
7.63885 0.182810676815
9.25487 0.0512012601013
7.64781 0.179604488692
6.04043 0.377924020691
9.28401 0.0371222563922
10.9738 0.222903796593
9.29005 0.0523657580675
7.727 0.182131179822
6.01893 0.379870500584
9.27782 0.0420739834658
6.05459 0.37771844135
9.41006 0.0902294918234
7.70942 0.179048486208
9.36965 0.0478401136234
7.5767 0.18174274677
12.7277 0.423531836056
9.31909 0.048379155172
9.2597 0.0495752980547
7.66891 0.177816391437
7.66023 0.180587123914
10.9358 0.225625967963
7.71629 0.17829400775
12.6079 0.424006984167
7.70154 0.177936166555
7.69169 0.17821710034
11.0052 0.22289022034
11.0022 0.229485079016
7.71564 0.181173360146
4.4612 0.57786569867
9.27498 0.0439585915277
7.6721 0.178708885779
8.28311 0.108877022757
10.9351 0.222807996613
6.04581 0.378593674269
10.9965 0.223379202085
9.34259 0.0490487557748
4.39733 0.577849701919
7.67192 0.182422056824
10.9783 0.223999351917
12.693 0.422438472212
12.6138 0.422526977376
7.67531 0.178589957711
9.19612 0.0521132231126
9.31386 0.0481559823344
12.6808 0.423114867875
4.43757 0.578442470942
10.9331 0.223117980705
14.3502 0.622449848116
9.25999 0.0444914400478
10.9819 0.223822384068
6.08041 0.37919323494
4.42786 0.578266368348
6.07302 0.378914242865
9.35884 0.0502242647147
9.36884 0.0427985640761
9.33843 0.0372419126412
6.05867 0.378236360069
7.68654 0.182208154137
7.69579 0.181688948835
7.6874 0.178881852918
7.67189 0.181669022187
91.3806 0.0127731124879
101.698 0.123865938301
98.1498 0.0830424325271
96.433 0.0637037103165
90.3335 0.0202242638717
95.0028 0.0430352150553
73.5993 0.218289603291
91.5999 0.0166977711692
90.057 0.0199967695899
89.5812 0.0299293781788
91.6442 0.0115011937227
96.5392 0.0624276749482
99.9439 0.102579307264
101.469 0.12250436959
93.3947 0.0239986978017
99.9718 0.102819312044
112.246 0.255164648787
84.8677 0.0793476552356
101.58 0.122469925539
95.213 0.0479599500478
101.561 0.122960087817
96.536 0.0645560406213
81.5968 0.118577441998
96.4075 0.0626393028726
86.465 0.0585246087749
91.4185 0.0158384795591
84.9458 0.0782137513372
95.4204 0.0436096558167
86.8025 0.0621653136845
97.3997 0.0717533962829
93.4491 0.0241793300245
91.4238 0.0110051240162
90.1982 0.0218239687643
88.6377 0.0357096008402
100.059 0.102831172348
103.135 0.142456812162
86.5885 0.0598399151672
101.679 0.122758073952
93.4201 0.0243057717687
93.3582 0.0272289448072
77.8953 0.16668665861
83.334 0.0992501695279
79.9329 0.141142274451
76.7989 0.177924515591
91.6857 0.0123562995081
76.7438 0.17822017142
95.1791 0.0430606760545
89.1908 0.0318722273732
88.2372 0.0398192931824
99.8011 0.103094007703
101.121 0.118080580005
89.9779 0.0195474327129
81.8158 0.118740551265
103.486 0.143228854392
88.3858 0.0387191854361
80.1043 0.138003574617
83.6181 0.0978110634812
98.9097 0.094062184511
105.168 0.167562227061
84.9711 0.0779332281273
87.0169 0.0596321610556
81.8372 0.118062002449
84.8715 0.080855951711
91.648 0.00915385776446
109.664 0.222796537374
76.4945 0.184083128912
89.4667 0.0276384569333
106.942 0.190628760435
84.1992 0.0924144163092
89.9429 0.0228325471404
80.1172 0.137973846428
85.0466 0.0778557170096
66.4725 0.30386630064
106.315 0.182626175297
103.158 0.142443891854
81.879 0.117997627007
86.862 0.0559171565927
101.768 0.122631288732
94.9985 0.0445311916108
99.8004 0.102533805481
85.0194 0.0786462509341
91.8125 0.016546449586
94.9025 0.0425212469692
88.3406 0.0385561070719
86.5773 0.0586659195152
94.9362 0.0441916309728
83.3168 0.0979559275756
81.9157 0.118076600273
97.8825 0.0828986061291
91.8042 0.01298069149
88.3706 0.0390684877326
89.7166 0.0259399095512
110.232 0.222881584953
95.6248 0.054190812354
86.5721 0.059881780252
95.0724 0.0433186425584
91.2866 0.0115157289004
86.7153 0.0585647428145
88.425 0.0387283819788
86.6296 0.0606986601994
